    0.0000000000D+00    0.1000000000D+01    0.1000000000D+01
    0.1000000000D+01    0.9969249611D+00    0.1000000000D+01
    0.2000000000D+01    0.9881780085D+00    0.1000000000D+01
    0.3000000000D+01    0.9751953685D+00    0.1000000000D+01
    0.4000000000D+01    0.9596207699D+00    0.1000000000D+01
    0.5000000000D+01    0.9429625986D+00    0.1000000000D+01
    0.6000000000D+01    0.9264584832D+00    0.1000000000D+01
    0.7000000000D+01    0.9110107508D+00    0.1000000000D+01
    0.8000000000D+01    0.8971822738D+00    0.1000000000D+01
    0.9000000000D+01    0.8852511306D+00    0.1000000000D+01
    0.1000000000D+02    0.8752767052D+00    0.1000000000D+01
    0.1100000000D+02    0.8671725976D+00    0.1000000000D+01
    0.1200000000D+02    0.8607653525D+00    0.1000000000D+01
    0.1300000000D+02    0.8558348308D+00    0.1000000000D+01
    0.1400000000D+02    0.8521542283D+00    0.1000000000D+01
    0.1500000000D+02    0.8494975142D+00    0.1000000000D+01
    0.1600000000D+02    0.8476653790D+00    0.1000000000D+01
    0.1700000000D+02    0.8464786118D+00    0.1000000000D+01
    0.1800000000D+02    0.8457865857D+00    0.1000000000D+01
    0.1900000000D+02    0.8454686253D+00    0.1000000000D+01
    0.2000000000D+02    0.8454197190D+00    0.1000000000D+01
    0.2100000000D+02    0.8455669901D+00    0.1000000000D+01
    0.2200000000D+02    0.8458448189D+00    0.1000000000D+01
    0.2300000000D+02    0.8462087420D+00    0.1000000000D+01
    0.2400000000D+02    0.8466269504D+00    0.1000000000D+01
    0.2500000000D+02    0.8470689696D+00    0.1000000000D+01
    0.2600000000D+02    0.8475247463D+00    0.1000000000D+01
    0.2700000000D+02    0.8479762210D+00    0.1000000000D+01
    0.2800000000D+02    0.8484174535D+00    0.1000000000D+01
    0.2900000000D+02    0.8488457218D+00    0.1000000000D+01
    0.3000000000D+02    0.8492522756D+00    0.1000000000D+01
    0.3100000000D+02    0.8496427629D+00    0.1000000000D+01
    0.3200000000D+02    0.8500127606D+00    0.1000000000D+01
    0.3300000000D+02    0.8503631820D+00    0.1000000000D+01
    0.3400000000D+02    0.8506981193D+00    0.1000000000D+01
    0.3500000000D+02    0.8510146114D+00    0.1000000000D+01
    0.3600000000D+02    0.8513157257D+00    0.1000000000D+01
    0.3700000000D+02    0.8516031907D+00    0.1000000000D+01
    0.3800000000D+02    0.8518745899D+00    0.1000000000D+01
    0.3900000000D+02    0.8521314678D+00    0.1000000000D+01
    0.4000000000D+02    0.8523766159D+00    0.1000000000D+01
    0.4100000000D+02    0.8526041845D+00    0.1000000000D+01
    0.4200000000D+02    0.8528203163D+00    0.1000000000D+01
    0.4300000000D+02    0.8530249652D+00    0.1000000000D+01
    0.4400000000D+02    0.8532130791D+00    0.1000000000D+01
    0.4500000000D+02    0.8533964795D+00    0.1000000000D+01
    0.4600000000D+02    0.8535672464D+00    0.1000000000D+01
    0.4700000000D+02    0.8537276241D+00    0.1000000000D+01
    0.4800000000D+02    0.8538850058D+00    0.1000000000D+01
    0.4900000000D+02    0.8540284343D+00    0.1000000000D+01
    0.5000000000D+02    0.8541656871D+00    0.1000000000D+01
    0.5100000000D+02    0.8542969390D+00    0.1000000000D+01
    0.5200000000D+02    0.8544173459D+00    0.1000000000D+01
    0.5300000000D+02    0.8545337935D+00    0.1000000000D+01
    0.5400000000D+02    0.8546462121D+00    0.1000000000D+01
    0.5500000000D+02    0.8547518242D+00    0.1000000000D+01
    0.5600000000D+02    0.8548540203D+00    0.1000000000D+01
    0.5700000000D+02    0.8549546848D+00    0.1000000000D+01
    0.5800000000D+02    0.8550470437D+00    0.1000000000D+01
    0.5900000000D+02    0.8551365318D+00    0.1000000000D+01
    0.6000000000D+02    0.8552241850D+00    0.1000000000D+01
    0.6100000000D+02    0.8553032802D+00    0.1000000000D+01
    0.6200000000D+02    0.8553806847D+00    0.1000000000D+01
    0.6300000000D+02    0.8554552701D+00    0.1000000000D+01
    0.6400000000D+02    0.8555229066D+00    0.1000000000D+01
    0.6500000000D+02    0.8555881933D+00    0.1000000000D+01
    0.6600000000D+02    0.8556542731D+00    0.1000000000D+01
    0.6700000000D+02    0.8557138300D+00    0.1000000000D+01
    0.6800000000D+02    0.8557706298D+00    0.1000000000D+01
    0.6900000000D+02    0.8558307153D+00    0.1000000000D+01
    0.7000000000D+02    0.8558800197D+00    0.1000000000D+01
    0.7100000000D+02    0.8559293361D+00    0.1000000000D+01
    0.7200000000D+02    0.8559818733D+00    0.1000000000D+01
    0.7300000000D+02    0.8560233538D+00    0.1000000000D+01
    0.7400000000D+02    0.8560670857D+00    0.1000000000D+01
    0.7500000000D+02    0.8561108331D+00    0.1000000000D+01
    0.7600000000D+02    0.8561465400D+00    0.1000000000D+01
    0.7700000000D+02    0.8561820992D+00    0.1000000000D+01
    0.7800000000D+02    0.8562172119D+00    0.1000000000D+01
    0.7900000000D+02    0.8562469964D+00    0.1000000000D+01
    0.8000000000D+02    0.8562737161D+00    0.1000000000D+01
    0.8100000000D+02    0.8563026723D+00    0.1000000000D+01
    0.8200000000D+02    0.8563288115D+00    0.1000000000D+01
    0.8300000000D+02    0.8563529655D+00    0.1000000000D+01
    0.8400000000D+02    0.8563818971D+00    0.1000000000D+01
    0.8500000000D+02    0.8564132521D+00    0.1000000000D+01
    0.8600000000D+02    0.8564417056D+00    0.1000000000D+01
    0.8700000000D+02    0.8564729792D+00    0.1000000000D+01
    0.8800000000D+02    0.8565087977D+00    0.1000000000D+01
    0.8900000000D+02    0.8565348902D+00    0.1000000000D+01
    0.9000000000D+02    0.8565627848D+00    0.1000000000D+01
    0.9100000000D+02    0.8565948794D+00    0.1000000000D+01
    0.9200000000D+02    0.8566138428D+00    0.1000000000D+01
    0.9300000000D+02    0.8566336651D+00    0.1000000000D+01
    0.9400000000D+02    0.8566552786D+00    0.1000000000D+01
    0.9500000000D+02    0.8566678723D+00    0.1000000000D+01
    0.9600000000D+02    0.8566798420D+00    0.1000000000D+01
    0.9700000000D+02    0.8566972258D+00    0.1000000000D+01
    0.9800000000D+02    0.8567132824D+00    0.1000000000D+01
    0.9900000000D+02    0.8567253629D+00    0.1000000000D+01
    0.1000000000D+03    0.8567449932D+00    0.1000000000D+01
    0.1010000000D+03    0.8567651424D+00    0.1000000000D+01
    0.1020000000D+03    0.8567793295D+00    0.1000000000D+01
    0.1030000000D+03    0.8567982726D+00    0.1000000000D+01
    0.1040000000D+03    0.8568195552D+00    0.1000000000D+01
    0.1050000000D+03    0.8568369950D+00    0.1000000000D+01
    0.1060000000D+03    0.8568538894D+00    0.1000000000D+01
    0.1070000000D+03    0.8568756809D+00    0.1000000000D+01
    0.1080000000D+03    0.8568950728D+00    0.1000000000D+01
    0.1090000000D+03    0.8569095972D+00    0.1000000000D+01
    0.1100000000D+03    0.8569281989D+00    0.1000000000D+01
    0.1110000000D+03    0.8569484664D+00    0.1000000000D+01
    0.1120000000D+03    0.8569619659D+00    0.1000000000D+01
    0.1130000000D+03    0.8569725999D+00    0.1000000000D+01
    0.1140000000D+03    0.8569905319D+00    0.1000000000D+01
    0.1150000000D+03    0.8569992071D+00    0.1000000000D+01
    0.1160000000D+03    0.8570007762D+00    0.1000000000D+01
    0.1170000000D+03    0.8570169847D+00    0.1000000000D+01
    0.1180000000D+03    0.8570268385D+00    0.1000000000D+01
    0.1190000000D+03    0.8570306288D+00    0.1000000000D+01
    0.1200000000D+03    0.8570466263D+00    0.1000000000D+01
    0.1210000000D+03    0.8570609930D+00    0.1000000000D+01
    0.1220000000D+03    0.8570696154D+00    0.1000000000D+01
    0.1230000000D+03    0.8570818004D+00    0.1000000000D+01
    0.1240000000D+03    0.8570983614D+00    0.1000000000D+01
    0.1250000000D+03    0.8571122446D+00    0.1000000000D+01
    0.1260000000D+03    0.8571243504D+00    0.1000000000D+01
    0.1270000000D+03    0.8571410483D+00    0.1000000000D+01
    0.1280000000D+03    0.8571590893D+00    0.1000000000D+01
    0.1290000000D+03    0.8571695185D+00    0.1000000000D+01
    0.1300000000D+03    0.8571763505D+00    0.1000000000D+01
    0.1310000000D+03    0.8571902263D+00    0.1000000000D+01
    0.1320000000D+03    0.8571978041D+00    0.1000000000D+01
    0.1330000000D+03    0.8571981129D+00    0.1000000000D+01
    0.1340000000D+03    0.8572074335D+00    0.1000000000D+01
    0.1350000000D+03    0.8572190399D+00    0.1000000000D+01
    0.1360000000D+03    0.8572228920D+00    0.1000000000D+01
    0.1370000000D+03    0.8572271974D+00    0.1000000000D+01
    0.1380000000D+03    0.8572431890D+00    0.1000000000D+01
    0.1390000000D+03    0.8572534461D+00    0.1000000000D+01
    0.1400000000D+03    0.8572554235D+00    0.1000000000D+01
    0.1410000000D+03    0.8572715567D+00    0.1000000000D+01
    0.1420000000D+03    0.8572874659D+00    0.1000000000D+01
    0.1430000000D+03    0.8572929719D+00    0.1000000000D+01
    0.1440000000D+03    0.8573033471D+00    0.1000000000D+01
    0.1450000000D+03    0.8573207500D+00    0.1000000000D+01
    0.1460000000D+03    0.8573318419D+00    0.1000000000D+01
    0.1470000000D+03    0.8573359977D+00    0.1000000000D+01
    0.1480000000D+03    0.8573488274D+00    0.1000000000D+01
    0.1490000000D+03    0.8573617161D+00    0.1000000000D+01
    0.1500000000D+03    0.8573647937D+00    0.1000000000D+01
    0.1510000000D+03    0.8573690400D+00    0.1000000000D+01
    0.1520000000D+03    0.8573778825D+00    0.1000000000D+01
    0.1530000000D+03    0.8573834133D+00    0.1000000000D+01
    0.1540000000D+03    0.8573827557D+00    0.1000000000D+01
    0.1550000000D+03    0.8573852821D+00    0.1000000000D+01
    0.1560000000D+03    0.8573957505D+00    0.1000000000D+01
    0.1570000000D+03    0.8574064019D+00    0.1000000000D+01
    0.1580000000D+03    0.8574096059D+00    0.1000000000D+01
    0.1590000000D+03    0.8574228736D+00    0.1000000000D+01
    0.1600000000D+03    0.8574457305D+00    0.1000000000D+01
    0.1610000000D+03    0.8574473919D+00    0.1000000000D+01
    0.1620000000D+03    0.8574500192D+00    0.1000000000D+01
    0.1630000000D+03    0.8574677606D+00    0.1000000000D+01
    0.1640000000D+03    0.8574710011D+00    0.1000000000D+01
    0.1650000000D+03    0.8574667224D+00    0.1000000000D+01
    0.1660000000D+03    0.8574724298D+00    0.1000000000D+01
    0.1670000000D+03    0.8574804753D+00    0.1000000000D+01
    0.1680000000D+03    0.8574789400D+00    0.1000000000D+01
    0.1690000000D+03    0.8574760283D+00    0.1000000000D+01
    0.1700000000D+03    0.8574833963D+00    0.1000000000D+01
    0.1710000000D+03    0.8574917635D+00    0.1000000000D+01
    0.1720000000D+03    0.8574935876D+00    0.1000000000D+01
    0.1730000000D+03    0.8574977372D+00    0.1000000000D+01
    0.1740000000D+03    0.8575133124D+00    0.1000000000D+01
    0.1750000000D+03    0.8575262327D+00    0.1000000000D+01
    0.1760000000D+03    0.8575293002D+00    0.1000000000D+01
    0.1770000000D+03    0.8575373307D+00    0.1000000000D+01
    0.1780000000D+03    0.8575516286D+00    0.1000000000D+01
    0.1790000000D+03    0.8575588937D+00    0.1000000000D+01
    0.1800000000D+03    0.8575564432D+00    0.1000000000D+01
    0.1810000000D+03    0.8575628624D+00    0.1000000000D+01
    0.1820000000D+03    0.8575753938D+00    0.1000000000D+01
    0.1830000000D+03    0.8575756135D+00    0.1000000000D+01
    0.1840000000D+03    0.8575723771D+00    0.1000000000D+01
    0.1850000000D+03    0.8575805632D+00    0.1000000000D+01
    0.1860000000D+03    0.8575933957D+00    0.1000000000D+01
    0.1870000000D+03    0.8575903829D+00    0.1000000000D+01
    0.1880000000D+03    0.8575896902D+00    0.1000000000D+01
    0.1890000000D+03    0.8576073718D+00    0.1000000000D+01
    0.1900000000D+03    0.8576121549D+00    0.1000000000D+01
    0.1910000000D+03    0.8576073074D+00    0.1000000000D+01
    0.1920000000D+03    0.8576151611D+00    0.1000000000D+01
    0.1930000000D+03    0.8576258616D+00    0.1000000000D+01
    0.1940000000D+03    0.8576285648D+00    0.1000000000D+01
    0.1950000000D+03    0.8576300358D+00    0.1000000000D+01
    0.1960000000D+03    0.8576396938D+00    0.1000000000D+01
    0.1970000000D+03    0.8576517812D+00    0.1000000000D+01
    0.1980000000D+03    0.8576577347D+00    0.1000000000D+01
    0.1990000000D+03    0.8576588418D+00    0.1000000000D+01
    0.2000000000D+03    0.8576652931D+00    0.1000000000D+01
    0.2010000000D+03    0.8576746983D+00    0.1000000000D+01
    0.2020000000D+03    0.8576749969D+00    0.1000000000D+01
    0.2030000000D+03    0.8576698913D+00    0.1000000000D+01
    0.2040000000D+03    0.8576733547D+00    0.1000000000D+01
    0.2050000000D+03    0.8576866743D+00    0.1000000000D+01
    0.2060000000D+03    0.8576855322D+00    0.1000000000D+01
    0.2070000000D+03    0.8576805025D+00    0.1000000000D+01
    0.2080000000D+03    0.8576980690D+00    0.1000000000D+01
    0.2090000000D+03    0.8577093284D+00    0.1000000000D+01
    0.2100000000D+03    0.8577048728D+00    0.1000000000D+01
    0.2110000000D+03    0.8577089041D+00    0.1000000000D+01
    0.2120000000D+03    0.8577220754D+00    0.1000000000D+01
    0.2130000000D+03    0.8577291194D+00    0.1000000000D+01
    0.2140000000D+03    0.8577271415D+00    0.1000000000D+01
    0.2150000000D+03    0.8577315692D+00    0.1000000000D+01
    0.2160000000D+03    0.8577435279D+00    0.1000000000D+01
    0.2170000000D+03    0.8577501440D+00    0.1000000000D+01
    0.2180000000D+03    0.8577470674D+00    0.1000000000D+01
    0.2190000000D+03    0.8577482375D+00    0.1000000000D+01
    0.2200000000D+03    0.8577595667D+00    0.1000000000D+01
    0.2210000000D+03    0.8577628795D+00    0.1000000000D+01
    0.2220000000D+03    0.8577589586D+00    0.1000000000D+01
    0.2230000000D+03    0.8577623636D+00    0.1000000000D+01
    0.2240000000D+03    0.8577728041D+00    0.1000000000D+01
    0.2250000000D+03    0.8577799691D+00    0.1000000000D+01
    0.2260000000D+03    0.8577805262D+00    0.1000000000D+01
    0.2270000000D+03    0.8577832509D+00    0.1000000000D+01
    0.2280000000D+03    0.8577950574D+00    0.1000000000D+01
    0.2290000000D+03    0.8578056308D+00    0.1000000000D+01
    0.2300000000D+03    0.8577968552D+00    0.1000000000D+01
    0.2310000000D+03    0.8577953569D+00    0.1000000000D+01
    0.2320000000D+03    0.8578147689D+00    0.1000000000D+01
    0.2330000000D+03    0.8578147230D+00    0.1000000000D+01
    0.2340000000D+03    0.8578036392D+00    0.1000000000D+01
    0.2350000000D+03    0.8578110087D+00    0.1000000000D+01
    0.2360000000D+03    0.8578229562D+00    0.1000000000D+01
    0.2370000000D+03    0.8578205878D+00    0.1000000000D+01
    0.2380000000D+03    0.8578120704D+00    0.1000000000D+01
    0.2390000000D+03    0.8578175460D+00    0.1000000000D+01
    0.2400000000D+03    0.8578270224D+00    0.1000000000D+01
    0.2410000000D+03    0.8578254831D+00    0.1000000000D+01
    0.2420000000D+03    0.8578216386D+00    0.1000000000D+01
    0.2430000000D+03    0.8578262663D+00    0.1000000000D+01
    0.2440000000D+03    0.8578358451D+00    0.1000000000D+01
    0.2450000000D+03    0.8578411301D+00    0.1000000000D+01
    0.2460000000D+03    0.8578396837D+00    0.1000000000D+01
    0.2470000000D+03    0.8578409668D+00    0.1000000000D+01
    0.2480000000D+03    0.8578562522D+00    0.1000000000D+01
    0.2490000000D+03    0.8578645543D+00    0.1000000000D+01
    0.2500000000D+03    0.8578556522D+00    0.1000000000D+01
    0.2510000000D+03    0.8578569403D+00    0.1000000000D+01
    0.2520000000D+03    0.8578700583D+00    0.1000000000D+01
    0.2530000000D+03    0.8578742084D+00    0.1000000000D+01
    0.2540000000D+03    0.8578643513D+00    0.1000000000D+01
    0.2550000000D+03    0.8578639511D+00    0.1000000000D+01
    0.2560000000D+03    0.8578792219D+00    0.1000000000D+01
    0.2570000000D+03    0.8578815044D+00    0.1000000000D+01
    0.2580000000D+03    0.8578730167D+00    0.1000000000D+01
    0.2590000000D+03    0.8578760908D+00    0.1000000000D+01
    0.2600000000D+03    0.8578918376D+00    0.1000000000D+01
    0.2610000000D+03    0.8578981354D+00    0.1000000000D+01
    0.2620000000D+03    0.8578899281D+00    0.1000000000D+01
    0.2630000000D+03    0.8578918927D+00    0.1000000000D+01
    0.2640000000D+03    0.8579032796D+00    0.1000000000D+01
    0.2650000000D+03    0.8579058504D+00    0.1000000000D+01
    0.2660000000D+03    0.8578987551D+00    0.1000000000D+01
    0.2670000000D+03    0.8578964179D+00    0.1000000000D+01
    0.2680000000D+03    0.8579032810D+00    0.1000000000D+01
    0.2690000000D+03    0.8579063103D+00    0.1000000000D+01
    0.2700000000D+03    0.8579026470D+00    0.1000000000D+01
    0.2710000000D+03    0.8579009532D+00    0.1000000000D+01
    0.2720000000D+03    0.8579083687D+00    0.1000000000D+01
    0.2730000000D+03    0.8579191503D+00    0.1000000000D+01
    0.2740000000D+03    0.8579245272D+00    0.1000000000D+01
    0.2750000000D+03    0.8579219951D+00    0.1000000000D+01
    0.2760000000D+03    0.8579273037D+00    0.1000000000D+01
    0.2770000000D+03    0.8579484717D+00    0.1000000000D+01
    0.2780000000D+03    0.8579474931D+00    0.1000000000D+01
    0.2790000000D+03    0.8579329387D+00    0.1000000000D+01
    0.2800000000D+03    0.8579451445D+00    0.1000000000D+01
    0.2810000000D+03    0.8579563207D+00    0.1000000000D+01
    0.2820000000D+03    0.8579463227D+00    0.1000000000D+01
    0.2830000000D+03    0.8579389401D+00    0.1000000000D+01
    0.2840000000D+03    0.8579449856D+00    0.1000000000D+01
    0.2850000000D+03    0.8579515852D+00    0.1000000000D+01
    0.2860000000D+03    0.8579505314D+00    0.1000000000D+01
    0.2870000000D+03    0.8579479979D+00    0.1000000000D+01
    0.2880000000D+03    0.8579517530D+00    0.1000000000D+01
    0.2890000000D+03    0.8579626192D+00    0.1000000000D+01
    0.2900000000D+03    0.8579666832D+00    0.1000000000D+01
    0.2910000000D+03    0.8579634818D+00    0.1000000000D+01
    0.2920000000D+03    0.8579652311D+00    0.1000000000D+01
    0.2930000000D+03    0.8579738690D+00    0.1000000000D+01
    0.2940000000D+03    0.8579833889D+00    0.1000000000D+01
    0.2950000000D+03    0.8579854987D+00    0.1000000000D+01
    0.2960000000D+03    0.8579853261D+00    0.1000000000D+01
    0.2970000000D+03    0.8579887155D+00    0.1000000000D+01
    0.2980000000D+03    0.8579976434D+00    0.1000000000D+01
    0.2990000000D+03    0.8580002613D+00    0.1000000000D+01
    0.3000000000D+03    0.8579898632D+00    0.1000000000D+01
    0.3010000000D+03    0.8579896945D+00    0.1000000000D+01
    0.3020000000D+03    0.8580009945D+00    0.1000000000D+01
    0.3030000000D+03    0.8580054836D+00    0.1000000000D+01
    0.3040000000D+03    0.8579997584D+00    0.1000000000D+01
    0.3050000000D+03    0.8580000212D+00    0.1000000000D+01
    0.3060000000D+03    0.8580160669D+00    0.1000000000D+01
    0.3070000000D+03    0.8580223371D+00    0.1000000000D+01
    0.3080000000D+03    0.8580158477D+00    0.1000000000D+01
    0.3090000000D+03    0.8580179667D+00    0.1000000000D+01
    0.3100000000D+03    0.8580268262D+00    0.1000000000D+01
    0.3110000000D+03    0.8580315962D+00    0.1000000000D+01
    0.3120000000D+03    0.8580287052D+00    0.1000000000D+01
    0.3130000000D+03    0.8580241613D+00    0.1000000000D+01
    0.3140000000D+03    0.8580212345D+00    0.1000000000D+01
    0.3150000000D+03    0.8580204518D+00    0.1000000000D+01
    0.3160000000D+03    0.8580213959D+00    0.1000000000D+01
    0.3170000000D+03    0.8580192017D+00    0.1000000000D+01
    0.3180000000D+03    0.8580105335D+00    0.1000000000D+01
    0.3190000000D+03    0.8580132237D+00    0.1000000000D+01
    0.3200000000D+03    0.8580328686D+00    0.1000000000D+01
    0.3210000000D+03    0.8580317937D+00    0.1000000000D+01
    0.3220000000D+03    0.8580196675D+00    0.1000000000D+01
    0.3230000000D+03    0.8580352000D+00    0.1000000000D+01
    0.3240000000D+03    0.8580551367D+00    0.1000000000D+01
    0.3250000000D+03    0.8580545102D+00    0.1000000000D+01
    0.3260000000D+03    0.8580447259D+00    0.1000000000D+01
    0.3270000000D+03    0.8580485949D+00    0.1000000000D+01
    0.3280000000D+03    0.8580631522D+00    0.1000000000D+01
    0.3290000000D+03    0.8580631305D+00    0.1000000000D+01
    0.3300000000D+03    0.8580504478D+00    0.1000000000D+01
    0.3310000000D+03    0.8580442336D+00    0.1000000000D+01
    0.3320000000D+03    0.8580517142D+00    0.1000000000D+01
    0.3330000000D+03    0.8580588143D+00    0.1000000000D+01
    0.3340000000D+03    0.8580530896D+00    0.1000000000D+01
    0.3350000000D+03    0.8580438830D+00    0.1000000000D+01
    0.3360000000D+03    0.8580490228D+00    0.1000000000D+01
    0.3370000000D+03    0.8580666947D+00    0.1000000000D+01
    0.3380000000D+03    0.8580706653D+00    0.1000000000D+01
    0.3390000000D+03    0.8580613039D+00    0.1000000000D+01
    0.3400000000D+03    0.8580618323D+00    0.1000000000D+01
    0.3410000000D+03    0.8580740054D+00    0.1000000000D+01
    0.3420000000D+03    0.8580823284D+00    0.1000000000D+01
    0.3430000000D+03    0.8580763976D+00    0.1000000000D+01
    0.3440000000D+03    0.8580658409D+00    0.1000000000D+01
    0.3450000000D+03    0.8580704937D+00    0.1000000000D+01
    0.3460000000D+03    0.8580914955D+00    0.1000000000D+01
    0.3470000000D+03    0.8580892232D+00    0.1000000000D+01
    0.3480000000D+03    0.8580650492D+00    0.1000000000D+01
    0.3490000000D+03    0.8580741890D+00    0.1000000000D+01
    0.3500000000D+03    0.8580992237D+00    0.1000000000D+01
    0.3510000000D+03    0.8580965010D+00    0.1000000000D+01
    0.3520000000D+03    0.8580811665D+00    0.1000000000D+01
    0.3530000000D+03    0.8580811556D+00    0.1000000000D+01
    0.3540000000D+03    0.8580957207D+00    0.1000000000D+01
    0.3550000000D+03    0.8581013818D+00    0.1000000000D+01
    0.3560000000D+03    0.8580943307D+00    0.1000000000D+01
    0.3570000000D+03    0.8580891911D+00    0.1000000000D+01
    0.3580000000D+03    0.8580923281D+00    0.1000000000D+01
    0.3590000000D+03    0.8580991523D+00    0.1000000000D+01
    0.3600000000D+03    0.8581011774D+00    0.1000000000D+01
    0.3610000000D+03    0.8580942355D+00    0.1000000000D+01
    0.3620000000D+03    0.8580869998D+00    0.1000000000D+01
    0.3630000000D+03    0.8580959063D+00    0.1000000000D+01
    0.3640000000D+03    0.8581112957D+00    0.1000000000D+01
    0.3650000000D+03    0.8581126939D+00    0.1000000000D+01
    0.3660000000D+03    0.8580988006D+00    0.1000000000D+01
    0.3670000000D+03    0.8580971398D+00    0.1000000000D+01
    0.3680000000D+03    0.8581234073D+00    0.1000000000D+01
    0.3690000000D+03    0.8581338694D+00    0.1000000000D+01
    0.3700000000D+03    0.8581184969D+00    0.1000000000D+01
    0.3710000000D+03    0.8581202389D+00    0.1000000000D+01
    0.3720000000D+03    0.8581419922D+00    0.1000000000D+01
    0.3730000000D+03    0.8581553057D+00    0.1000000000D+01
    0.3740000000D+03    0.8581473488D+00    0.1000000000D+01
    0.3750000000D+03    0.8581364819D+00    0.1000000000D+01
    0.3760000000D+03    0.8581420480D+00    0.1000000000D+01
    0.3770000000D+03    0.8581578114D+00    0.1000000000D+01
    0.3780000000D+03    0.8581600296D+00    0.1000000000D+01
    0.3790000000D+03    0.8581419359D+00    0.1000000000D+01
    0.3800000000D+03    0.8581338465D+00    0.1000000000D+01
    0.3810000000D+03    0.8581433761D+00    0.1000000000D+01
    0.3820000000D+03    0.8581471501D+00    0.1000000000D+01
    0.3830000000D+03    0.8581384097D+00    0.1000000000D+01
    0.3840000000D+03    0.8581281051D+00    0.1000000000D+01
    0.3850000000D+03    0.8581280764D+00    0.1000000000D+01
    0.3860000000D+03    0.8581398004D+00    0.1000000000D+01
    0.3870000000D+03    0.8581481466D+00    0.1000000000D+01
    0.3880000000D+03    0.8581355615D+00    0.1000000000D+01
    0.3890000000D+03    0.8581195700D+00    0.1000000000D+01
    0.3900000000D+03    0.8581266313D+00    0.1000000000D+01
    0.3910000000D+03    0.8581494885D+00    0.1000000000D+01
    0.3920000000D+03    0.8581537182D+00    0.1000000000D+01
    0.3930000000D+03    0.8581311810D+00    0.1000000000D+01
    0.3940000000D+03    0.8581367166D+00    0.1000000000D+01
    0.3950000000D+03    0.8581723471D+00    0.1000000000D+01
    0.3960000000D+03    0.8581766999D+00    0.1000000000D+01
    0.3970000000D+03    0.8581560560D+00    0.1000000000D+01
    0.3980000000D+03    0.8581536811D+00    0.1000000000D+01
    0.3990000000D+03    0.8581738138D+00    0.1000000000D+01
    0.4000000000D+03    0.8581872059D+00    0.1000000000D+01
    0.4010000000D+03    0.8581795786D+00    0.1000000000D+01
    0.4020000000D+03    0.8581703482D+00    0.1000000000D+01
    0.4030000000D+03    0.8581750572D+00    0.1000000000D+01
    0.4040000000D+03    0.8581875713D+00    0.1000000000D+01
    0.4050000000D+03    0.8581942487D+00    0.1000000000D+01
    0.4060000000D+03    0.8581899818D+00    0.1000000000D+01
    0.4070000000D+03    0.8581781740D+00    0.1000000000D+01
    0.4080000000D+03    0.8581763807D+00    0.1000000000D+01
    0.4090000000D+03    0.8581885592D+00    0.1000000000D+01
    0.4100000000D+03    0.8581911969D+00    0.1000000000D+01
    0.4110000000D+03    0.8581792310D+00    0.1000000000D+01
    0.4120000000D+03    0.8581695274D+00    0.1000000000D+01
    0.4130000000D+03    0.8581777219D+00    0.1000000000D+01
    0.4140000000D+03    0.8581895658D+00    0.1000000000D+01
    0.4150000000D+03    0.8581811587D+00    0.1000000000D+01
    0.4160000000D+03    0.8581620065D+00    0.1000000000D+01
    0.4170000000D+03    0.8581592054D+00    0.1000000000D+01
    0.4180000000D+03    0.8581825586D+00    0.1000000000D+01
    0.4190000000D+03    0.8581945759D+00    0.1000000000D+01
    0.4200000000D+03    0.8581770205D+00    0.1000000000D+01
    0.4210000000D+03    0.8581693612D+00    0.1000000000D+01
    0.4220000000D+03    0.8581850734D+00    0.1000000000D+01
    0.4230000000D+03    0.8582016637D+00    0.1000000000D+01
    0.4240000000D+03    0.8582007536D+00    0.1000000000D+01
    0.4250000000D+03    0.8581912481D+00    0.1000000000D+01
    0.4260000000D+03    0.8581936102D+00    0.1000000000D+01
    0.4270000000D+03    0.8582044097D+00    0.1000000000D+01
    0.4280000000D+03    0.8582088755D+00    0.1000000000D+01
    0.4290000000D+03    0.8582031131D+00    0.1000000000D+01
    0.4300000000D+03    0.8582002990D+00    0.1000000000D+01
    0.4310000000D+03    0.8582063629D+00    0.1000000000D+01
    0.4320000000D+03    0.8582133894D+00    0.1000000000D+01
    0.4330000000D+03    0.8582186487D+00    0.1000000000D+01
    0.4340000000D+03    0.8582218801D+00    0.1000000000D+01
    0.4350000000D+03    0.8582106707D+00    0.1000000000D+01
    0.4360000000D+03    0.8581957930D+00    0.1000000000D+01
    0.4370000000D+03    0.8582160583D+00    0.1000000000D+01
    0.4380000000D+03    0.8582380381D+00    0.1000000000D+01
    0.4390000000D+03    0.8582193699D+00    0.1000000000D+01
    0.4400000000D+03    0.8582070462D+00    0.1000000000D+01
    0.4410000000D+03    0.8582215146D+00    0.1000000000D+01
    0.4420000000D+03    0.8582303076D+00    0.1000000000D+01
    0.4430000000D+03    0.8582230206D+00    0.1000000000D+01
    0.4440000000D+03    0.8582167306D+00    0.1000000000D+01
    0.4450000000D+03    0.8582241084D+00    0.1000000000D+01
    0.4460000000D+03    0.8582341819D+00    0.1000000000D+01
    0.4470000000D+03    0.8582373324D+00    0.1000000000D+01
    0.4480000000D+03    0.8582320734D+00    0.1000000000D+01
    0.4490000000D+03    0.8582244257D+00    0.1000000000D+01
    0.4500000000D+03    0.8582223045D+00    0.1000000000D+01
    0.4510000000D+03    0.8582281996D+00    0.1000000000D+01
    0.4520000000D+03    0.8582391566D+00    0.1000000000D+01
    0.4530000000D+03    0.8582432776D+00    0.1000000000D+01
    0.4540000000D+03    0.8582381110D+00    0.1000000000D+01
    0.4550000000D+03    0.8582306496D+00    0.1000000000D+01
    0.4560000000D+03    0.8582324932D+00    0.1000000000D+01
    0.4570000000D+03    0.8582422416D+00    0.1000000000D+01
    0.4580000000D+03    0.8582450447D+00    0.1000000000D+01
    0.4590000000D+03    0.8582363935D+00    0.1000000000D+01
    0.4600000000D+03    0.8582305816D+00    0.1000000000D+01
    0.4610000000D+03    0.8582456883D+00    0.1000000000D+01
    0.4620000000D+03    0.8582559887D+00    0.1000000000D+01
    0.4630000000D+03    0.8582408625D+00    0.1000000000D+01
    0.4640000000D+03    0.8582281167D+00    0.1000000000D+01
    0.4650000000D+03    0.8582379132D+00    0.1000000000D+01
    0.4660000000D+03    0.8582604882D+00    0.1000000000D+01
    0.4670000000D+03    0.8582615144D+00    0.1000000000D+01
    0.4680000000D+03    0.8582428485D+00    0.1000000000D+01
    0.4690000000D+03    0.8582418400D+00    0.1000000000D+01
    0.4700000000D+03    0.8582528961D+00    0.1000000000D+01
    0.4710000000D+03    0.8582580998D+00    0.1000000000D+01
    0.4720000000D+03    0.8582605369D+00    0.1000000000D+01
    0.4730000000D+03    0.8582618230D+00    0.1000000000D+01
    0.4740000000D+03    0.8582577041D+00    0.1000000000D+01
    0.4750000000D+03    0.8582535358D+00    0.1000000000D+01
    0.4760000000D+03    0.8582597029D+00    0.1000000000D+01
    0.4770000000D+03    0.8582697497D+00    0.1000000000D+01
    0.4780000000D+03    0.8582645846D+00    0.1000000000D+01
    0.4790000000D+03    0.8582478572D+00    0.1000000000D+01
    0.4800000000D+03    0.8582527328D+00    0.1000000000D+01
    0.4810000000D+03    0.8582739661D+00    0.1000000000D+01
    0.4820000000D+03    0.8582759024D+00    0.1000000000D+01
    0.4830000000D+03    0.8582556658D+00    0.1000000000D+01
    0.4840000000D+03    0.8582425138D+00    0.1000000000D+01
    0.4850000000D+03    0.8582630473D+00    0.1000000000D+01
    0.4860000000D+03    0.8582835169D+00    0.1000000000D+01
    0.4870000000D+03    0.8582741708D+00    0.1000000000D+01
    0.4880000000D+03    0.8582635393D+00    0.1000000000D+01
    0.4890000000D+03    0.8582645685D+00    0.1000000000D+01
    0.4900000000D+03    0.8582701846D+00    0.1000000000D+01
    0.4910000000D+03    0.8582762886D+00    0.1000000000D+01
    0.4920000000D+03    0.8582781207D+00    0.1000000000D+01
    0.4930000000D+03    0.8582689662D+00    0.1000000000D+01
    0.4940000000D+03    0.8582599299D+00    0.1000000000D+01
    0.4950000000D+03    0.8582695872D+00    0.1000000000D+01
    0.4960000000D+03    0.8582827834D+00    0.1000000000D+01
    0.4970000000D+03    0.8582788801D+00    0.1000000000D+01
    0.4980000000D+03    0.8582617344D+00    0.1000000000D+01
    0.4990000000D+03    0.8582545063D+00    0.1000000000D+01
    0.5000000000D+03    0.8582721984D+00    0.1000000000D+01
    0.5010000000D+03    0.8582947773D+00    0.1000000000D+01
    0.5020000000D+03    0.8582941549D+00    0.1000000000D+01
    0.5030000000D+03    0.8582731766D+00    0.1000000000D+01
    0.5040000000D+03    0.8582638021D+00    0.1000000000D+01
    0.5050000000D+03    0.8582842685D+00    0.1000000000D+01
    0.5060000000D+03    0.8583129954D+00    0.1000000000D+01
    0.5070000000D+03    0.8583028934D+00    0.1000000000D+01
    0.5080000000D+03    0.8582673369D+00    0.1000000000D+01
    0.5090000000D+03    0.8582788596D+00    0.1000000000D+01
    0.5100000000D+03    0.8583146982D+00    0.1000000000D+01
    0.5110000000D+03    0.8583094551D+00    0.1000000000D+01
    0.5120000000D+03    0.8582843618D+00    0.1000000000D+01
    0.5130000000D+03    0.8582773418D+00    0.1000000000D+01
    0.5140000000D+03    0.8582902520D+00    0.1000000000D+01
    0.5150000000D+03    0.8583045175D+00    0.1000000000D+01
    0.5160000000D+03    0.8583080504D+00    0.1000000000D+01
    0.5170000000D+03    0.8583010717D+00    0.1000000000D+01
    0.5180000000D+03    0.8582894135D+00    0.1000000000D+01
    0.5190000000D+03    0.8582894006D+00    0.1000000000D+01
    0.5200000000D+03    0.8583060026D+00    0.1000000000D+01
    0.5210000000D+03    0.8583216761D+00    0.1000000000D+01
    0.5220000000D+03    0.8583158506D+00    0.1000000000D+01
    0.5230000000D+03    0.8582941311D+00    0.1000000000D+01
    0.5240000000D+03    0.8582872548D+00    0.1000000000D+01
    0.5250000000D+03    0.8583114312D+00    0.1000000000D+01
    0.5260000000D+03    0.8583289916D+00    0.1000000000D+01
    0.5270000000D+03    0.8583035678D+00    0.1000000000D+01
    0.5280000000D+03    0.8582792007D+00    0.1000000000D+01
    0.5290000000D+03    0.8582941766D+00    0.1000000000D+01
    0.5300000000D+03    0.8583197887D+00    0.1000000000D+01
    0.5310000000D+03    0.8583206171D+00    0.1000000000D+01
    0.5320000000D+03    0.8582987751D+00    0.1000000000D+01
    0.5330000000D+03    0.8582887221D+00    0.1000000000D+01
    0.5340000000D+03    0.8583007371D+00    0.1000000000D+01
    0.5350000000D+03    0.8583221921D+00    0.1000000000D+01
    0.5360000000D+03    0.8583335828D+00    0.1000000000D+01
    0.5370000000D+03    0.8583230598D+00    0.1000000000D+01
    0.5380000000D+03    0.8583109884D+00    0.1000000000D+01
    0.5390000000D+03    0.8583097868D+00    0.1000000000D+01
    0.5400000000D+03    0.8583190932D+00    0.1000000000D+01
    0.5410000000D+03    0.8583298285D+00    0.1000000000D+01
    0.5420000000D+03    0.8583233805D+00    0.1000000000D+01
    0.5430000000D+03    0.8583048318D+00    0.1000000000D+01
    0.5440000000D+03    0.8582978372D+00    0.1000000000D+01
    0.5450000000D+03    0.8583140819D+00    0.1000000000D+01
    0.5460000000D+03    0.8583327752D+00    0.1000000000D+01
    0.5470000000D+03    0.8583267876D+00    0.1000000000D+01
    0.5480000000D+03    0.8583025359D+00    0.1000000000D+01
    0.5490000000D+03    0.8582986847D+00    0.1000000000D+01
    0.5500000000D+03    0.8583257620D+00    0.1000000000D+01
    0.5510000000D+03    0.8583491119D+00    0.1000000000D+01
    0.5520000000D+03    0.8583384384D+00    0.1000000000D+01
    0.5530000000D+03    0.8583011923D+00    0.1000000000D+01
    0.5540000000D+03    0.8582982461D+00    0.1000000000D+01
    0.5550000000D+03    0.8583381174D+00    0.1000000000D+01
    0.5560000000D+03    0.8583504784D+00    0.1000000000D+01
    0.5570000000D+03    0.8583296592D+00    0.1000000000D+01
    0.5580000000D+03    0.8583140615D+00    0.1000000000D+01
    0.5590000000D+03    0.8583155374D+00    0.1000000000D+01
    0.5600000000D+03    0.8583292874D+00    0.1000000000D+01
    0.5610000000D+03    0.8583394818D+00    0.1000000000D+01
    0.5620000000D+03    0.8583365038D+00    0.1000000000D+01
    0.5630000000D+03    0.8583205017D+00    0.1000000000D+01
    0.5640000000D+03    0.8583082074D+00    0.1000000000D+01
    0.5650000000D+03    0.8583240743D+00    0.1000000000D+01
    0.5660000000D+03    0.8583553843D+00    0.1000000000D+01
    0.5670000000D+03    0.8583534657D+00    0.1000000000D+01
    0.5680000000D+03    0.8583172844D+00    0.1000000000D+01
    0.5690000000D+03    0.8583044748D+00    0.1000000000D+01
    0.5700000000D+03    0.8583281703D+00    0.1000000000D+01
    0.5710000000D+03    0.8583507121D+00    0.1000000000D+01
    0.5720000000D+03    0.8583477682D+00    0.1000000000D+01
    0.5730000000D+03    0.8583292882D+00    0.1000000000D+01
    0.5740000000D+03    0.8583150882D+00    0.1000000000D+01
    0.5750000000D+03    0.8583222595D+00    0.1000000000D+01
    0.5760000000D+03    0.8583519262D+00    0.1000000000D+01
    0.5770000000D+03    0.8583633864D+00    0.1000000000D+01
    0.5780000000D+03    0.8583431510D+00    0.1000000000D+01
    0.5790000000D+03    0.8583229317D+00    0.1000000000D+01
    0.5800000000D+03    0.8583270629D+00    0.1000000000D+01
    0.5810000000D+03    0.8583571250D+00    0.1000000000D+01
    0.5820000000D+03    0.8583729107D+00    0.1000000000D+01
    0.5830000000D+03    0.8583519496D+00    0.1000000000D+01
    0.5840000000D+03    0.8583267935D+00    0.1000000000D+01
    0.5850000000D+03    0.8583336023D+00    0.1000000000D+01
    0.5860000000D+03    0.8583689479D+00    0.1000000000D+01
    0.5870000000D+03    0.8583851730D+00    0.1000000000D+01
    0.5880000000D+03    0.8583605729D+00    0.1000000000D+01
    0.5890000000D+03    0.8583300368D+00    0.1000000000D+01
    0.5900000000D+03    0.8583300292D+00    0.1000000000D+01
    0.5910000000D+03    0.8583570962D+00    0.1000000000D+01
    0.5920000000D+03    0.8583802375D+00    0.1000000000D+01
    0.5930000000D+03    0.8583743074D+00    0.1000000000D+01
    0.5940000000D+03    0.8583466277D+00    0.1000000000D+01
    0.5950000000D+03    0.8583324381D+00    0.1000000000D+01
    0.5960000000D+03    0.8583497625D+00    0.1000000000D+01
    0.5970000000D+03    0.8583845849D+00    0.1000000000D+01
    0.5980000000D+03    0.8583868617D+00    0.1000000000D+01
    0.5990000000D+03    0.8583462462D+00    0.1000000000D+01
    0.6000000000D+03    0.8583326411D+00    0.1000000000D+01
    0.6010000000D+03    0.8583613738D+00    0.1000000000D+01
    0.6020000000D+03    0.8583844561D+00    0.1000000000D+01
    0.6030000000D+03    0.8583803290D+00    0.1000000000D+01
    0.6040000000D+03    0.8583559681D+00    0.1000000000D+01
    0.6050000000D+03    0.8583392458D+00    0.1000000000D+01
    0.6060000000D+03    0.8583509741D+00    0.1000000000D+01
    0.6070000000D+03    0.8583813579D+00    0.1000000000D+01
    0.6080000000D+03    0.8583950278D+00    0.1000000000D+01
    0.6090000000D+03    0.8583746894D+00    0.1000000000D+01
    0.6100000000D+03    0.8583478010D+00    0.1000000000D+01
    0.6110000000D+03    0.8583486605D+00    0.1000000000D+01
    0.6120000000D+03    0.8583775492D+00    0.1000000000D+01
    0.6130000000D+03    0.8583980039D+00    0.1000000000D+01
    0.6140000000D+03    0.8583875464D+00    0.1000000000D+01
    0.6150000000D+03    0.8583588617D+00    0.1000000000D+01
    0.6160000000D+03    0.8583447483D+00    0.1000000000D+01
    0.6170000000D+03    0.8583621191D+00    0.1000000000D+01
    0.6180000000D+03    0.8583884434D+00    0.1000000000D+01
    0.6190000000D+03    0.8583946152D+00    0.1000000000D+01
    0.6200000000D+03    0.8583699754D+00    0.1000000000D+01
    0.6210000000D+03    0.8583415572D+00    0.1000000000D+01
    0.6220000000D+03    0.8583516693D+00    0.1000000000D+01
    0.6230000000D+03    0.8583990710D+00    0.1000000000D+01
    0.6240000000D+03    0.8584183332D+00    0.1000000000D+01
    0.6250000000D+03    0.8583664589D+00    0.1000000000D+01
    0.6260000000D+03    0.8583271396D+00    0.1000000000D+01
    0.6270000000D+03    0.8583637875D+00    0.1000000000D+01
    0.6280000000D+03    0.8584072136D+00    0.1000000000D+01
    0.6290000000D+03    0.8584034823D+00    0.1000000000D+01
    0.6300000000D+03    0.8583713569D+00    0.1000000000D+01
    0.6310000000D+03    0.8583504120D+00    0.1000000000D+01
    0.6320000000D+03    0.8583594148D+00    0.1000000000D+01
    0.6330000000D+03    0.8583843242D+00    0.1000000000D+01
    0.6340000000D+03    0.8583988593D+00    0.1000000000D+01
    0.6350000000D+03    0.8583893015D+00    0.1000000000D+01
    0.6360000000D+03    0.8583666996D+00    0.1000000000D+01
    0.6370000000D+03    0.8583535902D+00    0.1000000000D+01
    0.6380000000D+03    0.8583669041D+00    0.1000000000D+01
    0.6390000000D+03    0.8583945137D+00    0.1000000000D+01
    0.6400000000D+03    0.8584056656D+00    0.1000000000D+01
    0.6410000000D+03    0.8583836080D+00    0.1000000000D+01
    0.6420000000D+03    0.8583557690D+00    0.1000000000D+01
    0.6430000000D+03    0.8583690704D+00    0.1000000000D+01
    0.6440000000D+03    0.8584079522D+00    0.1000000000D+01
    0.6450000000D+03    0.8584223976D+00    0.1000000000D+01
    0.6460000000D+03    0.8583933242D+00    0.1000000000D+01
    0.6470000000D+03    0.8583549477D+00    0.1000000000D+01
    0.6480000000D+03    0.8583621955D+00    0.1000000000D+01
    0.6490000000D+03    0.8584018963D+00    0.1000000000D+01
    0.6500000000D+03    0.8584250180D+00    0.1000000000D+01
    0.6510000000D+03    0.8584115477D+00    0.1000000000D+01
    0.6520000000D+03    0.8583758730D+00    0.1000000000D+01
    0.6530000000D+03    0.8583579933D+00    0.1000000000D+01
    0.6540000000D+03    0.8583826834D+00    0.1000000000D+01
    0.6550000000D+03    0.8584239596D+00    0.1000000000D+01
    0.6560000000D+03    0.8584243155D+00    0.1000000000D+01
    0.6570000000D+03    0.8583840946D+00    0.1000000000D+01
    0.6580000000D+03    0.8583620407D+00    0.1000000000D+01
    0.6590000000D+03    0.8583824799D+00    0.1000000000D+01
    0.6600000000D+03    0.8584135231D+00    0.1000000000D+01
    0.6610000000D+03    0.8584178302D+00    0.1000000000D+01
    0.6620000000D+03    0.8583985333D+00    0.1000000000D+01
    0.6630000000D+03    0.8583796069D+00    0.1000000000D+01
    0.6640000000D+03    0.8583777329D+00    0.1000000000D+01
    0.6650000000D+03    0.8583998148D+00    0.1000000000D+01
    0.6660000000D+03    0.8584362328D+00    0.1000000000D+01
    0.6670000000D+03    0.8584419068D+00    0.1000000000D+01
    0.6680000000D+03    0.8583920270D+00    0.1000000000D+01
    0.6690000000D+03    0.8583615825D+00    0.1000000000D+01
    0.6700000000D+03    0.8583998750D+00    0.1000000000D+01
    0.6710000000D+03    0.8584479542D+00    0.1000000000D+01
    0.6720000000D+03    0.8584477356D+00    0.1000000000D+01
    0.6730000000D+03    0.8584031640D+00    0.1000000000D+01
    0.6740000000D+03    0.8583736023D+00    0.1000000000D+01
    0.6750000000D+03    0.8583923888D+00    0.1000000000D+01
    0.6760000000D+03    0.8584277818D+00    0.1000000000D+01
    0.6770000000D+03    0.8584437494D+00    0.1000000000D+01
    0.6780000000D+03    0.8584292263D+00    0.1000000000D+01
    0.6790000000D+03    0.8583999805D+00    0.1000000000D+01
    0.6800000000D+03    0.8583851890D+00    0.1000000000D+01
    0.6810000000D+03    0.8584041449D+00    0.1000000000D+01
    0.6820000000D+03    0.8584403015D+00    0.1000000000D+01
    0.6830000000D+03    0.8584544208D+00    0.1000000000D+01
    0.6840000000D+03    0.8584264475D+00    0.1000000000D+01
    0.6850000000D+03    0.8583863766D+00    0.1000000000D+01
    0.6860000000D+03    0.8583899422D+00    0.1000000000D+01
    0.6870000000D+03    0.8584323007D+00    0.1000000000D+01
    0.6880000000D+03    0.8584597959D+00    0.1000000000D+01
    0.6890000000D+03    0.8584388032D+00    0.1000000000D+01
    0.6900000000D+03    0.8583925933D+00    0.1000000000D+01
    0.6910000000D+03    0.8583802644D+00    0.1000000000D+01
    0.6920000000D+03    0.8584188169D+00    0.1000000000D+01
    0.6930000000D+03    0.8584661713D+00    0.1000000000D+01
    0.6940000000D+03    0.8584626276D+00    0.1000000000D+01
    0.6950000000D+03    0.8584112872D+00    0.1000000000D+01
    0.6960000000D+03    0.8583782610D+00    0.1000000000D+01
    0.6970000000D+03    0.8583968790D+00    0.1000000000D+01
    0.6980000000D+03    0.8584431114D+00    0.1000000000D+01
    0.6990000000D+03    0.8584583623D+00    0.1000000000D+01
    0.7000000000D+03    0.8584247198D+00    0.1000000000D+01
    0.7010000000D+03    0.8583884113D+00    0.1000000000D+01
    0.7020000000D+03    0.8583849271D+00    0.1000000000D+01
    0.7030000000D+03    0.8584122053D+00    0.1000000000D+01
    0.7040000000D+03    0.8584410725D+00    0.1000000000D+01
    0.7050000000D+03    0.8584410598D+00    0.1000000000D+01
    0.7060000000D+03    0.8584098774D+00    0.1000000000D+01
    0.7070000000D+03    0.8583816762D+00    0.1000000000D+01
    0.7080000000D+03    0.8583905030D+00    0.1000000000D+01
    0.7090000000D+03    0.8584297567D+00    0.1000000000D+01
    0.7100000000D+03    0.8584603079D+00    0.1000000000D+01
    0.7110000000D+03    0.8584459405D+00    0.1000000000D+01
    0.7120000000D+03    0.8583926962D+00    0.1000000000D+01
    0.7130000000D+03    0.8583557854D+00    0.1000000000D+01
    0.7140000000D+03    0.8583990353D+00    0.1000000000D+01
    0.7150000000D+03    0.8584770069D+00    0.1000000000D+01
    0.7160000000D+03    0.8584694597D+00    0.1000000000D+01
    0.7170000000D+03    0.8583977656D+00    0.1000000000D+01
    0.7180000000D+03    0.8583706921D+00    0.1000000000D+01
    0.7190000000D+03    0.8584074324D+00    0.1000000000D+01
    0.7200000000D+03    0.8584587663D+00    0.1000000000D+01
    0.7210000000D+03    0.8584741844D+00    0.1000000000D+01
    0.7220000000D+03    0.8584420799D+00    0.1000000000D+01
    0.7230000000D+03    0.8583957767D+00    0.1000000000D+01
    0.7240000000D+03    0.8583866551D+00    0.1000000000D+01
    0.7250000000D+03    0.8584276262D+00    0.1000000000D+01
    0.7260000000D+03    0.8584725411D+00    0.1000000000D+01
    0.7270000000D+03    0.8584731902D+00    0.1000000000D+01
    0.7280000000D+03    0.8584299686D+00    0.1000000000D+01
    0.7290000000D+03    0.8583969380D+00    0.1000000000D+01
    0.7300000000D+03    0.8584111416D+00    0.1000000000D+01
    0.7310000000D+03    0.8584543564D+00    0.1000000000D+01
    0.7320000000D+03    0.8584813614D+00    0.1000000000D+01
    0.7330000000D+03    0.8584654008D+00    0.1000000000D+01
    0.7340000000D+03    0.8584247488D+00    0.1000000000D+01
    0.7350000000D+03    0.8584042530D+00    0.1000000000D+01
    0.7360000000D+03    0.8584387654D+00    0.1000000000D+01
    0.7370000000D+03    0.8584963129D+00    0.1000000000D+01
    0.7380000000D+03    0.8585091925D+00    0.1000000000D+01
    0.7390000000D+03    0.8584562984D+00    0.1000000000D+01
    0.7400000000D+03    0.8583944480D+00    0.1000000000D+01
    0.7410000000D+03    0.8584081922D+00    0.1000000000D+01
    0.7420000000D+03    0.8584771527D+00    0.1000000000D+01
    0.7430000000D+03    0.8585091274D+00    0.1000000000D+01
    0.7440000000D+03    0.8584729220D+00    0.1000000000D+01
    0.7450000000D+03    0.8584162342D+00    0.1000000000D+01
    0.7460000000D+03    0.8584084688D+00    0.1000000000D+01
    0.7470000000D+03    0.8584522011D+00    0.1000000000D+01
    0.7480000000D+03    0.8584902131D+00    0.1000000000D+01
    0.7490000000D+03    0.8584799178D+00    0.1000000000D+01
    0.7500000000D+03    0.8584330641D+00    0.1000000000D+01
    0.7510000000D+03    0.8584010696D+00    0.1000000000D+01
    0.7520000000D+03    0.8584124369D+00    0.1000000000D+01
    0.7530000000D+03    0.8584496193D+00    0.1000000000D+01
    0.7540000000D+03    0.8584778118D+00    0.1000000000D+01
    0.7550000000D+03    0.8584706384D+00    0.1000000000D+01
    0.7560000000D+03    0.8584226992D+00    0.1000000000D+01
    0.7570000000D+03    0.8583854678D+00    0.1000000000D+01
    0.7580000000D+03    0.8584126244D+00    0.1000000000D+01
    0.7590000000D+03    0.8584702460D+00    0.1000000000D+01
    0.7600000000D+03    0.8584935376D+00    0.1000000000D+01
    0.7610000000D+03    0.8584556284D+00    0.1000000000D+01
    0.7620000000D+03    0.8584022494D+00    0.1000000000D+01
    0.7630000000D+03    0.8584028811D+00    0.1000000000D+01
    0.7640000000D+03    0.8584526343D+00    0.1000000000D+01
    0.7650000000D+03    0.8584935222D+00    0.1000000000D+01
    0.7660000000D+03    0.8584779444D+00    0.1000000000D+01
    0.7670000000D+03    0.8584249683D+00    0.1000000000D+01
    0.7680000000D+03    0.8583990235D+00    0.1000000000D+01
    0.7690000000D+03    0.8584219320D+00    0.1000000000D+01
    0.7700000000D+03    0.8584629899D+00    0.1000000000D+01
    0.7710000000D+03    0.8584812376D+00    0.1000000000D+01
    0.7720000000D+03    0.8584617349D+00    0.1000000000D+01
    0.7730000000D+03    0.8584204308D+00    0.1000000000D+01
    0.7740000000D+03    0.8584033692D+00    0.1000000000D+01
    0.7750000000D+03    0.8584363894D+00    0.1000000000D+01
    0.7760000000D+03    0.8584759113D+00    0.1000000000D+01
    0.7770000000D+03    0.8584758214D+00    0.1000000000D+01
    0.7780000000D+03    0.8584467201D+00    0.1000000000D+01
    0.7790000000D+03    0.8584256630D+00    0.1000000000D+01
    0.7800000000D+03    0.8584276187D+00    0.1000000000D+01
    0.7810000000D+03    0.8584474851D+00    0.1000000000D+01
    0.7820000000D+03    0.8584706706D+00    0.1000000000D+01
    0.7830000000D+03    0.8584801836D+00    0.1000000000D+01
    0.7840000000D+03    0.8584604714D+00    0.1000000000D+01
    0.7850000000D+03    0.8584142477D+00    0.1000000000D+01
    0.7860000000D+03    0.8584134081D+00    0.1000000000D+01
    0.7870000000D+03    0.8584778937D+00    0.1000000000D+01
    0.7880000000D+03    0.8585102739D+00    0.1000000000D+01
    0.7890000000D+03    0.8584767132D+00    0.1000000000D+01
    0.7900000000D+03    0.8584346974D+00    0.1000000000D+01
    0.7910000000D+03    0.8584306460D+00    0.1000000000D+01
    0.7920000000D+03    0.8584600293D+00    0.1000000000D+01
    0.7930000000D+03    0.8584864995D+00    0.1000000000D+01
    0.7940000000D+03    0.8584902890D+00    0.1000000000D+01
    0.7950000000D+03    0.8584751911D+00    0.1000000000D+01
    0.7960000000D+03    0.8584555190D+00    0.1000000000D+01
    0.7970000000D+03    0.8584485219D+00    0.1000000000D+01
    0.7980000000D+03    0.8584656438D+00    0.1000000000D+01
    0.7990000000D+03    0.8584922660D+00    0.1000000000D+01
    0.8000000000D+03    0.8584997907D+00    0.1000000000D+01
    0.8010000000D+03    0.8584806524D+00    0.1000000000D+01
    0.8020000000D+03    0.8584528339D+00    0.1000000000D+01
    0.8030000000D+03    0.8584467905D+00    0.1000000000D+01
    0.8040000000D+03    0.8584691097D+00    0.1000000000D+01
    0.8050000000D+03    0.8585031594D+00    0.1000000000D+01
    0.8060000000D+03    0.8585118932D+00    0.1000000000D+01
    0.8070000000D+03    0.8584745696D+00    0.1000000000D+01
    0.8080000000D+03    0.8584402395D+00    0.1000000000D+01
    0.8090000000D+03    0.8584464747D+00    0.1000000000D+01
    0.8100000000D+03    0.8584768867D+00    0.1000000000D+01
    0.8110000000D+03    0.8585035898D+00    0.1000000000D+01
    0.8120000000D+03    0.8585023123D+00    0.1000000000D+01
    0.8130000000D+03    0.8584685668D+00    0.1000000000D+01
    0.8140000000D+03    0.8584300349D+00    0.1000000000D+01
    0.8150000000D+03    0.8584370315D+00    0.1000000000D+01
    0.8160000000D+03    0.8584832455D+00    0.1000000000D+01
    0.8170000000D+03    0.8585054132D+00    0.1000000000D+01
    0.8180000000D+03    0.8584849106D+00    0.1000000000D+01
    0.8190000000D+03    0.8584545649D+00    0.1000000000D+01
    0.8200000000D+03    0.8584448096D+00    0.1000000000D+01
    0.8210000000D+03    0.8584558147D+00    0.1000000000D+01
    0.8220000000D+03    0.8584748073D+00    0.1000000000D+01
    0.8230000000D+03    0.8584895005D+00    0.1000000000D+01
    0.8240000000D+03    0.8584885292D+00    0.1000000000D+01
    0.8250000000D+03    0.8584672611D+00    0.1000000000D+01
    0.8260000000D+03    0.8584418627D+00    0.1000000000D+01
    0.8270000000D+03    0.8584444543D+00    0.1000000000D+01
    0.8280000000D+03    0.8584799780D+00    0.1000000000D+01
    0.8290000000D+03    0.8585158152D+00    0.1000000000D+01
    0.8300000000D+03    0.8584962483D+00    0.1000000000D+01
    0.8310000000D+03    0.8584321862D+00    0.1000000000D+01
    0.8320000000D+03    0.8584190357D+00    0.1000000000D+01
    0.8330000000D+03    0.8584687414D+00    0.1000000000D+01
    0.8340000000D+03    0.8585092558D+00    0.1000000000D+01
    0.8350000000D+03    0.8585036252D+00    0.1000000000D+01
    0.8360000000D+03    0.8584670997D+00    0.1000000000D+01
    0.8370000000D+03    0.8584407470D+00    0.1000000000D+01
    0.8380000000D+03    0.8584441101D+00    0.1000000000D+01
    0.8390000000D+03    0.8584720237D+00    0.1000000000D+01
    0.8400000000D+03    0.8585024749D+00    0.1000000000D+01
    0.8410000000D+03    0.8585055422D+00    0.1000000000D+01
    0.8420000000D+03    0.8584741343D+00    0.1000000000D+01
    0.8430000000D+03    0.8584397644D+00    0.1000000000D+01
    0.8440000000D+03    0.8584448532D+00    0.1000000000D+01
    0.8450000000D+03    0.8584850197D+00    0.1000000000D+01
    0.8460000000D+03    0.8585184006D+00    0.1000000000D+01
    0.8470000000D+03    0.8585078960D+00    0.1000000000D+01
    0.8480000000D+03    0.8584679954D+00    0.1000000000D+01
    0.8490000000D+03    0.8584484100D+00    0.1000000000D+01
    0.8500000000D+03    0.8584593522D+00    0.1000000000D+01
    0.8510000000D+03    0.8584844222D+00    0.1000000000D+01
    0.8520000000D+03    0.8585108125D+00    0.1000000000D+01
    0.8530000000D+03    0.8585186214D+00    0.1000000000D+01
    0.8540000000D+03    0.8584833963D+00    0.1000000000D+01
    0.8550000000D+03    0.8584407792D+00    0.1000000000D+01
    0.8560000000D+03    0.8584590920D+00    0.1000000000D+01
    0.8570000000D+03    0.8585100838D+00    0.1000000000D+01
    0.8580000000D+03    0.8585246684D+00    0.1000000000D+01
    0.8590000000D+03    0.8584951571D+00    0.1000000000D+01
    0.8600000000D+03    0.8584608383D+00    0.1000000000D+01
    0.8610000000D+03    0.8584588580D+00    0.1000000000D+01
    0.8620000000D+03    0.8584846120D+00    0.1000000000D+01
    0.8630000000D+03    0.8585145196D+00    0.1000000000D+01
    0.8640000000D+03    0.8585210231D+00    0.1000000000D+01
    0.8650000000D+03    0.8584938120D+00    0.1000000000D+01
    0.8660000000D+03    0.8584614650D+00    0.1000000000D+01
    0.8670000000D+03    0.8584592098D+00    0.1000000000D+01
    0.8680000000D+03    0.8584892475D+00    0.1000000000D+01
    0.8690000000D+03    0.8585170046D+00    0.1000000000D+01
    0.8700000000D+03    0.8585185949D+00    0.1000000000D+01
    0.8710000000D+03    0.8585033237D+00    0.1000000000D+01
    0.8720000000D+03    0.8584908738D+00    0.1000000000D+01
    0.8730000000D+03    0.8584818277D+00    0.1000000000D+01
    0.8740000000D+03    0.8584893361D+00    0.1000000000D+01
    0.8750000000D+03    0.8585245089D+00    0.1000000000D+01
    0.8760000000D+03    0.8585369680D+00    0.1000000000D+01
    0.8770000000D+03    0.8585040121D+00    0.1000000000D+01
    0.8780000000D+03    0.8584699371D+00    0.1000000000D+01
    0.8790000000D+03    0.8584693879D+00    0.1000000000D+01
    0.8800000000D+03    0.8584994140D+00    0.1000000000D+01
    0.8810000000D+03    0.8585207786D+00    0.1000000000D+01
    0.8820000000D+03    0.8585114753D+00    0.1000000000D+01
    0.8830000000D+03    0.8584877891D+00    0.1000000000D+01
    0.8840000000D+03    0.8584722621D+00    0.1000000000D+01
    0.8850000000D+03    0.8584764827D+00    0.1000000000D+01
    0.8860000000D+03    0.8584977983D+00    0.1000000000D+01
    0.8870000000D+03    0.8585208585D+00    0.1000000000D+01
    0.8880000000D+03    0.8585170313D+00    0.1000000000D+01
    0.8890000000D+03    0.8584900817D+00    0.1000000000D+01
    0.8900000000D+03    0.8584761109D+00    0.1000000000D+01
    0.8910000000D+03    0.8584893863D+00    0.1000000000D+01
    0.8920000000D+03    0.8585112740D+00    0.1000000000D+01
    0.8930000000D+03    0.8585172652D+00    0.1000000000D+01
    0.8940000000D+03    0.8585067703D+00    0.1000000000D+01
    0.8950000000D+03    0.8584911667D+00    0.1000000000D+01
    0.8960000000D+03    0.8584837517D+00    0.1000000000D+01
    0.8970000000D+03    0.8584856886D+00    0.1000000000D+01
    0.8980000000D+03    0.8584919811D+00    0.1000000000D+01
    0.8990000000D+03    0.8585027135D+00    0.1000000000D+01
    0.9000000000D+03    0.8585100930D+00    0.1000000000D+01
    0.9010000000D+03    0.8585083175D+00    0.1000000000D+01
    0.9020000000D+03    0.8584880014D+00    0.1000000000D+01
    0.9030000000D+03    0.8584764733D+00    0.1000000000D+01
    0.9040000000D+03    0.8585069053D+00    0.1000000000D+01
    0.9050000000D+03    0.8585334661D+00    0.1000000000D+01
    0.9060000000D+03    0.8585222394D+00    0.1000000000D+01
    0.9070000000D+03    0.8584984316D+00    0.1000000000D+01
    0.9080000000D+03    0.8584870700D+00    0.1000000000D+01
    0.9090000000D+03    0.8584914612D+00    0.1000000000D+01
    0.9100000000D+03    0.8584989862D+00    0.1000000000D+01
    0.9110000000D+03    0.8585029076D+00    0.1000000000D+01
    0.9120000000D+03    0.8585030743D+00    0.1000000000D+01
    0.9130000000D+03    0.8585004362D+00    0.1000000000D+01
    0.9140000000D+03    0.8584966112D+00    0.1000000000D+01
    0.9150000000D+03    0.8584995157D+00    0.1000000000D+01
    0.9160000000D+03    0.8585088412D+00    0.1000000000D+01
    0.9170000000D+03    0.8585145980D+00    0.1000000000D+01
    0.9180000000D+03    0.8585207309D+00    0.1000000000D+01
    0.9190000000D+03    0.8585258744D+00    0.1000000000D+01
    0.9200000000D+03    0.8585196755D+00    0.1000000000D+01
    0.9210000000D+03    0.8584963039D+00    0.1000000000D+01
    0.9220000000D+03    0.8584830285D+00    0.1000000000D+01
    0.9230000000D+03    0.8585065634D+00    0.1000000000D+01
    0.9240000000D+03    0.8585311039D+00    0.1000000000D+01
    0.9250000000D+03    0.8585271757D+00    0.1000000000D+01
    0.9260000000D+03    0.8585036165D+00    0.1000000000D+01
    0.9270000000D+03    0.8584854702D+00    0.1000000000D+01
    0.9280000000D+03    0.8584894280D+00    0.1000000000D+01
    0.9290000000D+03    0.8585041913D+00    0.1000000000D+01
    0.9300000000D+03    0.8585209396D+00    0.1000000000D+01
    0.9310000000D+03    0.8585278519D+00    0.1000000000D+01
    0.9320000000D+03    0.8585187973D+00    0.1000000000D+01
    0.9330000000D+03    0.8585077614D+00    0.1000000000D+01
    0.9340000000D+03    0.8585105399D+00    0.1000000000D+01
    0.9350000000D+03    0.8585298257D+00    0.1000000000D+01
    0.9360000000D+03    0.8585403679D+00    0.1000000000D+01
    0.9370000000D+03    0.8585263758D+00    0.1000000000D+01
    0.9380000000D+03    0.8585054709D+00    0.1000000000D+01
    0.9390000000D+03    0.8584989668D+00    0.1000000000D+01
    0.9400000000D+03    0.8585034265D+00    0.1000000000D+01
    0.9410000000D+03    0.8585081589D+00    0.1000000000D+01
    0.9420000000D+03    0.8585206840D+00    0.1000000000D+01
    0.9430000000D+03    0.8585461859D+00    0.1000000000D+01
    0.9440000000D+03    0.8585538947D+00    0.1000000000D+01
    0.9450000000D+03    0.8585064109D+00    0.1000000000D+01
    0.9460000000D+03    0.8584640492D+00    0.1000000000D+01
    0.9470000000D+03    0.8584969352D+00    0.1000000000D+01
    0.9480000000D+03    0.8585480793D+00    0.1000000000D+01
    0.9490000000D+03    0.8585587627D+00    0.1000000000D+01
    0.9500000000D+03    0.8585403351D+00    0.1000000000D+01
    0.9510000000D+03    0.8585142097D+00    0.1000000000D+01
    0.9520000000D+03    0.8584995696D+00    0.1000000000D+01
    0.9530000000D+03    0.8585065054D+00    0.1000000000D+01
    0.9540000000D+03    0.8585258905D+00    0.1000000000D+01
    0.9550000000D+03    0.8585310344D+00    0.1000000000D+01
    0.9560000000D+03    0.8585168437D+00    0.1000000000D+01
    0.9570000000D+03    0.8585067652D+00    0.1000000000D+01
    0.9580000000D+03    0.8585107009D+00    0.1000000000D+01
    0.9590000000D+03    0.8585178597D+00    0.1000000000D+01
    0.9600000000D+03    0.8585261374D+00    0.1000000000D+01
    0.9610000000D+03    0.8585359195D+00    0.1000000000D+01
    0.9620000000D+03    0.8585305765D+00    0.1000000000D+01
    0.9630000000D+03    0.8585176067D+00    0.1000000000D+01
    0.9640000000D+03    0.8585122938D+00    0.1000000000D+01
    0.9650000000D+03    0.8585137667D+00    0.1000000000D+01
    0.9660000000D+03    0.8585275538D+00    0.1000000000D+01
    0.9670000000D+03    0.8585443695D+00    0.1000000000D+01
    0.9680000000D+03    0.8585457096D+00    0.1000000000D+01
    0.9690000000D+03    0.8585197954D+00    0.1000000000D+01
    0.9700000000D+03    0.8584864345D+00    0.1000000000D+01
    0.9710000000D+03    0.8584842242D+00    0.1000000000D+01
    0.9720000000D+03    0.8585176237D+00    0.1000000000D+01
    0.9730000000D+03    0.8585539376D+00    0.1000000000D+01
    0.9740000000D+03    0.8585520661D+00    0.1000000000D+01
    0.9750000000D+03    0.8585215518D+00    0.1000000000D+01
    0.9760000000D+03    0.8585024418D+00    0.1000000000D+01
    0.9770000000D+03    0.8585053333D+00    0.1000000000D+01
    0.9780000000D+03    0.8585230867D+00    0.1000000000D+01
    0.9790000000D+03    0.8585377688D+00    0.1000000000D+01
    0.9800000000D+03    0.8585380994D+00    0.1000000000D+01
    0.9810000000D+03    0.8585261225D+00    0.1000000000D+01
    0.9820000000D+03    0.8585133154D+00    0.1000000000D+01
    0.9830000000D+03    0.8585139369D+00    0.1000000000D+01
    0.9840000000D+03    0.8585237858D+00    0.1000000000D+01
    0.9850000000D+03    0.8585307517D+00    0.1000000000D+01
    0.9860000000D+03    0.8585328521D+00    0.1000000000D+01
    0.9870000000D+03    0.8585389048D+00    0.1000000000D+01
    0.9880000000D+03    0.8585388125D+00    0.1000000000D+01
    0.9890000000D+03    0.8585206881D+00    0.1000000000D+01
    0.9900000000D+03    0.8585057171D+00    0.1000000000D+01
    0.9910000000D+03    0.8585272890D+00    0.1000000000D+01
    0.9920000000D+03    0.8585724532D+00    0.1000000000D+01
    0.9930000000D+03    0.8585693507D+00    0.1000000000D+01
    0.9940000000D+03    0.8585167218D+00    0.1000000000D+01
    0.9950000000D+03    0.8584927280D+00    0.1000000000D+01
    0.9960000000D+03    0.8585113055D+00    0.1000000000D+01
    0.9970000000D+03    0.8585335157D+00    0.1000000000D+01
    0.9980000000D+03    0.8585399562D+00    0.1000000000D+01
    0.9990000000D+03    0.8585392964D+00    0.1000000000D+01
    0.1000000000D+04    0.8585369479D+00    0.1000000000D+01
