
0.000000	1.000000
0.035000	0.997554
0.070000	0.990249
0.105000	0.978178
0.140000	0.961480
0.175000	0.940335
0.210000	0.914965
0.245000	0.885625
0.280000	0.852601
0.315000	0.816208
0.350000	0.776781
0.385000	0.734676
0.420000	0.690266
0.455000	0.643933
0.490000	0.596068
0.525000	0.547064
0.560000	0.497317
0.595000	0.447217
0.630000	0.397150
0.665000	0.347490
0.700000	0.298600
0.735000	0.250826
0.770000	0.204497
0.805000	0.159921
0.840000	0.117385
0.875000	0.077150
0.910000	0.039452
0.945000	0.004502
0.980000	-0.027519
1.015000	-0.056457
1.050000	-0.082189
1.085000	-0.104619
1.120000	-0.123680
1.155000	-0.139336
1.190000	-0.151575
1.225000	-0.160418
1.260000	-0.165907
1.295000	-0.168112
1.330000	-0.167126
1.365000	-0.163064
1.400000	-0.156064
1.435000	-0.146280
1.470000	-0.133884
1.505000	-0.119066
1.540000	-0.102025
1.575000	-0.082974
1.610000	-0.062134
1.645000	-0.039732
1.680000	-0.016002
1.715000	0.008820
1.750000	0.034497
1.785000	0.060794
1.820000	0.087478
1.855000	0.114321
1.890000	0.141100
1.925000	0.167603
1.960000	0.193626
1.995000	0.218974
2.030000	0.243467
2.065000	0.266935
2.100000	0.289226
2.135000	0.310199
2.170000	0.329731
2.205000	0.347713
2.240000	0.364054
2.275000	0.378679
2.310000	0.391528
2.345000	0.402560
2.380000	0.411749
2.415000	0.419085
2.450000	0.424572
2.485000	0.428233
2.520000	0.430100
2.555000	0.430222
2.590000	0.428661
2.625000	0.425488
2.660000	0.420787
2.695000	0.414652
2.730000	0.407182
2.765000	0.398489
2.800000	0.388686
2.835000	0.377895
2.870000	0.366239
2.905000	0.353848
2.940000	0.340849
2.975000	0.327372
3.010000	0.313548
3.045000	0.299503
3.080000	0.285364
3.115000	0.271251
3.150000	0.257284
3.185000	0.243574
3.220000	0.230227
3.255000	0.217345
3.290000	0.205019
3.325000	0.193334
3.360000	0.182368
3.395000	0.172189
3.430000	0.162857
3.465000	0.154423
3.500000	0.146928
3.535000	0.140405
3.570000	0.134877
3.605000	0.130359
3.640000	0.126858
3.675000	0.124369
3.710000	0.122882
3.745000	0.122378
3.780000	0.122830
3.815000	0.124206
3.850000	0.126466
3.885000	0.129564
3.920000	0.133448
3.955000	0.138063
3.990000	0.143349
4.025000	0.149242
4.060000	0.155676
4.095000	0.162582
4.130000	0.169891
4.165000	0.177531
4.200000	0.185429
4.235000	0.193516
4.270000	0.201720
4.305000	0.209973
4.340000	0.218206
4.375000	0.226356
4.410000	0.234359
4.445000	0.242158
4.480000	0.249697
4.515000	0.256926
4.550000	0.263796
4.585000	0.270265
4.620000	0.276296
4.655000	0.281854
4.690000	0.286913
4.725000	0.291450
4.760000	0.295445
4.795000	0.298887
4.830000	0.301766
4.865000	0.304081
4.900000	0.305832
4.935000	0.307025
4.970000	0.307671
5.005000	0.307785
5.040000	0.307384
5.075000	0.306491
5.110000	0.305130
5.145000	0.303330
5.180000	0.301121
5.215000	0.298538
5.250000	0.295614
5.285000	0.292387
5.320000	0.288895
5.355000	0.285175
5.390000	0.281268
5.425000	0.277213
5.460000	0.273049
5.495000	0.268815
5.530000	0.264550
5.565000	0.260292
5.600000	0.256075
5.635000	0.251934
5.670000	0.247901
5.705000	0.244008
5.740000	0.240282
5.775000	0.236750
5.810000	0.233435
5.845000	0.230358
5.880000	0.227538
5.915000	0.224989
5.950000	0.222725
5.985000	0.220756
6.020000	0.219089
6.055000	0.217730
6.090000	0.216678
6.125000	0.215935
6.160000	0.215497
6.195000	0.215358
6.230000	0.215510
6.265000	0.215943
6.300000	0.216644
6.335000	0.217602
6.370000	0.218799
6.405000	0.220219
6.440000	0.221843
6.475000	0.223654
6.510000	0.225629
6.545000	0.227749
6.580000	0.229991
6.615000	0.232336
6.650000	0.234760
6.685000	0.237242
6.720000	0.239760
6.755000	0.242293
6.790000	0.244821
6.825000	0.247324
6.860000	0.249783
6.895000	0.252181
6.930000	0.254500
6.965000	0.256725
7.000000	0.258841
7.035000	0.260834
7.070000	0.262695
7.105000	0.264412
7.140000	0.265977
7.175000	0.267384
7.210000	0.268625
7.245000	0.269698
7.280000	0.270599
7.315000	0.271328
7.350000	0.271885
7.385000	0.272271
7.420000	0.272490
7.455000	0.272547
7.490000	0.272447
7.525000	0.272196
7.560000	0.271802
7.595000	0.271273
7.630000	0.270620
7.665000	0.269851
7.700000	0.268978
7.735000	0.268012
7.770000	0.266964
7.805000	0.265846
7.840000	0.264670
7.875000	0.263449
7.910000	0.262193
7.945000	0.260915
7.980000	0.259627
8.015000	0.258340
8.050000	0.257065
8.085000	0.255812
8.120000	0.254592
8.155000	0.253413
8.190000	0.252285
8.225000	0.251214
8.260000	0.250210
8.295000	0.249277
8.330000	0.248422
8.365000	0.247649
8.400000	0.246963
8.435000	0.246366
8.470000	0.245861
8.505000	0.245449
8.540000	0.245130
8.575000	0.244905
8.610000	0.244773
8.645000	0.244732
8.680000	0.244780
8.715000	0.244913
8.750000	0.245128
8.785000	0.245421
8.820000	0.245787
8.855000	0.246221
8.890000	0.246717
8.925000	0.247270
8.960000	0.247874
8.995000	0.248522
9.030000	0.249207
9.065000	0.249923
9.100000	0.250664
9.135000	0.251423
9.170000	0.252193
9.205000	0.252968
9.240000	0.253742
9.275000	0.254507
9.310000	0.255260
9.345000	0.255993
9.380000	0.256703
9.415000	0.257384
9.450000	0.258032
9.485000	0.258644
9.520000	0.259214
9.555000	0.259742
9.590000	0.260222
9.625000	0.260655
9.660000	0.261037
9.695000	0.261368
9.730000	0.261646
9.765000	0.261872
9.800000	0.262046
9.835000	0.262167
9.870000	0.262238
9.905000	0.262259
9.940000	0.262231
9.975000	0.262158
10.010000	0.262041
10.045000	0.261883
10.080000	0.261687
10.115000	0.261455
10.150000	0.261192
10.185000	0.260899
10.220000	0.260582
10.255000	0.260242
10.290000	0.259885
10.325000	0.259514
10.360000	0.259132
10.395000	0.258743
10.430000	0.258351
10.465000	0.257959
10.500000	0.257571
10.535000	0.257189
10.570000	0.256816
10.605000	0.256456
10.640000	0.256112
10.675000	0.255784
10.710000	0.255477
10.745000	0.255191
10.780000	0.254929
10.815000	0.254692
10.850000	0.254481
10.885000	0.254296
10.920000	0.254140
10.955000	0.254011
10.990000	0.253910
11.025000	0.253838
11.060000	0.253796
11.095000	0.253781
11.130000	0.253793
11.165000	0.253831
11.200000	0.253894
11.235000	0.253981
11.270000	0.254090
11.305000	0.254220
11.340000	0.254368
11.375000	0.254534
11.410000	0.254715
11.445000	0.254911
11.480000	0.255117
11.515000	0.255334
11.550000	0.255557
11.585000	0.255786
11.620000	0.256019
11.655000	0.256254
11.690000	0.256487
11.725000	0.256719
11.760000	0.256947
11.795000	0.257169
11.830000	0.257384
11.865000	0.257590
11.900000	0.257786
11.935000	0.257971
11.970000	0.258143
12.005000	0.258303
12.040000	0.258448
12.075000	0.258579
12.110000	0.258694
12.145000	0.258793
12.180000	0.258876
12.215000	0.258944
12.250000	0.258996
12.285000	0.259032
12.320000	0.259053
12.355000	0.259058
12.390000	0.259048
12.425000	0.259024
12.460000	0.258987
12.495000	0.258937
12.530000	0.258875
12.565000	0.258802
12.600000	0.258719
12.635000	0.258629
12.670000	0.258530
12.705000	0.258424
12.740000	0.258313
12.775000	0.258197
12.810000	0.258078
12.845000	0.257957
12.880000	0.257835
12.915000	0.257713
12.950000	0.257592
12.985000	0.257473
13.020000	0.257356
13.055000	0.257244
13.090000	0.257137
13.125000	0.257034
13.160000	0.256938
13.195000	0.256848
13.230000	0.256765
13.265000	0.256691
13.300000	0.256624
13.335000	0.256565
13.370000	0.256515
13.405000	0.256473
13.440000	0.256439
13.475000	0.256414
13.510000	0.256398
13.545000	0.256390
13.580000	0.256390
13.615000	0.256398
13.650000	0.256415
13.685000	0.256438
13.720000	0.256468
13.755000	0.256505
13.790000	0.256548
13.825000	0.256596
13.860000	0.256649
13.895000	0.256705
13.930000	0.256766
13.965000	0.256829
14.000000	0.256895
14.035000	0.256962
14.070000	0.257030
14.105000	0.257098
14.140000	0.257167
14.175000	0.257235
14.210000	0.257302
14.245000	0.257367
14.280000	0.257431
14.315000	0.257493
14.350000	0.257550
14.385000	0.257604
14.420000	0.257655
14.455000	0.257701
14.490000	0.257743
14.525000	0.257781
14.560000	0.257813
14.595000	0.257841
14.630000	0.257864
14.665000	0.257883
14.700000	0.257896
14.735000	0.257904
14.770000	0.257908
14.805000	0.257907
14.840000	0.257902
14.875000	0.257891
14.910000	0.257877
14.945000	0.257860
14.980000	0.257839
15.015000	0.257814
15.050000	0.257787
15.085000	0.257757
15.120000	0.257725
15.155000	0.257691
15.190000	0.257655
15.225000	0.257617
15.260000	0.257579
15.295000	0.257540
15.330000	0.257500
15.365000	0.257461
15.400000	0.257422
15.435000	0.257383
15.470000	0.257346
15.505000	0.257310
15.540000	0.257274
15.575000	0.257241
15.610000	0.257209
15.645000	0.257180
15.680000	0.257153
15.715000	0.257129
15.750000	0.257108
15.785000	0.257088
15.820000	0.257070
15.855000	0.257055
15.890000	0.257042
15.925000	0.257034
15.960000	0.257029
15.995000	0.257027
16.030000	0.257026
16.065000	0.257027
16.100000	0.257030
16.135000	0.257035
16.170000	0.257041
16.205000	0.257050
16.240000	0.257061
16.275000	0.257073
16.310000	0.257086
16.345000	0.257101
16.380000	0.257117
16.415000	0.257134
16.450000	0.257151
16.485000	0.257169
16.520000	0.257187
16.555000	0.257206
16.590000	0.257224
16.625000	0.257242
16.660000	0.257260
16.695000	0.257277
16.730000	0.257294
16.765000	0.257310
16.800000	0.257325
16.835000	0.257339
16.870000	0.257352
16.905000	0.257364
16.940000	0.257374
16.975000	0.257384
17.010000	0.257391
17.045000	0.257398
17.080000	0.257403
17.115000	0.257406
17.150000	0.257408
17.185000	0.257409
17.220000	0.257409
17.255000	0.257407
17.290000	0.257404
17.325000	0.257400
17.360000	0.257394
17.395000	0.257387
17.430000	0.257380
17.465000	0.257371
17.500000	0.257361
17.535000	0.257351
17.570000	0.257340
17.605000	0.257328
17.640000	0.257316
17.675000	0.257303
17.710000	0.257291
17.745000	0.257278
17.780000	0.257264
17.815000	0.257250
17.850000	0.257237
17.885000	0.257224
17.920000	0.257211
17.955000	0.257199
17.990000	0.257187
18.025000	0.257176
18.060000	0.257164
18.095000	0.257154
18.130000	0.257144
18.165000	0.257135
18.200000	0.257127
18.235000	0.257120
18.270000	0.257113
18.305000	0.257107
18.340000	0.257103
18.375000	0.257100
18.410000	0.257097
18.445000	0.257094
18.480000	0.257091
18.515000	0.257090
18.550000	0.257089
18.585000	0.257089
18.620000	0.257089
18.655000	0.257090
18.690000	0.257092
18.725000	0.257094
18.760000	0.257096
18.795000	0.257099
18.830000	0.257102
18.865000	0.257105
18.900000	0.257109
18.935000	0.257113
18.970000	0.257117
19.005000	0.257121
19.040000	0.257125
19.075000	0.257129
19.110000	0.257133
19.145000	0.257137
19.180000	0.257141
19.215000	0.257145
19.250000	0.257148
19.285000	0.257151
19.320000	0.257154
19.355000	0.257156
19.390000	0.257158
19.425000	0.257160
19.460000	0.257161
19.495000	0.257162
19.530000	0.257162
19.565000	0.257162
19.600000	0.257162
19.635000	0.257161
19.670000	0.257160
19.705000	0.257159
19.740000	0.257157
19.775000	0.257155
19.810000	0.257152
19.845000	0.257149
19.880000	0.257145
19.915000	0.257142
19.950000	0.257138
19.985000	0.257134
20.020000	0.257129
20.055000	0.257125
20.090000	0.257120
20.125000	0.257116
20.160000	0.257111
20.195000	0.257107
20.230000	0.257102
20.265000	0.257097
20.300000	0.257093
20.335000	0.257088
20.370000	0.257083
20.405000	0.257078
20.440000	0.257073
20.475000	0.257069
20.510000	0.257064
20.545000	0.257060
20.580000	0.257056
20.615000	0.257052
20.650000	0.257048
20.685000	0.257044
20.720000	0.257041
20.755000	0.257038
20.790000	0.257036
20.825000	0.257034
20.860000	0.257032
20.895000	0.257030
20.930000	0.257028
20.965000	0.257027
21.000000	0.257026
21.035000	0.257026
21.070000	0.257025
21.105000	0.257024
21.140000	0.257024
21.175000	0.257024
21.210000	0.257024
21.245000	0.257024
21.280000	0.257024
21.315000	0.257025
21.350000	0.257025
21.385000	0.257026
21.420000	0.257026
21.455000	0.257027
21.490000	0.257027
21.525000	0.257028
21.560000	0.257029
21.595000	0.257029
21.630000	0.257030
21.665000	0.257030
21.700000	0.257030
21.735000	0.257030
21.770000	0.257030
21.805000	0.257029
21.840000	0.257028
21.875000	0.257027
21.910000	0.257026
21.945000	0.257025
21.980000	0.257023
22.015000	0.257020
22.050000	0.257020
22.085000	0.257019
22.120000	0.257019
22.155000	0.257018
22.190000	0.257017
22.225000	0.257016
22.260000	0.257015
22.295000	0.257014
22.330000	0.257012
22.365000	0.257011
22.400000	0.257009
22.435000	0.257008
22.470000	0.257006
22.505000	0.257005
22.540000	0.257003
22.575000	0.257001
22.610000	0.256998
22.645000	0.256995
22.680000	0.256993
22.715000	0.256991
22.750000	0.256989
22.785000	0.256987
22.820000	0.256985
22.855000	0.256984
22.890000	0.256982
22.925000	0.256981
22.960000	0.256979
22.995000	0.256978
23.030000	0.256976
23.065000	0.256975
23.100000	0.256973
23.135000	0.256972
23.170000	0.256971
23.205000	0.256970
23.240000	0.256969
23.275000	0.256967
23.310000	0.256967
23.345000	0.256966
23.380000	0.256964
23.415000	0.256963
23.450000	0.256963
23.485000	0.256962
23.520000	0.256962
23.555000	0.256962
23.590000	0.256961
23.625000	0.256960
23.660000	0.256959
23.695000	0.256959
23.730000	0.256958
23.765000	0.256957
23.800000	0.256957
23.835000	0.256956
23.870000	0.256956
23.905000	0.256956
23.940000	0.256955
23.975000	0.256954
24.010000	0.256954
24.045000	0.256953
24.080000	0.256953
24.115000	0.256953
24.150000	0.256952
24.185000	0.256951
24.220000	0.256950
24.255000	0.256949
24.290000	0.256947
24.325000	0.256946
24.360000	0.256946
24.395000	0.256945
24.430000	0.256945
24.465000	0.256945
24.500000	0.256945
24.535000	0.256945
24.570000	0.256945
24.605000	0.256945
24.640000	0.256944
24.675000	0.256944
24.710000	0.256943
24.745000	0.256942
24.780000	0.256942
24.815000	0.256941
24.850000	0.256940
24.885000	0.256940
24.920000	0.256939
24.955000	0.256938
24.990000	0.256937
25.025000	0.256936
25.060000	0.256935
25.095000	0.256934
25.130000	0.256933
25.165000	0.256931
25.200000	0.256930
25.235000	0.256929
25.270000	0.256928
25.305000	0.256927
25.340000	0.256926
25.375000	0.256925
25.410000	0.256924
25.445000	0.256923
25.480000	0.256921
25.515000	0.256920
25.550000	0.256920
25.585000	0.256919
25.620000	0.256918
25.655000	0.256917
25.690000	0.256917
25.725000	0.256916
25.760000	0.256914
25.795000	0.256913
25.830000	0.256912
25.865000	0.256912
25.900000	0.256911
25.935000	0.256911
25.970000	0.256911
26.005000	0.256911
26.040000	0.256911
26.075000	0.256911
26.110000	0.256911
26.145000	0.256911
26.180000	0.256911
26.215000	0.256910
26.250000	0.256910
26.285000	0.256910
26.320000	0.256910
26.355000	0.256910
26.390000	0.256910
26.425000	0.256911
26.460000	0.256911
26.495000	0.256911
26.530000	0.256911
26.565000	0.256911
26.600000	0.256911
26.635000	0.256911
26.670000	0.256910
26.705000	0.256910
26.740000	0.256909
26.775000	0.256909
26.810000	0.256908
26.845000	0.256908
26.880000	0.256907
26.915000	0.256906
26.950000	0.256905
26.985000	0.256904
27.020000	0.256903
27.055000	0.256901
27.090000	0.256900
27.125000	0.256899
27.160000	0.256897
27.195000	0.256896
27.230000	0.256895
27.265000	0.256894
27.300000	0.256893
27.335000	0.256892
27.370000	0.256891
27.405000	0.256891
27.440000	0.256890
27.475000	0.256890
27.510000	0.256890
27.545000	0.256890
27.580000	0.256890
27.615000	0.256890
27.650000	0.256890
27.685000	0.256889
27.720000	0.256889
27.755000	0.256888
27.790000	0.256888
27.825000	0.256888
27.860000	0.256888
27.895000	0.256888
27.930000	0.256888
27.965000	0.256888
28.000000	0.256889
28.035000	0.256888
28.070000	0.256888
28.105000	0.256888
28.140000	0.256887
28.175000	0.256886
28.210000	0.256885
28.245000	0.256885
28.280000	0.256885
28.315000	0.256885
28.350000	0.256885
28.385000	0.256886
28.420000	0.256886
28.455000	0.256886
28.490000	0.256885
28.525000	0.256886
28.560000	0.256886
28.595000	0.256887
28.630000	0.256888
28.665000	0.256889
28.700000	0.256888
28.735000	0.256887
28.770000	0.256885
28.805000	0.256885
28.840000	0.256884
28.875000	0.256883
28.910000	0.256882
28.945000	0.256881
28.980000	0.256880
29.015000	0.256879
29.050000	0.256878
29.085000	0.256878
29.120000	0.256877
29.155000	0.256876
29.190000	0.256876
29.225000	0.256875
29.260000	0.256875
29.295000	0.256874
29.330000	0.256873
29.365000	0.256873
29.400000	0.256872
29.435000	0.256872
29.470000	0.256871
29.505000	0.256871
29.540000	0.256870
29.575000	0.256870
29.610000	0.256870
29.645000	0.256870
29.680000	0.256870
29.715000	0.256870
29.750000	0.256869
29.785000	0.256869
29.820000	0.256868
29.855000	0.256868
29.890000	0.256868
29.925000	0.256867
29.960000	0.256867
29.995000	0.256867
30.030000	0.256867
30.065000	0.256868
30.100000	0.256868
30.135000	0.256868
30.170000	0.256868
30.205000	0.256868
30.240000	0.256868
30.275000	0.256869
30.310000	0.256869
30.345000	0.256869
30.380000	0.256869
30.415000	0.256869
30.450000	0.256869
30.485000	0.256869
30.520000	0.256868
30.555000	0.256868
30.590000	0.256868
30.625000	0.256868
30.660000	0.256867
30.695000	0.256867
30.730000	0.256867
30.765000	0.256866
30.800000	0.256866
30.835000	0.256866
30.870000	0.256866
30.905000	0.256866
30.940000	0.256867
30.975000	0.256867
31.010000	0.256866
31.045000	0.256866
31.080000	0.256866
31.115000	0.256866
31.150000	0.256866
31.185000	0.256866
31.220000	0.256866
31.255000	0.256866
31.290000	0.256865
31.325000	0.256865
31.360000	0.256865
31.395000	0.256867
31.430000	0.256868
31.465000	0.256870
31.500000	0.256871
31.535000	0.256871
31.570000	0.256871
31.605000	0.256871
31.640000	0.256870
31.675000	0.256869
31.710000	0.256868
31.745000	0.256868
31.780000	0.256867
31.815000	0.256867
31.850000	0.256868
31.885000	0.256870
31.920000	0.256871
31.955000	0.256873
31.990000	0.256874
32.025000	0.256874
32.060000	0.256874
32.095000	0.256873
32.130000	0.256872
32.165000	0.256871
32.200000	0.256870
32.235000	0.256869
32.270000	0.256869
32.305000	0.256868
32.340000	0.256867
32.375000	0.256866
32.410000	0.256866
32.445000	0.256866
32.480000	0.256866
32.515000	0.256866
32.550000	0.256865
32.585000	0.256865
32.620000	0.256864
32.655000	0.256863
32.690000	0.256862
32.725000	0.256862
32.760000	0.256861
32.795000	0.256860
32.830000	0.256860
32.865000	0.256859
32.900000	0.256858
32.935000	0.256857
32.970000	0.256857
33.005000	0.256856
33.040000	0.256856
33.075000	0.256856
33.110000	0.256856
33.145000	0.256856
33.180000	0.256855
33.215000	0.256855
33.250000	0.256855
33.285000	0.256855
33.320000	0.256855
33.355000	0.256855
33.390000	0.256855
33.425000	0.256855
33.460000	0.256855
33.495000	0.256855
33.530000	0.256855
33.565000	0.256855
33.600000	0.256855
33.635000	0.256856
33.670000	0.256856
33.705000	0.256856
33.740000	0.256856
33.775000	0.256856
33.810000	0.256856
33.845000	0.256857
33.880000	0.256857
33.915000	0.256857
33.950000	0.256858
33.985000	0.256858
34.020000	0.256858
34.055000	0.256858
34.090000	0.256858
34.125000	0.256859
34.160000	0.256859
34.195000	0.256859
34.230000	0.256859
34.265000	0.256859
34.300000	0.256859
34.335000	0.256859
34.370000	0.256860
34.405000	0.256860
34.440000	0.256860
34.475000	0.256860
34.510000	0.256861
34.545000	0.256862
34.580000	0.256862
34.615000	0.256862
34.650000	0.256863
34.685000	0.256863
34.720000	0.256863
34.755000	0.256863
34.790000	0.256863
34.825000	0.256863
34.860000	0.256863
34.895000	0.256863
34.930000	0.256862
34.965000	0.256861
35.000000	0.256861
35.035000	0.256860
35.070000	0.256860
35.105000	0.256859
35.140000	0.256859
35.175000	0.256858
35.210000	0.256858
35.245000	0.256857
35.280000	0.256857
35.315000	0.256857
35.350000	0.256857
35.385000	0.256857
35.420000	0.256857
35.455000	0.256857
35.490000	0.256856
35.525000	0.256856
35.560000	0.256856
35.595000	0.256855
35.630000	0.256855
35.665000	0.256855
35.700000	0.256855
35.735000	0.256854
35.770000	0.256854
35.805000	0.256854
35.840000	0.256853
35.875000	0.256853
35.910000	0.256853
35.945000	0.256852
35.980000	0.256847
36.015000	0.256843
36.050000	0.256839
36.085000	0.256835
36.120000	0.256831
36.155000	0.256828
36.190000	0.256828
36.225000	0.256829
36.260000	0.256830
36.295000	0.256831
36.330000	0.256833
36.365000	0.256834
36.400000	0.256835
36.435000	0.256837
36.470000	0.256838
36.505000	0.256840
36.540000	0.256841
36.575000	0.256843
36.610000	0.256845
36.645000	0.256847
36.680000	0.256849
36.715000	0.256851
36.750000	0.256853
36.785000	0.256855
36.820000	0.256857
36.855000	0.256858
36.890000	0.256860
36.925000	0.256861
36.960000	0.256861
36.995000	0.256862
37.030000	0.256862
37.065000	0.256862
37.100000	0.256863
37.135000	0.256863
37.170000	0.256862
37.205000	0.256862
37.240000	0.256862
37.275000	0.256862
37.310000	0.256861
37.345000	0.256861
37.380000	0.256860
37.415000	0.256860
37.450000	0.256859
37.485000	0.256858
37.520000	0.256858
37.555000	0.256857
37.590000	0.256856
37.625000	0.256855
37.660000	0.256854
37.695000	0.256853
37.730000	0.256852
37.765000	0.256851
37.800000	0.256850
37.835000	0.256849
37.870000	0.256848
37.905000	0.256847
37.940000	0.256847
37.975000	0.256846
38.010000	0.256845
38.045000	0.256844
38.080000	0.256843
38.115000	0.256843
38.150000	0.256842
38.185000	0.256841
38.220000	0.256841
38.255000	0.256840
38.290000	0.256840
38.325000	0.256840
38.360000	0.256839
38.395000	0.256839
38.430000	0.256838
38.465000	0.256838
38.500000	0.256838
38.535000	0.256837
38.570000	0.256837
38.605000	0.256837
38.640000	0.256837
38.675000	0.256838
38.710000	0.256838
38.745000	0.256839
38.780000	0.256839
38.815000	0.256840
38.850000	0.256841
38.885000	0.256841
38.920000	0.256842
38.955000	0.256842
38.990000	0.256843
39.025000	0.256844
39.060000	0.256844
39.095000	0.256845
39.130000	0.256846
39.165000	0.256847
39.200000	0.256848
39.235000	0.256848
39.270000	0.256849
39.305000	0.256850
39.340000	0.256850
39.375000	0.256851
39.410000	0.256851
39.445000	0.256851
39.480000	0.256851
39.515000	0.256851
39.550000	0.256851
39.585000	0.256851
39.620000	0.256851
39.655000	0.256851
39.690000	0.256850
39.725000	0.256850
39.760000	0.256850
39.795000	0.256849
39.830000	0.256849
39.865000	0.256849
39.900000	0.256849
39.935000	0.256849
39.970000	0.256848