    0.0000000000D+00    0.1000000000D+01    0.1000000000D+01
    0.5000000000D+00    0.9992308026D+00    0.1000000000D+01
    0.1000000000D+01    0.9969711044D+00    0.1000000000D+01
    0.1500000000D+01    0.9933624267D+00    0.1000000000D+01
    0.2000000000D+01    0.9886047484D+00    0.1000000000D+01
    0.2500000000D+01    0.9829265602D+00    0.1000000000D+01
    0.3000000000D+01    0.9765659630D+00    0.1000000000D+01
    0.3500000000D+01    0.9697588045D+00    0.1000000000D+01
    0.4000000000D+01    0.9627290999D+00    0.1000000000D+01
    0.4500000000D+01    0.9556800347D+00    0.1000000000D+01
    0.5000000000D+01    0.9487866681D+00    0.1000000000D+01
    0.5500000000D+01    0.9421918543D+00    0.1000000000D+01
    0.6000000000D+01    0.9360050618D+00    0.1000000000D+01
    0.6500000000D+01    0.9303029839D+00    0.1000000000D+01
    0.7000000000D+01    0.9251320420D+00    0.1000000000D+01
    0.7500000000D+01    0.9205130162D+00    0.1000000000D+01
    0.8000000000D+01    0.9164463206D+00    0.1000000000D+01
    0.8500000000D+01    0.9129162150D+00    0.1000000000D+01
    0.9000000000D+01    0.9098943450D+00    0.1000000000D+01
    0.9500000000D+01    0.9073438526D+00    0.1000000000D+01
    0.1000000000D+02    0.9052235086D+00    0.1000000000D+01
    0.1050000000D+02    0.9034902181D+00    0.1000000000D+01
    0.1100000000D+02    0.9021000071D+00    0.1000000000D+01
    0.1150000000D+02    0.9010092918D+00    0.1000000000D+01
    0.1200000000D+02    0.9001769515D+00    0.1000000000D+01
    0.1250000000D+02    0.8995656197D+00    0.1000000000D+01
    0.1300000000D+02    0.8991412510D+00    0.1000000000D+01
    0.1350000000D+02    0.8988723973D+00    0.1000000000D+01
    0.1400000000D+02    0.8987307828D+00    0.1000000000D+01
    0.1450000000D+02    0.8986923783D+00    0.1000000000D+01
    0.1500000000D+02    0.8987370995D+00    0.1000000000D+01
    0.1550000000D+02    0.8988472932D+00    0.1000000000D+01
    0.1600000000D+02    0.8990070640D+00    0.1000000000D+01
    0.1650000000D+02    0.8992031523D+00    0.1000000000D+01
    0.1700000000D+02    0.8994255697D+00    0.1000000000D+01
    0.1750000000D+02    0.8996665172D+00    0.1000000000D+01
    0.1800000000D+02    0.8999188221D+00    0.1000000000D+01
    0.1850000000D+02    0.9001759659D+00    0.1000000000D+01
    0.1900000000D+02    0.9004333606D+00    0.1000000000D+01
    0.1950000000D+02    0.9006885625D+00    0.1000000000D+01
    0.2000000000D+02    0.9009397205D+00    0.1000000000D+01
    0.2050000000D+02    0.9011843352D+00    0.1000000000D+01
    0.2100000000D+02    0.9014200524D+00    0.1000000000D+01
    0.2150000000D+02    0.9016461500D+00    0.1000000000D+01
    0.2200000000D+02    0.9018632733D+00    0.1000000000D+01
    0.2250000000D+02    0.9020716126D+00    0.1000000000D+01
    0.2300000000D+02    0.9022701458D+00    0.1000000000D+01
    0.2350000000D+02    0.9024580277D+00    0.1000000000D+01
    0.2400000000D+02    0.9026359756D+00    0.1000000000D+01
    0.2450000000D+02    0.9028054843D+00    0.1000000000D+01
    0.2500000000D+02    0.9029669786D+00    0.1000000000D+01
    0.2550000000D+02    0.9031196474D+00    0.1000000000D+01
    0.2600000000D+02    0.9032632158D+00    0.1000000000D+01
    0.2650000000D+02    0.9033990030D+00    0.1000000000D+01
    0.2700000000D+02    0.9035286671D+00    0.1000000000D+01
    0.2750000000D+02    0.9036524603D+00    0.1000000000D+01
    0.2800000000D+02    0.9037695290D+00    0.1000000000D+01
    0.2850000000D+02    0.9038797721D+00    0.1000000000D+01
    0.2900000000D+02    0.9039845254D+00    0.1000000000D+01
    0.2950000000D+02    0.9040851284D+00    0.1000000000D+01
    0.3000000000D+02    0.9041814931D+00    0.1000000000D+01
    0.3050000000D+02    0.9042726922D+00    0.1000000000D+01
    0.3100000000D+02    0.9043586165D+00    0.1000000000D+01
    0.3150000000D+02    0.9044403343D+00    0.1000000000D+01
    0.3200000000D+02    0.9045187871D+00    0.1000000000D+01
    0.3250000000D+02    0.9045937796D+00    0.1000000000D+01
    0.3300000000D+02    0.9046645989D+00    0.1000000000D+01
    0.3350000000D+02    0.9047312295D+00    0.1000000000D+01
    0.3400000000D+02    0.9047945008D+00    0.1000000000D+01
    0.3450000000D+02    0.9048551937D+00    0.1000000000D+01
    0.3500000000D+02    0.9049134256D+00    0.1000000000D+01
    0.3550000000D+02    0.9049689236D+00    0.1000000000D+01
    0.3600000000D+02    0.9050215739D+00    0.1000000000D+01
    0.3650000000D+02    0.9050716225D+00    0.1000000000D+01
    0.3700000000D+02    0.9051195617D+00    0.1000000000D+01
    0.3750000000D+02    0.9051658822D+00    0.1000000000D+01
    0.3800000000D+02    0.9052107075D+00    0.1000000000D+01
    0.3850000000D+02    0.9052535934D+00    0.1000000000D+01
    0.3900000000D+02    0.9052939834D+00    0.1000000000D+01
    0.3950000000D+02    0.9053320551D+00    0.1000000000D+01
    0.4000000000D+02    0.9053687980D+00    0.1000000000D+01
    0.4050000000D+02    0.9054048665D+00    0.1000000000D+01
    0.4100000000D+02    0.9054395945D+00    0.1000000000D+01
    0.4150000000D+02    0.9054717683D+00    0.1000000000D+01
    0.4200000000D+02    0.9055014197D+00    0.1000000000D+01
    0.4250000000D+02    0.9055301473D+00    0.1000000000D+01
    0.4300000000D+02    0.9055592136D+00    0.1000000000D+01
    0.4350000000D+02    0.9055878658D+00    0.1000000000D+01
    0.4400000000D+02    0.9056143318D+00    0.1000000000D+01
    0.4450000000D+02    0.9056383240D+00    0.1000000000D+01
    0.4500000000D+02    0.9056616206D+00    0.1000000000D+01
    0.4550000000D+02    0.9056857833D+00    0.1000000000D+01
    0.4600000000D+02    0.9057100536D+00    0.1000000000D+01
    0.4650000000D+02    0.9057323548D+00    0.1000000000D+01
    0.4700000000D+02    0.9057520881D+00    0.1000000000D+01
    0.4750000000D+02    0.9057709277D+00    0.1000000000D+01
    0.4800000000D+02    0.9057905881D+00    0.1000000000D+01
    0.4850000000D+02    0.9058106466D+00    0.1000000000D+01
    0.4900000000D+02    0.9058292835D+00    0.1000000000D+01
    0.4950000000D+02    0.9058457524D+00    0.1000000000D+01
    0.5000000000D+02    0.9058612539D+00    0.1000000000D+01
    0.5050000000D+02    0.9058773089D+00    0.1000000000D+01
    0.5100000000D+02    0.9058939982D+00    0.1000000000D+01
    0.5150000000D+02    0.9059102032D+00    0.1000000000D+01
    0.5200000000D+02    0.9059251338D+00    0.1000000000D+01
    0.5250000000D+02    0.9059390862D+00    0.1000000000D+01
    0.5300000000D+02    0.9059528559D+00    0.1000000000D+01
    0.5350000000D+02    0.9059668955D+00    0.1000000000D+01
    0.5400000000D+02    0.9059810844D+00    0.1000000000D+01
    0.5450000000D+02    0.9059949333D+00    0.1000000000D+01
    0.5500000000D+02    0.9060079031D+00    0.1000000000D+01
    0.5550000000D+02    0.9060198728D+00    0.1000000000D+01
    0.5600000000D+02    0.9060314727D+00    0.1000000000D+01
    0.5650000000D+02    0.9060436295D+00    0.1000000000D+01
    0.5700000000D+02    0.9060564983D+00    0.1000000000D+01
    0.5750000000D+02    0.9060691070D+00    0.1000000000D+01
    0.5800000000D+02    0.9060804621D+00    0.1000000000D+01
    0.5850000000D+02    0.9060908861D+00    0.1000000000D+01
    0.5900000000D+02    0.9061017724D+00    0.1000000000D+01
    0.5950000000D+02    0.9061139030D+00    0.1000000000D+01
    0.6000000000D+02    0.9061264600D+00    0.1000000000D+01
    0.6050000000D+02    0.9061380292D+00    0.1000000000D+01
    0.6100000000D+02    0.9061482801D+00    0.1000000000D+01
    0.6150000000D+02    0.9061581958D+00    0.1000000000D+01
    0.6200000000D+02    0.9061687447D+00    0.1000000000D+01
    0.6250000000D+02    0.9061798173D+00    0.1000000000D+01
    0.6300000000D+02    0.9061905665D+00    0.1000000000D+01
    0.6350000000D+02    0.9062003616D+00    0.1000000000D+01
    0.6400000000D+02    0.9062091943D+00    0.1000000000D+01
    0.6450000000D+02    0.9062175167D+00    0.1000000000D+01
    0.6500000000D+02    0.9062260004D+00    0.1000000000D+01
    0.6550000000D+02    0.9062351485D+00    0.1000000000D+01
    0.6600000000D+02    0.9062446687D+00    0.1000000000D+01
    0.6650000000D+02    0.9062533923D+00    0.1000000000D+01
    0.6700000000D+02    0.9062604383D+00    0.1000000000D+01
    0.6750000000D+02    0.9062665577D+00    0.1000000000D+01
    0.6800000000D+02    0.9062736612D+00    0.1000000000D+01
    0.6850000000D+02    0.9062825549D+00    0.1000000000D+01
    0.6900000000D+02    0.9062916540D+00    0.1000000000D+01
    0.6950000000D+02    0.9062987265D+00    0.1000000000D+01
    0.7000000000D+02    0.9063037862D+00    0.1000000000D+01
    0.7050000000D+02    0.9063093505D+00    0.1000000000D+01
    0.7100000000D+02    0.9063174419D+00    0.1000000000D+01
    0.7150000000D+02    0.9063270518D+00    0.1000000000D+01
    0.7200000000D+02    0.9063353667D+00    0.1000000000D+01
    0.7250000000D+02    0.9063412100D+00    0.1000000000D+01
    0.7300000000D+02    0.9063463423D+00    0.1000000000D+01
    0.7350000000D+02    0.9063531539D+00    0.1000000000D+01
    0.7400000000D+02    0.9063618431D+00    0.1000000000D+01
    0.7450000000D+02    0.9063704904D+00    0.1000000000D+01
    0.7500000000D+02    0.9063775057D+00    0.1000000000D+01
    0.7550000000D+02    0.9063832302D+00    0.1000000000D+01
    0.7600000000D+02    0.9063891190D+00    0.1000000000D+01
    0.7650000000D+02    0.9063960381D+00    0.1000000000D+01
    0.7700000000D+02    0.9064036899D+00    0.1000000000D+01
    0.7750000000D+02    0.9064112510D+00    0.1000000000D+01
    0.7800000000D+02    0.9064180791D+00    0.1000000000D+01
    0.7850000000D+02    0.9064239821D+00    0.1000000000D+01
    0.7900000000D+02    0.9064293009D+00    0.1000000000D+01
    0.7950000000D+02    0.9064347872D+00    0.1000000000D+01
    0.8000000000D+02    0.9064410172D+00    0.1000000000D+01
    0.8050000000D+02    0.9064477388D+00    0.1000000000D+01
    0.8100000000D+02    0.9064540277D+00    0.1000000000D+01
    0.8150000000D+02    0.9064592749D+00    0.1000000000D+01
    0.8200000000D+02    0.9064638800D+00    0.1000000000D+01
    0.8250000000D+02    0.9064688108D+00    0.1000000000D+01
    0.8300000000D+02    0.9064746011D+00    0.1000000000D+01
    0.8350000000D+02    0.9064809310D+00    0.1000000000D+01
    0.8400000000D+02    0.9064870258D+00    0.1000000000D+01
    0.8450000000D+02    0.9064922278D+00    0.1000000000D+01
    0.8500000000D+02    0.9064963591D+00    0.1000000000D+01
    0.8550000000D+02    0.9064999600D+00    0.1000000000D+01
    0.8600000000D+02    0.9065041756D+00    0.1000000000D+01
    0.8650000000D+02    0.9065098488D+00    0.1000000000D+01
    0.8700000000D+02    0.9065164037D+00    0.1000000000D+01
    0.8750000000D+02    0.9065220876D+00    0.1000000000D+01
    0.8800000000D+02    0.9065259285D+00    0.1000000000D+01
    0.8850000000D+02    0.9065292669D+00    0.1000000000D+01
    0.8900000000D+02    0.9065345643D+00    0.1000000000D+01
    0.8950000000D+02    0.9065424283D+00    0.1000000000D+01
    0.9000000000D+02    0.9065505019D+00    0.1000000000D+01
    0.9050000000D+02    0.9065559451D+00    0.1000000000D+01
    0.9100000000D+02    0.9065586885D+00    0.1000000000D+01
    0.9150000000D+02    0.9065614555D+00    0.1000000000D+01
    0.9200000000D+02    0.9065665125D+00    0.1000000000D+01
    0.9250000000D+02    0.9065731352D+00    0.1000000000D+01
    0.9300000000D+02    0.9065786916D+00    0.1000000000D+01
    0.9350000000D+02    0.9065816871D+00    0.1000000000D+01
    0.9400000000D+02    0.9065831013D+00    0.1000000000D+01
    0.9450000000D+02    0.9065849538D+00    0.1000000000D+01
    0.9500000000D+02    0.9065882920D+00    0.1000000000D+01
    0.9550000000D+02    0.9065927149D+00    0.1000000000D+01
    0.9600000000D+02    0.9065971863D+00    0.1000000000D+01
    0.9650000000D+02    0.9066008376D+00    0.1000000000D+01
    0.9700000000D+02    0.9066034025D+00    0.1000000000D+01
    0.9750000000D+02    0.9066055099D+00    0.1000000000D+01
    0.9800000000D+02    0.9066084613D+00    0.1000000000D+01
    0.9850000000D+02    0.9066130967D+00    0.1000000000D+01
    0.9900000000D+02    0.9066186686D+00    0.1000000000D+01
    0.9950000000D+02    0.9066232796D+00    0.1000000000D+01
    0.1000000000D+03    0.9066258163D+00    0.1000000000D+01
    0.1005000000D+03    0.9066272480D+00    0.1000000000D+01
    0.1010000000D+03    0.9066296430D+00    0.1000000000D+01
    0.1015000000D+03    0.9066339803D+00    0.1000000000D+01
    0.1020000000D+03    0.9066392768D+00    0.1000000000D+01
    0.1025000000D+03    0.9066438219D+00    0.1000000000D+01
    0.1030000000D+03    0.9066468562D+00    0.1000000000D+01
    0.1035000000D+03    0.9066489649D+00    0.1000000000D+01
    0.1040000000D+03    0.9066512935D+00    0.1000000000D+01
    0.1045000000D+03    0.9066546866D+00    0.1000000000D+01
    0.1050000000D+03    0.9066592410D+00    0.1000000000D+01
    0.1055000000D+03    0.9066641891D+00    0.1000000000D+01
    0.1060000000D+03    0.9066682845D+00    0.1000000000D+01
    0.1065000000D+03    0.9066708083D+00    0.1000000000D+01
    0.1070000000D+03    0.9066724123D+00    0.1000000000D+01
    0.1075000000D+03    0.9066746743D+00    0.1000000000D+01
    0.1080000000D+03    0.9066785422D+00    0.1000000000D+01
    0.1085000000D+03    0.9066833230D+00    0.1000000000D+01
    0.1090000000D+03    0.9066873906D+00    0.1000000000D+01
    0.1095000000D+03    0.9066897644D+00    0.1000000000D+01
    0.1100000000D+03    0.9066908379D+00    0.1000000000D+01
    0.1105000000D+03    0.9066918127D+00    0.1000000000D+01
    0.1110000000D+03    0.9066938019D+00    0.1000000000D+01
    0.1115000000D+03    0.9066972851D+00    0.1000000000D+01
    0.1120000000D+03    0.9067017344D+00    0.1000000000D+01
    0.1125000000D+03    0.9067055672D+00    0.1000000000D+01
    0.1130000000D+03    0.9067071952D+00    0.1000000000D+01
    0.1135000000D+03    0.9067068690D+00    0.1000000000D+01
    0.1140000000D+03    0.9067071840D+00    0.1000000000D+01
    0.1145000000D+03    0.9067107554D+00    0.1000000000D+01
    0.1150000000D+03    0.9067170661D+00    0.1000000000D+01
    0.1155000000D+03    0.9067224328D+00    0.1000000000D+01
    0.1160000000D+03    0.9067238550D+00    0.1000000000D+01
    0.1165000000D+03    0.9067225329D+00    0.1000000000D+01
    0.1170000000D+03    0.9067227281D+00    0.1000000000D+01
    0.1175000000D+03    0.9067270714D+00    0.1000000000D+01
    0.1180000000D+03    0.9067337510D+00    0.1000000000D+01
    0.1185000000D+03    0.9067387282D+00    0.1000000000D+01
    0.1190000000D+03    0.9067401344D+00    0.1000000000D+01
    0.1195000000D+03    0.9067398159D+00    0.1000000000D+01
    0.1200000000D+03    0.9067408358D+00    0.1000000000D+01
    0.1205000000D+03    0.9067443268D+00    0.1000000000D+01
    0.1210000000D+03    0.9067489924D+00    0.1000000000D+01
    0.1215000000D+03    0.9067529015D+00    0.1000000000D+01
    0.1220000000D+03    0.9067551191D+00    0.1000000000D+01
    0.1225000000D+03    0.9067559586D+00    0.1000000000D+01
    0.1230000000D+03    0.9067564613D+00    0.1000000000D+01
    0.1235000000D+03    0.9067578053D+00    0.1000000000D+01
    0.1240000000D+03    0.9067606467D+00    0.1000000000D+01
    0.1245000000D+03    0.9067645680D+00    0.1000000000D+01
    0.1250000000D+03    0.9067682965D+00    0.1000000000D+01
    0.1255000000D+03    0.9067707563D+00    0.1000000000D+01
    0.1260000000D+03    0.9067719614D+00    0.1000000000D+01
    0.1265000000D+03    0.9067728841D+00    0.1000000000D+01
    0.1270000000D+03    0.9067745965D+00    0.1000000000D+01
    0.1275000000D+03    0.9067775698D+00    0.1000000000D+01
    0.1280000000D+03    0.9067814473D+00    0.1000000000D+01
    0.1285000000D+03    0.9067851063D+00    0.1000000000D+01
    0.1290000000D+03    0.9067871542D+00    0.1000000000D+01
    0.1295000000D+03    0.9067870414D+00    0.1000000000D+01
    0.1300000000D+03    0.9067859580D+00    0.1000000000D+01
    0.1305000000D+03    0.9067861617D+00    0.1000000000D+01
    0.1310000000D+03    0.9067888673D+00    0.1000000000D+01
    0.1315000000D+03    0.9067928549D+00    0.1000000000D+01
    0.1320000000D+03    0.9067955975D+00    0.1000000000D+01
    0.1325000000D+03    0.9067958748D+00    0.1000000000D+01
    0.1330000000D+03    0.9067950105D+00    0.1000000000D+01
    0.1335000000D+03    0.9067954686D+00    0.1000000000D+01
    0.1340000000D+03    0.9067985260D+00    0.1000000000D+01
    0.1345000000D+03    0.9068034206D+00    0.1000000000D+01
    0.1350000000D+03    0.9068083167D+00    0.1000000000D+01
    0.1355000000D+03    0.9068116462D+00    0.1000000000D+01
    0.1360000000D+03    0.9068128632D+00    0.1000000000D+01
    0.1365000000D+03    0.9068127818D+00    0.1000000000D+01
    0.1370000000D+03    0.9068133895D+00    0.1000000000D+01
    0.1375000000D+03    0.9068164842D+00    0.1000000000D+01
    0.1380000000D+03    0.9068217265D+00    0.1000000000D+01
    0.1385000000D+03    0.9068263463D+00    0.1000000000D+01
    0.1390000000D+03    0.9068276103D+00    0.1000000000D+01
    0.1395000000D+03    0.9068258089D+00    0.1000000000D+01
    0.1400000000D+03    0.9068242883D+00    0.1000000000D+01
    0.1405000000D+03    0.9068261441D+00    0.1000000000D+01
    0.1410000000D+03    0.9068311328D+00    0.1000000000D+01
    0.1415000000D+03    0.9068361655D+00    0.1000000000D+01
    0.1420000000D+03    0.9068385471D+00    0.1000000000D+01
    0.1425000000D+03    0.9068382643D+00    0.1000000000D+01
    0.1430000000D+03    0.9068373494D+00    0.1000000000D+01
    0.1435000000D+03    0.9068378058D+00    0.1000000000D+01
    0.1440000000D+03    0.9068403274D+00    0.1000000000D+01
    0.1445000000D+03    0.9068442352D+00    0.1000000000D+01
    0.1450000000D+03    0.9068479439D+00    0.1000000000D+01
    0.1455000000D+03    0.9068497908D+00    0.1000000000D+01
    0.1460000000D+03    0.9068492991D+00    0.1000000000D+01
    0.1465000000D+03    0.9068479861D+00    0.1000000000D+01
    0.1470000000D+03    0.9068483910D+00    0.1000000000D+01
    0.1475000000D+03    0.9068517084D+00    0.1000000000D+01
    0.1480000000D+03    0.9068564667D+00    0.1000000000D+01
    0.1485000000D+03    0.9068598978D+00    0.1000000000D+01
    0.1490000000D+03    0.9068605752D+00    0.1000000000D+01
    0.1495000000D+03    0.9068595122D+00    0.1000000000D+01
    0.1500000000D+03    0.9068588792D+00    0.1000000000D+01
    0.1505000000D+03    0.9068600594D+00    0.1000000000D+01
    0.1510000000D+03    0.9068629087D+00    0.1000000000D+01
    0.1515000000D+03    0.9068663181D+00    0.1000000000D+01
    0.1520000000D+03    0.9068690780D+00    0.1000000000D+01
    0.1525000000D+03    0.9068704779D+00    0.1000000000D+01
    0.1530000000D+03    0.9068706792D+00    0.1000000000D+01
    0.1535000000D+03    0.9068707229D+00    0.1000000000D+01
    0.1540000000D+03    0.9068718593D+00    0.1000000000D+01
    0.1545000000D+03    0.9068745865D+00    0.1000000000D+01
    0.1550000000D+03    0.9068783354D+00    0.1000000000D+01
    0.1555000000D+03    0.9068819961D+00    0.1000000000D+01
    0.1560000000D+03    0.9068845315D+00    0.1000000000D+01
    0.1565000000D+03    0.9068853188D+00    0.1000000000D+01
    0.1570000000D+03    0.9068846290D+00    0.1000000000D+01
    0.1575000000D+03    0.9068840945D+00    0.1000000000D+01
    0.1580000000D+03    0.9068859927D+00    0.1000000000D+01
    0.1585000000D+03    0.9068910282D+00    0.1000000000D+01
    0.1590000000D+03    0.9068967393D+00    0.1000000000D+01
    0.1595000000D+03    0.9068991568D+00    0.1000000000D+01
    0.1600000000D+03    0.9068969157D+00    0.1000000000D+01
    0.1605000000D+03    0.9068933456D+00    0.1000000000D+01
    0.1610000000D+03    0.9068934983D+00    0.1000000000D+01
    0.1615000000D+03    0.9068988750D+00    0.1000000000D+01
    0.1620000000D+03    0.9069057649D+00    0.1000000000D+01
    0.1625000000D+03    0.9069091347D+00    0.1000000000D+01
    0.1630000000D+03    0.9069076478D+00    0.1000000000D+01
    0.1635000000D+03    0.9069044825D+00    0.1000000000D+01
    0.1640000000D+03    0.9069037380D+00    0.1000000000D+01
    0.1645000000D+03    0.9069067527D+00    0.1000000000D+01
    0.1650000000D+03    0.9069117588D+00    0.1000000000D+01
    0.1655000000D+03    0.9069161084D+00    0.1000000000D+01
    0.1660000000D+03    0.9069182334D+00    0.1000000000D+01
    0.1665000000D+03    0.9069180931D+00    0.1000000000D+01
    0.1670000000D+03    0.9069168446D+00    0.1000000000D+01
    0.1675000000D+03    0.9069163120D+00    0.1000000000D+01
    0.1680000000D+03    0.9069179858D+00    0.1000000000D+01
    0.1685000000D+03    0.9069218504D+00    0.1000000000D+01
    0.1690000000D+03    0.9069262362D+00    0.1000000000D+01
    0.1695000000D+03    0.9069291433D+00    0.1000000000D+01
    0.1700000000D+03    0.9069298342D+00    0.1000000000D+01
    0.1705000000D+03    0.9069292221D+00    0.1000000000D+01
    0.1710000000D+03    0.9069289817D+00    0.1000000000D+01
    0.1715000000D+03    0.9069304248D+00    0.1000000000D+01
    0.1720000000D+03    0.9069338291D+00    0.1000000000D+01
    0.1725000000D+03    0.9069381928D+00    0.1000000000D+01
    0.1730000000D+03    0.9069415632D+00    0.1000000000D+01
    0.1735000000D+03    0.9069423016D+00    0.1000000000D+01
    0.1740000000D+03    0.9069406424D+00    0.1000000000D+01
    0.1745000000D+03    0.9069388843D+00    0.1000000000D+01
    0.1750000000D+03    0.9069395531D+00    0.1000000000D+01
    0.1755000000D+03    0.9069431602D+00    0.1000000000D+01
    0.1760000000D+03    0.9069478405D+00    0.1000000000D+01
    0.1765000000D+03    0.9069511210D+00    0.1000000000D+01
    0.1770000000D+03    0.9069518688D+00    0.1000000000D+01
    0.1775000000D+03    0.9069507376D+00    0.1000000000D+01
    0.1780000000D+03    0.9069493729D+00    0.1000000000D+01
    0.1785000000D+03    0.9069494690D+00    0.1000000000D+01
    0.1790000000D+03    0.9069519761D+00    0.1000000000D+01
    0.1795000000D+03    0.9069563421D+00    0.1000000000D+01
    0.1800000000D+03    0.9069604474D+00    0.1000000000D+01
    0.1805000000D+03    0.9069620053D+00    0.1000000000D+01
    0.1810000000D+03    0.9069605971D+00    0.1000000000D+01
    0.1815000000D+03    0.9069582594D+00    0.1000000000D+01
    0.1820000000D+03    0.9069577818D+00    0.1000000000D+01
    0.1825000000D+03    0.9069603754D+00    0.1000000000D+01
    0.1830000000D+03    0.9069649538D+00    0.1000000000D+01
    0.1835000000D+03    0.9069692777D+00    0.1000000000D+01
    0.1840000000D+03    0.9069714464D+00    0.1000000000D+01
    0.1845000000D+03    0.9069707494D+00    0.1000000000D+01
    0.1850000000D+03    0.9069681418D+00    0.1000000000D+01
    0.1855000000D+03    0.9069662655D+00    0.1000000000D+01
    0.1860000000D+03    0.9069680110D+00    0.1000000000D+01
    0.1865000000D+03    0.9069737945D+00    0.1000000000D+01
    0.1870000000D+03    0.9069802338D+00    0.1000000000D+01
    0.1875000000D+03    0.9069826340D+00    0.1000000000D+01
    0.1880000000D+03    0.9069795584D+00    0.1000000000D+01
    0.1885000000D+03    0.9069746450D+00    0.1000000000D+01
    0.1890000000D+03    0.9069732874D+00    0.1000000000D+01
    0.1895000000D+03    0.9069774555D+00    0.1000000000D+01
    0.1900000000D+03    0.9069840742D+00    0.1000000000D+01
    0.1905000000D+03    0.9069883471D+00    0.1000000000D+01
    0.1910000000D+03    0.9069881312D+00    0.1000000000D+01
    0.1915000000D+03    0.9069850738D+00    0.1000000000D+01
    0.1920000000D+03    0.9069823384D+00    0.1000000000D+01
    0.1925000000D+03    0.9069819415D+00    0.1000000000D+01
    0.1930000000D+03    0.9069839113D+00    0.1000000000D+01
    0.1935000000D+03    0.9069869640D+00    0.1000000000D+01
    0.1940000000D+03    0.9069895104D+00    0.1000000000D+01
    0.1945000000D+03    0.9069904687D+00    0.1000000000D+01
    0.1950000000D+03    0.9069898101D+00    0.1000000000D+01
    0.1955000000D+03    0.9069885808D+00    0.1000000000D+01
    0.1960000000D+03    0.9069881913D+00    0.1000000000D+01
    0.1965000000D+03    0.9069894585D+00    0.1000000000D+01
    0.1970000000D+03    0.9069922391D+00    0.1000000000D+01
    0.1975000000D+03    0.9069957368D+00    0.1000000000D+01
    0.1980000000D+03    0.9069988725D+00    0.1000000000D+01
    0.1985000000D+03    0.9070005762D+00    0.1000000000D+01
    0.1990000000D+03    0.9070003852D+00    0.1000000000D+01
    0.1995000000D+03    0.9069990823D+00    0.1000000000D+01
    0.2000000000D+03    0.9069984092D+00    0.1000000000D+01
    0.2005000000D+03    0.9069997033D+00    0.1000000000D+01
    0.2010000000D+03    0.9070027550D+00    0.1000000000D+01
    0.2015000000D+03    0.9070060827D+00    0.1000000000D+01
    0.2020000000D+03    0.9070081668D+00    0.1000000000D+01
    0.2025000000D+03    0.9070083103D+00    0.1000000000D+01
    0.2030000000D+03    0.9070067643D+00    0.1000000000D+01
    0.2035000000D+03    0.9070047349D+00    0.1000000000D+01
    0.2040000000D+03    0.9070042364D+00    0.1000000000D+01
    0.2045000000D+03    0.9070069149D+00    0.1000000000D+01
    0.2050000000D+03    0.9070121225D+00    0.1000000000D+01
    0.2055000000D+03    0.9070164934D+00    0.1000000000D+01
    0.2060000000D+03    0.9070165900D+00    0.1000000000D+01
    0.2065000000D+03    0.9070125579D+00    0.1000000000D+01
    0.2070000000D+03    0.9070086240D+00    0.1000000000D+01
    0.2075000000D+03    0.9070092203D+00    0.1000000000D+01
    0.2080000000D+03    0.9070145864D+00    0.1000000000D+01
    0.2085000000D+03    0.9070206087D+00    0.1000000000D+01
    0.2090000000D+03    0.9070229287D+00    0.1000000000D+01
    0.2095000000D+03    0.9070207901D+00    0.1000000000D+01
    0.2100000000D+03    0.9070169890D+00    0.1000000000D+01
    0.2105000000D+03    0.9070148791D+00    0.1000000000D+01
    0.2110000000D+03    0.9070159105D+00    0.1000000000D+01
    0.2115000000D+03    0.9070194070D+00    0.1000000000D+01
    0.2120000000D+03    0.9070235671D+00    0.1000000000D+01
    0.2125000000D+03    0.9070264234D+00    0.1000000000D+01
    0.2130000000D+03    0.9070266943D+00    0.1000000000D+01
    0.2135000000D+03    0.9070246260D+00    0.1000000000D+01
    0.2140000000D+03    0.9070220822D+00    0.1000000000D+01
    0.2145000000D+03    0.9070212833D+00    0.1000000000D+01
    0.2150000000D+03    0.9070231111D+00    0.1000000000D+01
    0.2155000000D+03    0.9070266231D+00    0.1000000000D+01
    0.2160000000D+03    0.9070300454D+00    0.1000000000D+01
    0.2165000000D+03    0.9070319704D+00    0.1000000000D+01
    0.2170000000D+03    0.9070318534D+00    0.1000000000D+01
    0.2175000000D+03    0.9070301458D+00    0.1000000000D+01
    0.2180000000D+03    0.9070283568D+00    0.1000000000D+01
    0.2185000000D+03    0.9070284356D+00    0.1000000000D+01
    0.2190000000D+03    0.9070312506D+00    0.1000000000D+01
    0.2195000000D+03    0.9070354998D+00    0.1000000000D+01
    0.2200000000D+03    0.9070385686D+00    0.1000000000D+01
    0.2205000000D+03    0.9070388006D+00    0.1000000000D+01
    0.2210000000D+03    0.9070368895D+00    0.1000000000D+01
    0.2215000000D+03    0.9070350343D+00    0.1000000000D+01
    0.2220000000D+03    0.9070349501D+00    0.1000000000D+01
    0.2225000000D+03    0.9070367777D+00    0.1000000000D+01
    0.2230000000D+03    0.9070395111D+00    0.1000000000D+01
    0.2235000000D+03    0.9070419405D+00    0.1000000000D+01
    0.2240000000D+03    0.9070432033D+00    0.1000000000D+01
    0.2245000000D+03    0.9070430129D+00    0.1000000000D+01
    0.2250000000D+03    0.9070417979D+00    0.1000000000D+01
    0.2255000000D+03    0.9070405276D+00    0.1000000000D+01
    0.2260000000D+03    0.9070401802D+00    0.1000000000D+01
    0.2265000000D+03    0.9070413552D+00    0.1000000000D+01
    0.2270000000D+03    0.9070441964D+00    0.1000000000D+01
    0.2275000000D+03    0.9070481303D+00    0.1000000000D+01
    0.2280000000D+03    0.9070514433D+00    0.1000000000D+01
    0.2285000000D+03    0.9070518195D+00    0.1000000000D+01
    0.2290000000D+03    0.9070484293D+00    0.1000000000D+01
    0.2295000000D+03    0.9070438156D+00    0.1000000000D+01
    0.2300000000D+03    0.9070427009D+00    0.1000000000D+01
    0.2305000000D+03    0.9070476413D+00    0.1000000000D+01
    0.2310000000D+03    0.9070557805D+00    0.1000000000D+01
    0.2315000000D+03    0.9070608917D+00    0.1000000000D+01
    0.2320000000D+03    0.9070592451D+00    0.1000000000D+01
    0.2325000000D+03    0.9070532143D+00    0.1000000000D+01
    0.2330000000D+03    0.9070488503D+00    0.1000000000D+01
    0.2335000000D+03    0.9070501548D+00    0.1000000000D+01
    0.2340000000D+03    0.9070559690D+00    0.1000000000D+01
    0.2345000000D+03    0.9070619463D+00    0.1000000000D+01
    0.2350000000D+03    0.9070645988D+00    0.1000000000D+01
    0.2355000000D+03    0.9070633519D+00    0.1000000000D+01
    0.2360000000D+03    0.9070598984D+00    0.1000000000D+01
    0.2365000000D+03    0.9070567391D+00    0.1000000000D+01
    0.2370000000D+03    0.9070560561D+00    0.1000000000D+01
    0.2375000000D+03    0.9070586741D+00    0.1000000000D+01
    0.2380000000D+03    0.9070633422D+00    0.1000000000D+01
    0.2385000000D+03    0.9070673533D+00    0.1000000000D+01
    0.2390000000D+03    0.9070685107D+00    0.1000000000D+01
    0.2395000000D+03    0.9070667903D+00    0.1000000000D+01
    0.2400000000D+03    0.9070641519D+00    0.1000000000D+01
    0.2405000000D+03    0.9070628471D+00    0.1000000000D+01
    0.2410000000D+03    0.9070639049D+00    0.1000000000D+01
    0.2415000000D+03    0.9070668560D+00    0.1000000000D+01
    0.2420000000D+03    0.9070703600D+00    0.1000000000D+01
    0.2425000000D+03    0.9070729806D+00    0.1000000000D+01
    0.2430000000D+03    0.9070738280D+00    0.1000000000D+01
    0.2435000000D+03    0.9070729892D+00    0.1000000000D+01
    0.2440000000D+03    0.9070714311D+00    0.1000000000D+01
    0.2445000000D+03    0.9070703087D+00    0.1000000000D+01
    0.2450000000D+03    0.9070703607D+00    0.1000000000D+01
    0.2455000000D+03    0.9070719037D+00    0.1000000000D+01
    0.2460000000D+03    0.9070748607D+00    0.1000000000D+01
    0.2465000000D+03    0.9070782824D+00    0.1000000000D+01
    0.2470000000D+03    0.9070801950D+00    0.1000000000D+01
    0.2475000000D+03    0.9070789164D+00    0.1000000000D+01
    0.2480000000D+03    0.9070750809D+00    0.1000000000D+01
    0.2485000000D+03    0.9070719446D+00    0.1000000000D+01
    0.2490000000D+03    0.9070728596D+00    0.1000000000D+01
    0.2495000000D+03    0.9070780842D+00    0.1000000000D+01
    0.2500000000D+03    0.9070843156D+00    0.1000000000D+01
    0.2505000000D+03    0.9070875507D+00    0.1000000000D+01
    0.2510000000D+03    0.9070863186D+00    0.1000000000D+01
    0.2515000000D+03    0.9070823455D+00    0.1000000000D+01
    0.2520000000D+03    0.9070788250D+00    0.1000000000D+01
    0.2525000000D+03    0.9070784006D+00    0.1000000000D+01
    0.2530000000D+03    0.9070819893D+00    0.1000000000D+01
    0.2535000000D+03    0.9070882464D+00    0.1000000000D+01
    0.2540000000D+03    0.9070938591D+00    0.1000000000D+01
    0.2545000000D+03    0.9070953859D+00    0.1000000000D+01
    0.2550000000D+03    0.9070920298D+00    0.1000000000D+01
    0.2555000000D+03    0.9070868290D+00    0.1000000000D+01
    0.2560000000D+03    0.9070844396D+00    0.1000000000D+01
    0.2565000000D+03    0.9070871993D+00    0.1000000000D+01
    0.2570000000D+03    0.9070933362D+00    0.1000000000D+01
    0.2575000000D+03    0.9070988683D+00    0.1000000000D+01
    0.2580000000D+03    0.9071008449D+00    0.1000000000D+01
    0.2585000000D+03    0.9070989431D+00    0.1000000000D+01
    0.2590000000D+03    0.9070949558D+00    0.1000000000D+01
    0.2595000000D+03    0.9070915629D+00    0.1000000000D+01
    0.2600000000D+03    0.9070912019D+00    0.1000000000D+01
    0.2605000000D+03    0.9070947979D+00    0.1000000000D+01
    0.2610000000D+03    0.9071007380D+00    0.1000000000D+01
    0.2615000000D+03    0.9071055145D+00    0.1000000000D+01
    0.2620000000D+03    0.9071063171D+00    0.1000000000D+01
    0.2625000000D+03    0.9071033967D+00    0.1000000000D+01
    0.2630000000D+03    0.9070997834D+00    0.1000000000D+01
    0.2635000000D+03    0.9070986159D+00    0.1000000000D+01
    0.2640000000D+03    0.9071007554D+00    0.1000000000D+01
    0.2645000000D+03    0.9071047191D+00    0.1000000000D+01
    0.2650000000D+03    0.9071083357D+00    0.1000000000D+01
    0.2655000000D+03    0.9071102163D+00    0.1000000000D+01
    0.2660000000D+03    0.9071101619D+00    0.1000000000D+01
    0.2665000000D+03    0.9071089208D+00    0.1000000000D+01
    0.2670000000D+03    0.9071077228D+00    0.1000000000D+01
    0.2675000000D+03    0.9071075893D+00    0.1000000000D+01
    0.2680000000D+03    0.9071087023D+00    0.1000000000D+01
    0.2685000000D+03    0.9071104675D+00    0.1000000000D+01
    0.2690000000D+03    0.9071122321D+00    0.1000000000D+01
    0.2695000000D+03    0.9071137448D+00    0.1000000000D+01
    0.2700000000D+03    0.9071148660D+00    0.1000000000D+01
    0.2705000000D+03    0.9071152434D+00    0.1000000000D+01
    0.2710000000D+03    0.9071146835D+00    0.1000000000D+01
    0.2715000000D+03    0.9071136827D+00    0.1000000000D+01
    0.2720000000D+03    0.9071131818D+00    0.1000000000D+01
    0.2725000000D+03    0.9071138034D+00    0.1000000000D+01
    0.2730000000D+03    0.9071155703D+00    0.1000000000D+01
    0.2735000000D+03    0.9071181452D+00    0.1000000000D+01
    0.2740000000D+03    0.9071207466D+00    0.1000000000D+01
    0.2745000000D+03    0.9071218644D+00    0.1000000000D+01
    0.2750000000D+03    0.9071200635D+00    0.1000000000D+01
    0.2755000000D+03    0.9071159738D+00    0.1000000000D+01
    0.2760000000D+03    0.9071131148D+00    0.1000000000D+01
    0.2765000000D+03    0.9071153645D+00    0.1000000000D+01
    0.2770000000D+03    0.9071227129D+00    0.1000000000D+01
    0.2775000000D+03    0.9071300960D+00    0.1000000000D+01
    0.2780000000D+03    0.9071316472D+00    0.1000000000D+01
    0.2785000000D+03    0.9071264918D+00    0.1000000000D+01
    0.2790000000D+03    0.9071197995D+00    0.1000000000D+01
    0.2795000000D+03    0.9071177600D+00    0.1000000000D+01
    0.2800000000D+03    0.9071218592D+00    0.1000000000D+01
    0.2805000000D+03    0.9071282685D+00    0.1000000000D+01
    0.2810000000D+03    0.9071321459D+00    0.1000000000D+01
    0.2815000000D+03    0.9071318163D+00    0.1000000000D+01
    0.2820000000D+03    0.9071291417D+00    0.1000000000D+01
    0.2825000000D+03    0.9071269278D+00    0.1000000000D+01
    0.2830000000D+03    0.9071265674D+00    0.1000000000D+01
    0.2835000000D+03    0.9071277067D+00    0.1000000000D+01
    0.2840000000D+03    0.9071292632D+00    0.1000000000D+01
    0.2845000000D+03    0.9071304595D+00    0.1000000000D+01
    0.2850000000D+03    0.9071312677D+00    0.1000000000D+01
    0.2855000000D+03    0.9071321642D+00    0.1000000000D+01
    0.2860000000D+03    0.9071333980D+00    0.1000000000D+01
    0.2865000000D+03    0.9071344887D+00    0.1000000000D+01
    0.2870000000D+03    0.9071346565D+00    0.1000000000D+01
    0.2875000000D+03    0.9071338537D+00    0.1000000000D+01
    0.2880000000D+03    0.9071331233D+00    0.1000000000D+01
    0.2885000000D+03    0.9071336385D+00    0.1000000000D+01
    0.2890000000D+03    0.9071354667D+00    0.1000000000D+01
    0.2895000000D+03    0.9071375580D+00    0.1000000000D+01
    0.2900000000D+03    0.9071388693D+00    0.1000000000D+01
    0.2905000000D+03    0.9071391449D+00    0.1000000000D+01
    0.2910000000D+03    0.9071386690D+00    0.1000000000D+01
    0.2915000000D+03    0.9071378466D+00    0.1000000000D+01
    0.2920000000D+03    0.9071373180D+00    0.1000000000D+01
    0.2925000000D+03    0.9071379787D+00    0.1000000000D+01
    0.2930000000D+03    0.9071402357D+00    0.1000000000D+01
    0.2935000000D+03    0.9071432097D+00    0.1000000000D+01
    0.2940000000D+03    0.9071450939D+00    0.1000000000D+01
    0.2945000000D+03    0.9071445745D+00    0.1000000000D+01
    0.2950000000D+03    0.9071418889D+00    0.1000000000D+01
    0.2955000000D+03    0.9071385466D+00    0.1000000000D+01
    0.2960000000D+03    0.9071363163D+00    0.1000000000D+01
    0.2965000000D+03    0.9071365127D+00    0.1000000000D+01
    0.2970000000D+03    0.9071395196D+00    0.1000000000D+01
    0.2975000000D+03    0.9071441009D+00    0.1000000000D+01
    0.2980000000D+03    0.9071473445D+00    0.1000000000D+01
    0.2985000000D+03    0.9071464950D+00    0.1000000000D+01
    0.2990000000D+03    0.9071416937D+00    0.1000000000D+01
    0.2995000000D+03    0.9071365874D+00    0.1000000000D+01
    0.3000000000D+03    0.9071354675D+00    0.1000000000D+01
    0.3005000000D+03    0.9071395354D+00    0.1000000000D+01
    0.3010000000D+03    0.9071460893D+00    0.1000000000D+01
    0.3015000000D+03    0.9071511737D+00    0.1000000000D+01
    0.3020000000D+03    0.9071526043D+00    0.1000000000D+01
    0.3025000000D+03    0.9071506515D+00    0.1000000000D+01
    0.3030000000D+03    0.9071469107D+00    0.1000000000D+01
    0.3035000000D+03    0.9071433992D+00    0.1000000000D+01
    0.3040000000D+03    0.9071422278D+00    0.1000000000D+01
    0.3045000000D+03    0.9071446626D+00    0.1000000000D+01
    0.3050000000D+03    0.9071497060D+00    0.1000000000D+01
    0.3055000000D+03    0.9071541810D+00    0.1000000000D+01
    0.3060000000D+03    0.9071551427D+00    0.1000000000D+01
    0.3065000000D+03    0.9071524199D+00    0.1000000000D+01
    0.3070000000D+03    0.9071485795D+00    0.1000000000D+01
    0.3075000000D+03    0.9071464901D+00    0.1000000000D+01
    0.3080000000D+03    0.9071471557D+00    0.1000000000D+01
    0.3085000000D+03    0.9071496997D+00    0.1000000000D+01
    0.3090000000D+03    0.9071527269D+00    0.1000000000D+01
    0.3095000000D+03    0.9071552231D+00    0.1000000000D+01
    0.3100000000D+03    0.9071565129D+00    0.1000000000D+01
    0.3105000000D+03    0.9071561903D+00    0.1000000000D+01
    0.3110000000D+03    0.9071544903D+00    0.1000000000D+01
    0.3115000000D+03    0.9071524197D+00    0.1000000000D+01
    0.3120000000D+03    0.9071511841D+00    0.1000000000D+01
    0.3125000000D+03    0.9071514932D+00    0.1000000000D+01
    0.3130000000D+03    0.9071533502D+00    0.1000000000D+01
    0.3135000000D+03    0.9071561314D+00    0.1000000000D+01
    0.3140000000D+03    0.9071586653D+00    0.1000000000D+01
    0.3145000000D+03    0.9071595867D+00    0.1000000000D+01
    0.3150000000D+03    0.9071581643D+00    0.1000000000D+01
    0.3155000000D+03    0.9071550336D+00    0.1000000000D+01
    0.3160000000D+03    0.9071520275D+00    0.1000000000D+01
    0.3165000000D+03    0.9071511495D+00    0.1000000000D+01
    0.3170000000D+03    0.9071535189D+00    0.1000000000D+01
    0.3175000000D+03    0.9071587303D+00    0.1000000000D+01
    0.3180000000D+03    0.9071645442D+00    0.1000000000D+01
    0.3185000000D+03    0.9071674020D+00    0.1000000000D+01
    0.3190000000D+03    0.9071645743D+00    0.1000000000D+01
    0.3195000000D+03    0.9071570217D+00    0.1000000000D+01
    0.3200000000D+03    0.9071500007D+00    0.1000000000D+01
    0.3205000000D+03    0.9071495148D+00    0.1000000000D+01
    0.3210000000D+03    0.9071569603D+00    0.1000000000D+01
    0.3215000000D+03    0.9071672347D+00    0.1000000000D+01
    0.3220000000D+03    0.9071728456D+00    0.1000000000D+01
    0.3225000000D+03    0.9071703108D+00    0.1000000000D+01
    0.3230000000D+03    0.9071626409D+00    0.1000000000D+01
    0.3235000000D+03    0.9071560120D+00    0.1000000000D+01
    0.3240000000D+03    0.9071546319D+00    0.1000000000D+01
    0.3245000000D+03    0.9071585522D+00    0.1000000000D+01
    0.3250000000D+03    0.9071649708D+00    0.1000000000D+01
    0.3255000000D+03    0.9071704587D+00    0.1000000000D+01
    0.3260000000D+03    0.9071724445D+00    0.1000000000D+01
    0.3265000000D+03    0.9071701376D+00    0.1000000000D+01
    0.3270000000D+03    0.9071650420D+00    0.1000000000D+01
    0.3275000000D+03    0.9071603522D+00    0.1000000000D+01
    0.3280000000D+03    0.9071589313D+00    0.1000000000D+01
    0.3285000000D+03    0.9071612427D+00    0.1000000000D+01
    0.3290000000D+03    0.9071652473D+00    0.1000000000D+01
    0.3295000000D+03    0.9071684124D+00    0.1000000000D+01
    0.3300000000D+03    0.9071696402D+00    0.1000000000D+01
    0.3305000000D+03    0.9071692975D+00    0.1000000000D+01
    0.3310000000D+03    0.9071680985D+00    0.1000000000D+01
    0.3315000000D+03    0.9071666037D+00    0.1000000000D+01
    0.3320000000D+03    0.9071654894D+00    0.1000000000D+01
    0.3325000000D+03    0.9071655449D+00    0.1000000000D+01
    0.3330000000D+03    0.9071671809D+00    0.1000000000D+01
    0.3335000000D+03    0.9071701115D+00    0.1000000000D+01
    0.3340000000D+03    0.9071734166D+00    0.1000000000D+01
    0.3345000000D+03    0.9071757431D+00    0.1000000000D+01
    0.3350000000D+03    0.9071757446D+00    0.1000000000D+01
    0.3355000000D+03    0.9071730019D+00    0.1000000000D+01
    0.3360000000D+03    0.9071689075D+00    0.1000000000D+01
    0.3365000000D+03    0.9071662984D+00    0.1000000000D+01
    0.3370000000D+03    0.9071674548D+00    0.1000000000D+01
    0.3375000000D+03    0.9071720943D+00    0.1000000000D+01
    0.3380000000D+03    0.9071775003D+00    0.1000000000D+01
    0.3385000000D+03    0.9071807402D+00    0.1000000000D+01
    0.3390000000D+03    0.9071806911D+00    0.1000000000D+01
    0.3395000000D+03    0.9071781663D+00    0.1000000000D+01
    0.3400000000D+03    0.9071747459D+00    0.1000000000D+01
    0.3405000000D+03    0.9071718897D+00    0.1000000000D+01
    0.3410000000D+03    0.9071707761D+00    0.1000000000D+01
    0.3415000000D+03    0.9071721071D+00    0.1000000000D+01
    0.3420000000D+03    0.9071755576D+00    0.1000000000D+01
    0.3425000000D+03    0.9071796446D+00    0.1000000000D+01
    0.3430000000D+03    0.9071824806D+00    0.1000000000D+01
    0.3435000000D+03    0.9071826631D+00    0.1000000000D+01
    0.3440000000D+03    0.9071797035D+00    0.1000000000D+01
    0.3445000000D+03    0.9071745008D+00    0.1000000000D+01
    0.3450000000D+03    0.9071698888D+00    0.1000000000D+01
    0.3455000000D+03    0.9071697488D+00    0.1000000000D+01
    0.3460000000D+03    0.9071759265D+00    0.1000000000D+01
    0.3465000000D+03    0.9071854542D+00    0.1000000000D+01
    0.3470000000D+03    0.9071918390D+00    0.1000000000D+01
    0.3475000000D+03    0.9071903974D+00    0.1000000000D+01
    0.3480000000D+03    0.9071826881D+00    0.1000000000D+01
    0.3485000000D+03    0.9071753398D+00    0.1000000000D+01
    0.3490000000D+03    0.9071742207D+00    0.1000000000D+01
    0.3495000000D+03    0.9071796912D+00    0.1000000000D+01
    0.3500000000D+03    0.9071872607D+00    0.1000000000D+01
    0.3505000000D+03    0.9071921218D+00    0.1000000000D+01
    0.3510000000D+03    0.9071926293D+00    0.1000000000D+01
    0.3515000000D+03    0.9071901216D+00    0.1000000000D+01
    0.3520000000D+03    0.9071867471D+00    0.1000000000D+01
    0.3525000000D+03    0.9071840611D+00    0.1000000000D+01
    0.3530000000D+03    0.9071829727D+00    0.1000000000D+01
    0.3535000000D+03    0.9071838755D+00    0.1000000000D+01
    0.3540000000D+03    0.9071864157D+00    0.1000000000D+01
    0.3545000000D+03    0.9071895324D+00    0.1000000000D+01
    0.3550000000D+03    0.9071920758D+00    0.1000000000D+01
    0.3555000000D+03    0.9071933216D+00    0.1000000000D+01
    0.3560000000D+03    0.9071929259D+00    0.1000000000D+01
    0.3565000000D+03    0.9071908744D+00    0.1000000000D+01
    0.3570000000D+03    0.9071878563D+00    0.1000000000D+01
    0.3575000000D+03    0.9071854344D+00    0.1000000000D+01
    0.3580000000D+03    0.9071853203D+00    0.1000000000D+01
    0.3585000000D+03    0.9071881656D+00    0.1000000000D+01
    0.3590000000D+03    0.9071929519D+00    0.1000000000D+01
    0.3595000000D+03    0.9071974913D+00    0.1000000000D+01
    0.3600000000D+03    0.9071995633D+00    0.1000000000D+01
    0.3605000000D+03    0.9071980208D+00    0.1000000000D+01
    0.3610000000D+03    0.9071935998D+00    0.1000000000D+01
    0.3615000000D+03    0.9071890238D+00    0.1000000000D+01
    0.3620000000D+03    0.9071876960D+00    0.1000000000D+01
    0.3625000000D+03    0.9071912801D+00    0.1000000000D+01
    0.3630000000D+03    0.9071981705D+00    0.1000000000D+01
    0.3635000000D+03    0.9072045258D+00    0.1000000000D+01
    0.3640000000D+03    0.9072069608D+00    0.1000000000D+01
    0.3645000000D+03    0.9072044434D+00    0.1000000000D+01
    0.3650000000D+03    0.9071983490D+00    0.1000000000D+01
    0.3655000000D+03    0.9071916848D+00    0.1000000000D+01
    0.3660000000D+03    0.9071882749D+00    0.1000000000D+01
    0.3665000000D+03    0.9071911712D+00    0.1000000000D+01
    0.3670000000D+03    0.9072000666D+00    0.1000000000D+01
    0.3675000000D+03    0.9072100705D+00    0.1000000000D+01
    0.3680000000D+03    0.9072144952D+00    0.1000000000D+01
    0.3685000000D+03    0.9072102416D+00    0.1000000000D+01
    0.3690000000D+03    0.9072006608D+00    0.1000000000D+01
    0.3695000000D+03    0.9071927642D+00    0.1000000000D+01
    0.3700000000D+03    0.9071914796D+00    0.1000000000D+01
    0.3705000000D+03    0.9071964540D+00    0.1000000000D+01
    0.3710000000D+03    0.9072036528D+00    0.1000000000D+01
    0.3715000000D+03    0.9072090500D+00    0.1000000000D+01
    0.3720000000D+03    0.9072107844D+00    0.1000000000D+01
    0.3725000000D+03    0.9072090304D+00    0.1000000000D+01
    0.3730000000D+03    0.9072050613D+00    0.1000000000D+01
    0.3735000000D+03    0.9072006517D+00    0.1000000000D+01
    0.3740000000D+03    0.9071976533D+00    0.1000000000D+01
    0.3745000000D+03    0.9071972944D+00    0.1000000000D+01
    0.3750000000D+03    0.9071996268D+00    0.1000000000D+01
    0.3755000000D+03    0.9072037585D+00    0.1000000000D+01
    0.3760000000D+03    0.9072084320D+00    0.1000000000D+01
    0.3765000000D+03    0.9072121169D+00    0.1000000000D+01
    0.3770000000D+03    0.9072130442D+00    0.1000000000D+01
    0.3775000000D+03    0.9072102459D+00    0.1000000000D+01
    0.3780000000D+03    0.9072050173D+00    0.1000000000D+01
    0.3785000000D+03    0.9072007076D+00    0.1000000000D+01
    0.3790000000D+03    0.9072002910D+00    0.1000000000D+01
    0.3795000000D+03    0.9072040235D+00    0.1000000000D+01
    0.3800000000D+03    0.9072095281D+00    0.1000000000D+01
    0.3805000000D+03    0.9072138274D+00    0.1000000000D+01
    0.3810000000D+03    0.9072151381D+00    0.1000000000D+01
    0.3815000000D+03    0.9072133519D+00    0.1000000000D+01
    0.3820000000D+03    0.9072096778D+00    0.1000000000D+01
    0.3825000000D+03    0.9072060384D+00    0.1000000000D+01
    0.3830000000D+03    0.9072043077D+00    0.1000000000D+01
    0.3835000000D+03    0.9072055025D+00    0.1000000000D+01
    0.3840000000D+03    0.9072093043D+00    0.1000000000D+01
    0.3845000000D+03    0.9072142004D+00    0.1000000000D+01
    0.3850000000D+03    0.9072181107D+00    0.1000000000D+01
    0.3855000000D+03    0.9072191275D+00    0.1000000000D+01
    0.3860000000D+03    0.9072162600D+00    0.1000000000D+01
    0.3865000000D+03    0.9072102787D+00    0.1000000000D+01
    0.3870000000D+03    0.9072041085D+00    0.1000000000D+01
    0.3875000000D+03    0.9072016216D+00    0.1000000000D+01
    0.3880000000D+03    0.9072049062D+00    0.1000000000D+01
    0.3885000000D+03    0.9072122850D+00    0.1000000000D+01
    0.3890000000D+03    0.9072192852D+00    0.1000000000D+01
    0.3895000000D+03    0.9072217562D+00    0.1000000000D+01
    0.3900000000D+03    0.9072182306D+00    0.1000000000D+01
    0.3905000000D+03    0.9072101666D+00    0.1000000000D+01
    0.3910000000D+03    0.9072012008D+00    0.1000000000D+01
    0.3915000000D+03    0.9071962105D+00    0.1000000000D+01
    0.3920000000D+03    0.9071992201D+00    0.1000000000D+01
    0.3925000000D+03    0.9072101135D+00    0.1000000000D+01
    0.3930000000D+03    0.9072231350D+00    0.1000000000D+01
    0.3935000000D+03    0.9072301218D+00    0.1000000000D+01
    0.3940000000D+03    0.9072267474D+00    0.1000000000D+01
    0.3945000000D+03    0.9072161029D+00    0.1000000000D+01
    0.3950000000D+03    0.9072059872D+00    0.1000000000D+01
    0.3955000000D+03    0.9072025293D+00    0.1000000000D+01
    0.3960000000D+03    0.9072062249D+00    0.1000000000D+01
    0.3965000000D+03    0.9072133216D+00    0.1000000000D+01
    0.3970000000D+03    0.9072197938D+00    0.1000000000D+01
    0.3975000000D+03    0.9072236233D+00    0.1000000000D+01
    0.3980000000D+03    0.9072244145D+00    0.1000000000D+01
    0.3985000000D+03    0.9072224091D+00    0.1000000000D+01
    0.3990000000D+03    0.9072184237D+00    0.1000000000D+01
    0.3995000000D+03    0.9072141016D+00    0.1000000000D+01
    0.4000000000D+03    0.9072114164D+00    0.1000000000D+01
    0.4005000000D+03    0.9072116551D+00    0.1000000000D+01
    0.4010000000D+03    0.9072148443D+00    0.1000000000D+01
    0.4015000000D+03    0.9072198536D+00    0.1000000000D+01
    0.4020000000D+03    0.9072247235D+00    0.1000000000D+01
    0.4025000000D+03    0.9072271966D+00    0.1000000000D+01
    0.4030000000D+03    0.9072257393D+00    0.1000000000D+01
    0.4035000000D+03    0.9072206140D+00    0.1000000000D+01
    0.4040000000D+03    0.9072140256D+00    0.1000000000D+01
    0.4045000000D+03    0.9072091110D+00    0.1000000000D+01
    0.4050000000D+03    0.9072084831D+00    0.1000000000D+01
    0.4055000000D+03    0.9072129718D+00    0.1000000000D+01
    0.4060000000D+03    0.9072208329D+00    0.1000000000D+01
    0.4065000000D+03    0.9072280262D+00    0.1000000000D+01
    0.4070000000D+03    0.9072302415D+00    0.1000000000D+01
    0.4075000000D+03    0.9072259077D+00    0.1000000000D+01
    0.4080000000D+03    0.9072177437D+00    0.1000000000D+01
    0.4085000000D+03    0.9072110552D+00    0.1000000000D+01
    0.4090000000D+03    0.9072099328D+00    0.1000000000D+01
    0.4095000000D+03    0.9072146308D+00    0.1000000000D+01
    0.4100000000D+03    0.9072221412D+00    0.1000000000D+01
    0.4105000000D+03    0.9072287313D+00    0.1000000000D+01
    0.4110000000D+03    0.9072318302D+00    0.1000000000D+01
    0.4115000000D+03    0.9072303995D+00    0.1000000000D+01
    0.4120000000D+03    0.9072249552D+00    0.1000000000D+01
    0.4125000000D+03    0.9072178870D+00    0.1000000000D+01
    0.4130000000D+03    0.9072129663D+00    0.1000000000D+01
    0.4135000000D+03    0.9072132645D+00    0.1000000000D+01
    0.4140000000D+03    0.9072189681D+00    0.1000000000D+01
    0.4145000000D+03    0.9072272521D+00    0.1000000000D+01
    0.4150000000D+03    0.9072342194D+00    0.1000000000D+01
    0.4155000000D+03    0.9072369235D+00    0.1000000000D+01
    0.4160000000D+03    0.9072342038D+00    0.1000000000D+01
    0.4165000000D+03    0.9072269612D+00    0.1000000000D+01
    0.4170000000D+03    0.9072184866D+00    0.1000000000D+01
    0.4175000000D+03    0.9072137051D+00    0.1000000000D+01
    0.4180000000D+03    0.9072162807D+00    0.1000000000D+01
    0.4185000000D+03    0.9072254210D+00    0.1000000000D+01
    0.4190000000D+03    0.9072357971D+00    0.1000000000D+01
    0.4195000000D+03    0.9072412669D+00    0.1000000000D+01
    0.4200000000D+03    0.9072391362D+00    0.1000000000D+01
    0.4205000000D+03    0.9072313492D+00    0.1000000000D+01
    0.4210000000D+03    0.9072223638D+00    0.1000000000D+01
    0.4215000000D+03    0.9072163365D+00    0.1000000000D+01
    0.4220000000D+03    0.9072156694D+00    0.1000000000D+01
    0.4225000000D+03    0.9072206041D+00    0.1000000000D+01
    0.4230000000D+03    0.9072289901D+00    0.1000000000D+01
    0.4235000000D+03    0.9072367811D+00    0.1000000000D+01
    0.4240000000D+03    0.9072400377D+00    0.1000000000D+01
    0.4245000000D+03    0.9072373475D+00    0.1000000000D+01
    0.4250000000D+03    0.9072305603D+00    0.1000000000D+01
    0.4255000000D+03    0.9072233293D+00    0.1000000000D+01
    0.4260000000D+03    0.9072189688D+00    0.1000000000D+01
    0.4265000000D+03    0.9072191393D+00    0.1000000000D+01
    0.4270000000D+03    0.9072235378D+00    0.1000000000D+01
    0.4275000000D+03    0.9072301708D+00    0.1000000000D+01
    0.4280000000D+03    0.9072361382D+00    0.1000000000D+01
    0.4285000000D+03    0.9072389207D+00    0.1000000000D+01
    0.4290000000D+03    0.9072376146D+00    0.1000000000D+01
    0.4295000000D+03    0.9072332457D+00    0.1000000000D+01
    0.4300000000D+03    0.9072279301D+00    0.1000000000D+01
    0.4305000000D+03    0.9072237229D+00    0.1000000000D+01
    0.4310000000D+03    0.9072220762D+00    0.1000000000D+01
    0.4315000000D+03    0.9072237607D+00    0.1000000000D+01
    0.4320000000D+03    0.9072286072D+00    0.1000000000D+01
    0.4325000000D+03    0.9072351983D+00    0.1000000000D+01
    0.4330000000D+03    0.9072411221D+00    0.1000000000D+01
    0.4335000000D+03    0.9072437604D+00    0.1000000000D+01
    0.4340000000D+03    0.9072411986D+00    0.1000000000D+01
    0.4345000000D+03    0.9072333901D+00    0.1000000000D+01
    0.4350000000D+03    0.9072235006D+00    0.1000000000D+01
    0.4355000000D+03    0.9072177416D+00    0.1000000000D+01
    0.4360000000D+03    0.9072218137D+00    0.1000000000D+01
    0.4365000000D+03    0.9072355333D+00    0.1000000000D+01
    0.4370000000D+03    0.9072509422D+00    0.1000000000D+01
    0.4375000000D+03    0.9072574134D+00    0.1000000000D+01
    0.4380000000D+03    0.9072502543D+00    0.1000000000D+01
    0.4385000000D+03    0.9072348604D+00    0.1000000000D+01
    0.4390000000D+03    0.9072222829D+00    0.1000000000D+01
    0.4395000000D+03    0.9072204322D+00    0.1000000000D+01
    0.4400000000D+03    0.9072289843D+00    0.1000000000D+01
    0.4405000000D+03    0.9072414720D+00    0.1000000000D+01
    0.4410000000D+03    0.9072509482D+00    0.1000000000D+01
    0.4415000000D+03    0.9072538941D+00    0.1000000000D+01
    0.4420000000D+03    0.9072506224D+00    0.1000000000D+01
    0.4425000000D+03    0.9072437397D+00    0.1000000000D+01
    0.4430000000D+03    0.9072365583D+00    0.1000000000D+01
    0.4435000000D+03    0.9072319745D+00    0.1000000000D+01
    0.4440000000D+03    0.9072315528D+00    0.1000000000D+01
    0.4445000000D+03    0.9072350796D+00    0.1000000000D+01
    0.4450000000D+03    0.9072410458D+00    0.1000000000D+01
    0.4455000000D+03    0.9072475134D+00    0.1000000000D+01
    0.4460000000D+03    0.9072524369D+00    0.1000000000D+01
    0.4465000000D+03    0.9072537643D+00    0.1000000000D+01
    0.4470000000D+03    0.9072503425D+00    0.1000000000D+01
    0.4475000000D+03    0.9072432205D+00    0.1000000000D+01
    0.4480000000D+03    0.9072356761D+00    0.1000000000D+01
    0.4485000000D+03    0.9072314521D+00    0.1000000000D+01
    0.4490000000D+03    0.9072326210D+00    0.1000000000D+01
    0.4495000000D+03    0.9072386520D+00    0.1000000000D+01
    0.4500000000D+03    0.9072468769D+00    0.1000000000D+01
    0.4505000000D+03    0.9072536418D+00    0.1000000000D+01
    0.4510000000D+03    0.9072557361D+00    0.1000000000D+01
    0.4515000000D+03    0.9072520185D+00    0.1000000000D+01
    0.4520000000D+03    0.9072444478D+00    0.1000000000D+01
    0.4525000000D+03    0.9072372324D+00    0.1000000000D+01
    0.4530000000D+03    0.9072342516D+00    0.1000000000D+01
    0.4535000000D+03    0.9072368207D+00    0.1000000000D+01
    0.4540000000D+03    0.9072434880D+00    0.1000000000D+01
    0.4545000000D+03    0.9072513569D+00    0.1000000000D+01
    0.4550000000D+03    0.9072574073D+00    0.1000000000D+01
    0.4555000000D+03    0.9072593150D+00    0.1000000000D+01
    0.4560000000D+03    0.9072562343D+00    0.1000000000D+01
    0.4565000000D+03    0.9072495134D+00    0.1000000000D+01
    0.4570000000D+03    0.9072424799D+00    0.1000000000D+01
    0.4575000000D+03    0.9072388266D+00    0.1000000000D+01
    0.4580000000D+03    0.9072405753D+00    0.1000000000D+01
    0.4585000000D+03    0.9072472233D+00    0.1000000000D+01
    0.4590000000D+03    0.9072563315D+00    0.1000000000D+01
    0.4595000000D+03    0.9072643781D+00    0.1000000000D+01
    0.4600000000D+03    0.9072675493D+00    0.1000000000D+01
    0.4605000000D+03    0.9072634811D+00    0.1000000000D+01
    0.4610000000D+03    0.9072536490D+00    0.1000000000D+01
    0.4615000000D+03    0.9072437397D+00    0.1000000000D+01
    0.4620000000D+03    0.9072402870D+00    0.1000000000D+01
    0.4625000000D+03    0.9072459203D+00    0.1000000000D+01
    0.4630000000D+03    0.9072575787D+00    0.1000000000D+01
    0.4635000000D+03    0.9072690899D+00    0.1000000000D+01
    0.4640000000D+03    0.9072752260D+00    0.1000000000D+01
    0.4645000000D+03    0.9072738962D+00    0.1000000000D+01
    0.4650000000D+03    0.9072661544D+00    0.1000000000D+01
    0.4655000000D+03    0.9072555662D+00    0.1000000000D+01
    0.4660000000D+03    0.9072472863D+00    0.1000000000D+01
    0.4665000000D+03    0.9072458852D+00    0.1000000000D+01
    0.4670000000D+03    0.9072523558D+00    0.1000000000D+01
    0.4675000000D+03    0.9072629438D+00    0.1000000000D+01
    0.4680000000D+03    0.9072715703D+00    0.1000000000D+01
    0.4685000000D+03    0.9072740010D+00    0.1000000000D+01
    0.4690000000D+03    0.9072701219D+00    0.1000000000D+01
    0.4695000000D+03    0.9072629001D+00    0.1000000000D+01
    0.4700000000D+03    0.9072558310D+00    0.1000000000D+01
    0.4705000000D+03    0.9072512666D+00    0.1000000000D+01
    0.4710000000D+03    0.9072502054D+00    0.1000000000D+01
    0.4715000000D+03    0.9072526097D+00    0.1000000000D+01
    0.4720000000D+03    0.9072575344D+00    0.1000000000D+01
    0.4725000000D+03    0.9072632561D+00    0.1000000000D+01
    0.4730000000D+03    0.9072677247D+00    0.1000000000D+01
    0.4735000000D+03    0.9072691713D+00    0.1000000000D+01
    0.4740000000D+03    0.9072666140D+00    0.1000000000D+01
    0.4745000000D+03    0.9072603629D+00    0.1000000000D+01
    0.4750000000D+03    0.9072524410D+00    0.1000000000D+01
    0.4755000000D+03    0.9072461587D+00    0.1000000000D+01
    0.4760000000D+03    0.9072444656D+00    0.1000000000D+01
    0.4765000000D+03    0.9072482030D+00    0.1000000000D+01
    0.4770000000D+03    0.9072557342D+00    0.1000000000D+01
    0.4775000000D+03    0.9072638520D+00    0.1000000000D+01
    0.4780000000D+03    0.9072688662D+00    0.1000000000D+01
    0.4785000000D+03    0.9072678035D+00    0.1000000000D+01
    0.4790000000D+03    0.9072602288D+00    0.1000000000D+01
    0.4795000000D+03    0.9072495850D+00    0.1000000000D+01
    0.4800000000D+03    0.9072419308D+00    0.1000000000D+01
    0.4805000000D+03    0.9072420874D+00    0.1000000000D+01
    0.4810000000D+03    0.9072502100D+00    0.1000000000D+01
    0.4815000000D+03    0.9072617988D+00    0.1000000000D+01
    0.4820000000D+03    0.9072709068D+00    0.1000000000D+01
    0.4825000000D+03    0.9072735189D+00    0.1000000000D+01
    0.4830000000D+03    0.9072687980D+00    0.1000000000D+01
    0.4835000000D+03    0.9072587413D+00    0.1000000000D+01
    0.4840000000D+03    0.9072477060D+00    0.1000000000D+01
    0.4845000000D+03    0.9072414141D+00    0.1000000000D+01
    0.4850000000D+03    0.9072441441D+00    0.1000000000D+01
    0.4855000000D+03    0.9072552122D+00    0.1000000000D+01
    0.4860000000D+03    0.9072683548D+00    0.1000000000D+01
    0.4865000000D+03    0.9072758403D+00    0.1000000000D+01
    0.4870000000D+03    0.9072741726D+00    0.1000000000D+01
    0.4875000000D+03    0.9072661102D+00    0.1000000000D+01
    0.4880000000D+03    0.9072574717D+00    0.1000000000D+01
    0.4885000000D+03    0.9072524765D+00    0.1000000000D+01
    0.4890000000D+03    0.9072519704D+00    0.1000000000D+01
    0.4895000000D+03    0.9072548470D+00    0.1000000000D+01
    0.4900000000D+03    0.9072598642D+00    0.1000000000D+01
    0.4905000000D+03    0.9072660158D+00    0.1000000000D+01
    0.4910000000D+03    0.9072720630D+00    0.1000000000D+01
    0.4915000000D+03    0.9072763583D+00    0.1000000000D+01
    0.4920000000D+03    0.9072771892D+00    0.1000000000D+01
    0.4925000000D+03    0.9072735623D+00    0.1000000000D+01
    0.4930000000D+03    0.9072663451D+00    0.1000000000D+01
    0.4935000000D+03    0.9072588860D+00    0.1000000000D+01
    0.4940000000D+03    0.9072557447D+00    0.1000000000D+01
    0.4945000000D+03    0.9072596736D+00    0.1000000000D+01
    0.4950000000D+03    0.9072692545D+00    0.1000000000D+01
    0.4955000000D+03    0.9072795322D+00    0.1000000000D+01
    0.4960000000D+03    0.9072852512D+00    0.1000000000D+01
    0.4965000000D+03    0.9072839769D+00    0.1000000000D+01
    0.4970000000D+03    0.9072769566D+00    0.1000000000D+01
    0.4975000000D+03    0.9072679000D+00    0.1000000000D+01
    0.4980000000D+03    0.9072611186D+00    0.1000000000D+01
    0.4985000000D+03    0.9072598408D+00    0.1000000000D+01
    0.4990000000D+03    0.9072647961D+00    0.1000000000D+01
    0.4995000000D+03    0.9072736030D+00    0.1000000000D+01
    0.5000000000D+03    0.9072818936D+00    0.1000000000D+01
