  0.000000000000000E+000   1.00000000000000     
   1.00000000000000       0.996836446673523     
   2.00000000000000       0.988383162229608     
   3.00000000000000       0.976271643396704     
   4.00000000000000       0.962337929191554     
   5.00000000000000       0.948238478559041     
   6.00000000000000       0.935208011812515     
   7.00000000000000       0.923973206585995     
   8.00000000000000       0.914812443979842     
   9.00000000000000       0.907687405554540     
   10.0000000000000       0.902378003584104     
   11.0000000000000       0.898586818558384     
   12.0000000000000       0.896006466946333     
   13.0000000000000       0.894356245472886     
   14.0000000000000       0.893397902288149     
   15.0000000000000       0.892938864797493     
   16.0000000000000       0.892828904278418     
   17.0000000000000       0.892954083442751     
   18.0000000000000       0.893230012919599     
   19.0000000000000       0.893595548637929     
   20.0000000000000       0.894007391462292     
   21.0000000000000       0.894435635562231     
   22.0000000000000       0.894860273255285     
   23.0000000000000       0.895268493445529     
   24.0000000000000       0.895652615975129     
   25.0000000000000       0.896008572710242     
   26.0000000000000       0.896334769917933     
   27.0000000000000       0.896631259751873     
   28.0000000000000       0.896899157791444     
   29.0000000000000       0.897140210382608     
   30.0000000000000       0.897356505038970     
   31.0000000000000       0.897550272555201     
   32.0000000000000       0.897723743462990     
   33.0000000000000       0.897879071310685     
   34.0000000000000       0.898018277017520     
   35.0000000000000       0.898143217592795     
   36.0000000000000       0.898255582530233     
   37.0000000000000       0.898356885074539     
   38.0000000000000       0.898448471515858     
   39.0000000000000       0.898531534510881     
   40.0000000000000       0.898607118515711     
   41.0000000000000       0.898676140205947     
   42.0000000000000       0.898739399374017     
   43.0000000000000       0.898797589284365     
   44.0000000000000       0.898851315390820     
   45.0000000000000       0.898901100551573     
   46.0000000000000       0.898947397649277     
   47.0000000000000       0.898990601353856     
   48.0000000000000       0.899031050483970     
   49.0000000000000       0.899069040674700     
   50.0000000000000       0.899104828571208     
   51.0000000000000       0.899138634883277     
   52.0000000000000       0.899170654388264     
   53.0000000000000       0.899201055013664     
   54.0000000000000       0.899229983190875     
   55.0000000000000       0.899257569109072     
   56.0000000000000       0.899283924442158     
   57.0000000000000       0.899309149132159     
   58.0000000000000       0.899333331626048     
   59.0000000000000       0.899356548392991     
   60.0000000000000       0.899378869803383     
   61.0000000000000       0.899400357097821     
   62.0000000000000       0.899421064892390     
   63.0000000000000       0.899441044014490     
   64.0000000000000       0.899460338048225     
   65.0000000000000       0.899478987860365     
   66.0000000000000       0.899497030768228     
   67.0000000000000       0.899514499129139     
   68.0000000000000       0.899531424649735     
   69.0000000000000       0.899547835092082     
   70.0000000000000       0.899563755818227     
   71.0000000000000       0.899579211812026     
   72.0000000000000       0.899594224216847     
   73.0000000000000       0.899608813918195     
   74.0000000000000       0.899623000548794     
   75.0000000000000       0.899636800944411     
   76.0000000000000       0.899650232733309     
   77.0000000000000       0.899663311255084     
   78.0000000000000       0.899676050726313     
   79.0000000000000       0.899688465929843     
   80.0000000000000       0.899700569009833     
   81.0000000000000       0.899712372540844     
   82.0000000000000       0.899723888589320     
   83.0000000000000       0.899735127230128     
   84.0000000000000       0.899746099701881     
   85.0000000000000       0.899756815609272     
   86.0000000000000       0.899767283890237     
   87.0000000000000       0.899777514319918     
   88.0000000000000       0.899787514584844     
   89.0000000000000       0.899797293001682     
   90.0000000000000       0.899806857672443     
   91.0000000000000       0.899816215097177     
   92.0000000000000       0.899825373013684     
   93.0000000000000       0.899834337860763     
   94.0000000000000       0.899843115613595     
   95.0000000000000       0.899851713156879     
   96.0000000000000       0.899860135608309     
   97.0000000000000       0.899868388767750     
   98.0000000000000       0.899876478361717     
   99.0000000000000       0.899884408749963     
   100.000000000000       0.899892185514207     
   101.000000000000       0.899899813145846     
   102.000000000000       0.899907295781813     
   103.000000000000       0.899914638473963     
   104.000000000000       0.899921844727014     
   105.000000000000       0.899928918728480     
   106.000000000000       0.899935864670787     
   107.000000000000       0.899942685542072     
   108.000000000000       0.899949385506995     
   109.000000000000       0.899955967785787     
   110.000000000000       0.899962435310307     
   111.000000000000       0.899968791906892     
   112.000000000000       0.899975040018407     
   113.000000000000       0.899981182750787     
   114.000000000000       0.899987223261611     
   115.000000000000       0.899993163625171     
   116.000000000000       0.899999007037138     
   117.000000000000       0.900004755857671     
   118.000000000000       0.900010412201421     
   119.000000000000       0.900015979046432     
   120.000000000000       0.900021458115274     
   121.000000000000       0.900026851765465     
   122.000000000000       0.900032162435075     
   123.000000000000       0.900037391573291     
   124.000000000000       0.900042541693630     
   125.000000000000       0.900047614558915     
   126.000000000000       0.900052611715560     
   127.000000000000       0.900057535538278     
   128.000000000000       0.900062387249830     
   129.000000000000       0.900067168676774     
   130.000000000000       0.900071881744388     
   131.000000000000       0.900076527465201     
   132.000000000000       0.900081107860502     
   133.000000000000       0.900085624269077     
   134.000000000000       0.900090077833755     
   135.000000000000       0.900094470489812     
   136.000000000000       0.900098803106466     
   137.000000000000       0.900103077125198     
   138.000000000000       0.900107294097644     
   139.000000000000       0.900111454725753     
   140.000000000000       0.900115560667608     
   141.000000000000       0.900119612955014     
   142.000000000000       0.900123612438692     
   143.000000000000       0.900127560726816     
   144.000000000000       0.900131458434233     
   145.000000000000       0.900135306717471     
   146.000000000000       0.900139106850347     
   147.000000000000       0.900142859310326     
   148.000000000000       0.900146565481928     
   149.000000000000       0.900150226170730     
   150.000000000000       0.900153842012376     
   151.000000000000       0.900157414366626     
   152.000000000000       0.900160943662533     
   153.000000000000       0.900164430841821     
   154.000000000000       0.900167876967854     
   155.000000000000       0.900171282353543     
   156.000000000000       0.900174648173419     
   157.000000000000       0.900177975063631     
   158.000000000000       0.900181263499000     
   159.000000000000       0.900184514647123     
   160.000000000000       0.900187728799537     
   161.000000000000       0.900190906733281     
   162.000000000000       0.900194049349549     
   163.000000000000       0.900197156839147     
   164.000000000000       0.900200230212597     
   165.000000000000       0.900203269977292     
   166.000000000000       0.900206276486129     
   167.000000000000       0.900209250755518     
   168.000000000000       0.900212192974057     
   169.000000000000       0.900215103790556     
   170.000000000000       0.900217983979273     
   171.000000000000       0.900220833639465     
   172.000000000000       0.900223653651515     
   173.000000000000       0.900226444423677     
   174.000000000000       0.900229206215270     
   175.000000000000       0.900231939921908     
   176.000000000000       0.900234645654384     
   177.000000000000       0.900237323960253     
   178.000000000000       0.900239975512987     
   179.000000000000       0.900242600342624     
   180.000000000000       0.900245199224772     
   181.000000000000       0.900247772490446     
   182.000000000000       0.900250320326355     
   183.000000000000       0.900252843530240     
   184.000000000000       0.900255342153616     
   185.000000000000       0.900257816663047     
   186.000000000000       0.900260267650935     
   187.000000000000       0.900262695094627     
   188.000000000000       0.900265099684254     
   189.000000000000       0.900267481690025     
   190.000000000000       0.900269841241765     
   191.000000000000       0.900272179056872     
   192.000000000000       0.900274495141431     
   193.000000000000       0.900276789896459     
   194.000000000000       0.900279063848360     
   195.000000000000       0.900281316934178     
   196.000000000000       0.900283549773461     
   197.000000000000       0.900285762588088     
   198.000000000000       0.900287955462952     
   199.000000000000       0.900290129048720     
   200.000000000000       0.900292283316495     
   201.000000000000       0.900294418613678     
   202.000000000000       0.900296535412349     
   203.000000000000       0.900298633618632     
   204.000000000000       0.900300713793142     
   205.000000000000       0.900302776119020     
   206.000000000000       0.900304820645404     
   207.000000000000       0.900306847966930     
   208.000000000000       0.900308858027701     
   209.000000000000       0.900310851130815     
   210.000000000000       0.900312827703186     
   211.000000000000       0.900314787627198     
   212.000000000000       0.900316731413751     
   213.000000000000       0.900318659214705     
   214.000000000000       0.900320571050556     
   215.000000000000       0.900322467468432     
   216.000000000000       0.900324348391571     
   217.000000000000       0.900326214086136     
   218.000000000000       0.900328064941133     
   219.000000000000       0.900329900820744     
   220.000000000000       0.900331722193532     
   221.000000000000       0.900333529185930     
   222.000000000000       0.900335321795369     
   223.000000000000       0.900337100528313     
   224.000000000000       0.900338865291906     
   225.000000000000       0.900340616321251     
   226.000000000000       0.900342353973264     
   227.000000000000       0.900344078098229     
   228.000000000000       0.900345789128343     
   229.000000000000       0.900347487169236     
   230.000000000000       0.900349172199686     
   231.000000000000       0.900350844691059     
   232.000000000000       0.900352504538130     
   233.000000000000       0.900354151949684     
   234.000000000000       0.900355787255243     
   235.000000000000       0.900357410294564     
   236.000000000000       0.900359021468351     
   237.000000000000       0.900360620865128     
   238.000000000000       0.900362208448533     
   239.000000000000       0.900363784659393     
   240.000000000000       0.900365349383052     
   241.000000000000       0.900366902805821     
   242.000000000000       0.900368445233671     
   243.000000000000       0.900369976498479     
   244.000000000000       0.900371496973472     
   245.000000000000       0.900373006733046     
   246.000000000000       0.900374505728508     
   247.000000000000       0.900375994373926     
   248.000000000000       0.900377472547528     
   249.000000000000       0.900378940416312     
   250.000000000000       0.900380398265856     
   251.000000000000       0.900381845922252     
   252.000000000000       0.900383283734585     
   253.000000000000       0.900384711765531     
   254.000000000000       0.900386129956338     
   255.000000000000       0.900387538697468     
   256.000000000000       0.900388937861878     
   257.000000000000       0.900390327599857     
   258.000000000000       0.900391708179201     
   259.000000000000       0.900393079421884     
   260.000000000000       0.900394441655654     
   261.000000000000       0.900395794933421     
   262.000000000000       0.900397139188223     
   263.000000000000       0.900398474789556     
   264.000000000000       0.900399801606587     
   265.000000000000       0.900401119775059     
   266.000000000000       0.900402429547172     
   267.000000000000       0.900403730742116     
   268.000000000000       0.900405023668648     
   269.000000000000       0.900406308371525     
   270.000000000000       0.900407584777079     
   271.000000000000       0.900408853236092     
   272.000000000000       0.900410113615108     
   273.000000000000       0.900411366037145     
   274.000000000000       0.900412610740646     
   275.000000000000       0.900413847543069     
   276.000000000000       0.900415076736186     
   277.000000000000       0.900416298357933     
   278.000000000000       0.900417512329169     
   279.000000000000       0.900418718983870     
   280.000000000000       0.900419918186904     
   281.000000000000       0.900421110050095     
   282.000000000000       0.900422294799680     
   283.000000000000       0.900423472252237     
   284.000000000000       0.900424642684269     
   285.000000000000       0.900425806127978     
   286.000000000000       0.900426962499777     
   287.000000000000       0.900428112118470     
   288.000000000000       0.900429254848018     
   289.000000000000       0.900430390790342     
   290.000000000000       0.900431520160796     
   291.000000000000       0.900432642775754     
   292.000000000000       0.900433758897924     
   293.000000000000       0.900434868554696     
   294.000000000000       0.900435971658871     
   295.000000000000       0.900437068515505     
   296.000000000000       0.900438158988254     
   297.000000000000       0.900439243170246     
   298.000000000000       0.900440321267081     
   299.000000000000       0.900441393095482     
   300.000000000000       0.900442458905632     
   301.000000000000       0.900443518720869     
   302.000000000000       0.900444572451085     
   303.000000000000       0.900445620388808     
   304.000000000000       0.900446662397898     
   305.000000000000       0.900447698563622     
   306.000000000000       0.900448729082812     
   307.000000000000       0.900449753772965     
   308.000000000000       0.900450772872847     
   309.000000000000       0.900451786402392     
   310.000000000000       0.900452794269164     
   311.000000000000       0.900453796754245     
   312.000000000000       0.900454793722075     
   313.000000000000       0.900455785250887     
   314.000000000000       0.900456771529584     
   315.000000000000       0.900457752376788     
   316.000000000000       0.900458728020816     
   317.000000000000       0.900459698478735     
   318.000000000000       0.900460663656275     
   319.000000000000       0.900461623823999     
   320.000000000000       0.900462578847255     
   321.000000000000       0.900463528797950     
   322.000000000000       0.900464473857784     
   323.000000000000       0.900465413846778     
   324.000000000000       0.900466348983656     
   325.000000000000       0.900467279283075     
   326.000000000000       0.900468204649333     
   327.000000000000       0.900469125343309     
   328.000000000000       0.900470041231513     
   329.000000000000       0.900470952380131     
   330.000000000000       0.900471858964308     
   331.000000000000       0.900472760805677     
   332.000000000000       0.900473658114120     
   333.000000000000       0.900474550902276     
   334.000000000000       0.900475439073352     
   335.000000000000       0.900476322879274     
   336.000000000000       0.900477202187915     
   337.000000000000       0.900478077060277     
   338.000000000000       0.900478947665511     
   339.000000000000       0.900479813827032     
   340.000000000000       0.900480675746547     
   341.000000000000       0.900481533434998     
   342.000000000000       0.900482386794797     
   343.000000000000       0.900483236069571     
   344.000000000000       0.900484081128711     
   345.000000000000       0.900484922028501     
   346.000000000000       0.900485758932594     
   347.000000000000       0.900486591666326     
   348.000000000000       0.900487420423813     
   349.000000000000       0.900488245214586     
   350.000000000000       0.900489065940503     
   351.000000000000       0.900489882837469     
   352.000000000000       0.900490695776519     
   353.000000000000       0.900491504809636     
   354.000000000000       0.900492310095411     
   355.000000000000       0.900493111461192     
   356.000000000000       0.900493909094044     
   357.000000000000       0.900494703002323     
   358.000000000000       0.900495493087535     
   359.000000000000       0.900496279578388     
   360.000000000000       0.900497062347657     
   361.000000000000       0.900497841443391     
   362.000000000000       0.900498617019496     
   363.000000000000       0.900499388905416     
   364.000000000000       0.900500157281631     
   365.000000000000       0.900500922155535     
   366.000000000000       0.900501683428453     
   367.000000000000       0.900502441322365     
   368.000000000000       0.900503195711856     
   369.000000000000       0.900503946641356     
   370.000000000000       0.900504694260445     
   371.000000000000       0.900505438400708     
   372.000000000000       0.900506179236473     
   373.000000000000       0.900506916774343     
   374.000000000000       0.900507650915612     
   375.000000000000       0.900508381875949     
   376.000000000000       0.900509109531802     
   377.000000000000       0.900509833924274     
   378.000000000000       0.900510555198924     
   379.000000000000       0.900511273189516     
   380.000000000000       0.900511988064605     
   381.000000000000       0.900512699830162     
   382.000000000000       0.900513408387569     
   383.000000000000       0.900514113946570     
   384.000000000000       0.900514816385512     
   385.000000000000       0.900515515742421     
   386.000000000000       0.900516212159119     
   387.000000000000       0.900516905471566     
   388.000000000000       0.900517595842899     
   389.000000000000       0.900518283278577     
   390.000000000000       0.900518967680183     
   391.000000000000       0.900519649251876     
   392.000000000000       0.900520327873934     
   393.000000000000       0.900521003581531     
   394.000000000000       0.900521676512999     
   395.000000000000       0.900522346506500     
   396.000000000000       0.900523013720074     
   397.000000000000       0.900523678158787     
   398.000000000000       0.900524339724501     
   399.000000000000       0.900524998616115     
   400.000000000000       0.900525654715835     
   401.000000000000       0.900526308056203     
   402.000000000000       0.900526958772281     
   403.000000000000       0.900527606704438     
   404.000000000000       0.900528252005898     
   405.000000000000       0.900528894681432     
   406.000000000000       0.900529534633261     
   407.000000000000       0.900530172055309     
   408.000000000000       0.900530806831717     
   409.000000000000       0.900531438992569     
   410.000000000000       0.900532068669867     
   411.000000000000       0.900532695706178     
   412.000000000000       0.900533320250180     
   413.000000000000       0.900533942306431     
   414.000000000000       0.900534561777563     
   415.000000000000       0.900535178852795     
   416.000000000000       0.900535793418200     
   417.000000000000       0.900536405501577     
   418.000000000000       0.900537015232048     
   419.000000000000       0.900537622454359     
   420.000000000000       0.900538227312883     
   421.000000000000       0.900538829812042     
   422.000000000000       0.900539429854937     
   423.000000000000       0.900540027626314     
   424.000000000000       0.900540623014173     
   425.000000000000       0.900541216044177     
   426.000000000000       0.900541806842737     
   427.000000000000       0.900542395256760     
   428.000000000000       0.900542981426539     
   429.000000000000       0.900543565356408     
   430.000000000000       0.900544146949994     
   431.000000000000       0.900544726387793     
   432.000000000000       0.900545303559709     
   433.000000000000       0.900545878489411     
   434.000000000000       0.900546451300752     
   435.000000000000       0.900547021842776     
   436.000000000000       0.900547590251899     
   437.000000000000       0.900548156532433     
   438.000000000000       0.900548720588548     
   439.000000000000       0.900549282596702     
   440.000000000000       0.900549842448691     
   441.000000000000       0.900550400166308     
   442.000000000000       0.900550955870990     
   443.000000000000       0.900551509413891     
   444.000000000000       0.900552060927738     
   445.000000000000       0.900552610416864     
   446.000000000000       0.900553157786020     
   447.000000000000       0.900553703207815     
   448.000000000000       0.900554246575909     
   449.000000000000       0.900554787910338     
   450.000000000000       0.900555327330247     
   451.000000000000       0.900555864688872     
   452.000000000000       0.900556400115426     
   453.000000000000       0.900556933614305     
   454.000000000000       0.900557465090862     
   455.000000000000       0.900557994714033     
   456.000000000000       0.900558522379323     
   457.000000000000       0.900559048105101     
   458.000000000000       0.900559572008355     
   459.000000000000       0.900560093944361     
   460.000000000000       0.900560614038987     
   461.000000000000       0.900561132296722     
   462.000000000000       0.900561648623537     
   463.000000000000       0.900562163184867     
   464.000000000000       0.900562675878023     
   465.000000000000       0.900563186719822     
   466.000000000000       0.900563695825181     
   467.000000000000       0.900564203051400     
   468.000000000000       0.900564708521135     
   469.000000000000       0.900565212239014     
   470.000000000000       0.900565714111640     
   471.000000000000       0.900566214301088     
   472.000000000000       0.900566712706456     
   473.000000000000       0.900567209343089     
   474.000000000000       0.900567704323944     
   475.000000000000       0.900568197508303     
   476.000000000000       0.900568689015757     
   477.000000000000       0.900569178851087     
   478.000000000000       0.900569666921545     
   479.000000000000       0.900570153385990     
   480.000000000000       0.900570638145278     
   481.000000000000       0.900571121213357     
   482.000000000000       0.900571602701325     
   483.000000000000       0.900572082470400     
   484.000000000000       0.900572560637247     
   485.000000000000       0.900573037206819     
   486.000000000000       0.900573512087024     
   487.000000000000       0.900573985433642     
   488.000000000000       0.900574457149251     
   489.000000000000       0.900574927246486     
   490.000000000000       0.900575395834657     
   491.000000000000       0.900575862776896     
   492.000000000000       0.900576328187055     
   493.000000000000       0.900576792070282     
   494.000000000000       0.900577254335144     
   495.000000000000       0.900577715134472     
   496.000000000000       0.900578174372529     
   497.000000000000       0.900578632060702     
   498.000000000000       0.900579088306603     
   499.000000000000       0.900579542975232     
   500.000000000000       0.900579996177749     
   501.000000000000       0.900580447919514     
   502.000000000000       0.900580898109760     
   503.000000000000       0.900581346898464     
   504.000000000000       0.900581794191563     
   505.000000000000       0.900582239999257     
   506.000000000000       0.900582684427525     
   507.000000000000       0.900583127343213     
   508.000000000000       0.900583568854885     
   509.000000000000       0.900584008968121     
   510.000000000000       0.900584447592829     
   511.000000000000       0.900584884876251     
   512.000000000000       0.900585320725952     
   513.000000000000       0.900585755151006     
   514.000000000000       0.900586188255841     
   515.000000000000       0.900586619909094     
   516.000000000000       0.900587050216836     
   517.000000000000       0.900587479184895     
   518.000000000000       0.900587906723840     
   519.000000000000       0.900588332978281     
   520.000000000000       0.900588757857389     
   521.000000000000       0.900589181369159     
   522.000000000000       0.900589603616522     
   523.000000000000       0.900590024469889     
   524.000000000000       0.900590444032932     
   525.000000000000       0.900590862311723     
   526.000000000000       0.900591279217496     
   527.000000000000       0.900591694892324     
   528.000000000000       0.900592109246956     
   529.000000000000       0.900592522288357     
   530.000000000000       0.900592934118021     
   531.000000000000       0.900593344608097     
   532.000000000000       0.900593753859950     
   533.000000000000       0.900594161879897     
   534.000000000000       0.900594568579841     
   535.000000000000       0.900594974099411     
   536.000000000000       0.900595378350888     
   537.000000000000       0.900595781340268     
   538.000000000000       0.900596183167671     
   539.000000000000       0.900596583706932     
   540.000000000000       0.900596983057194     
   541.000000000000       0.900597381225035     
   542.000000000000       0.900597778123023     
   543.000000000000       0.900598173888421     
   544.000000000000       0.900598568435022     
   545.000000000000       0.900598961767884     
   546.000000000000       0.900599353985807     
   547.000000000000       0.900599744964289     
   548.000000000000       0.900600134800320     
   549.000000000000       0.900600523500749     
   550.000000000000       0.900600910978801     
   551.000000000000       0.900601297369456     
   552.000000000000       0.900601682587983     
   553.000000000000       0.900602066638553     
   554.000000000000       0.900602449618687     
   555.000000000000       0.900602831405517     
   556.000000000000       0.900603212093959     
   557.000000000000       0.900603591691125     
   558.000000000000       0.900603970110896     
   559.000000000000       0.900604347486049     
   560.000000000000       0.900604723733299     
   561.000000000000       0.900605098855970     
   562.000000000000       0.900605472950350     
   563.000000000000       0.900605845895161     
   564.000000000000       0.900606217783320     
   565.000000000000       0.900606588622217     
   566.000000000000       0.900606958326374     
   567.000000000000       0.900607327026432     
   568.000000000000       0.900607694640537     
   569.000000000000       0.900608061171188     
   570.000000000000       0.900608426713486     
   571.000000000000       0.900608791147716     
   572.000000000000       0.900609154564865     
   573.000000000000       0.900609516972594     
   574.000000000000       0.900609878286064     
   575.000000000000       0.900610238633854     
   576.000000000000       0.900610597935498     
   577.000000000000       0.900610956192711     
   578.000000000000       0.900611313499456     
   579.000000000000       0.900611669737547     
   580.000000000000       0.900612024996099     
   581.000000000000       0.900612379283036     
   582.000000000000       0.900612732514163     
   583.000000000000       0.900613084816063     
   584.000000000000       0.900613436109633     
   585.000000000000       0.900613786395829     
   586.000000000000       0.900614135767511     
   587.000000000000       0.900614484107994     
   588.000000000000       0.900614831504576     
   589.000000000000       0.900615177965466     
   590.000000000000       0.900615523407090     
   591.000000000000       0.900615867954094     
   592.000000000000       0.900616211528708     
   593.000000000000       0.900616554131165     
   594.000000000000       0.900616895853262     
   595.000000000000       0.900617236579781     
   596.000000000000       0.900617576396270     
   597.000000000000       0.900617915311201     
   598.000000000000       0.900618253241625     
   599.000000000000       0.900618590310309     
   600.000000000000       0.900618926440794     
   601.000000000000       0.900619261632623     
   602.000000000000       0.900619595976551     
   603.000000000000       0.900619929358801     
   604.000000000000       0.900620261863210     
   605.000000000000       0.900620593498543     
   606.000000000000       0.900620924182461     
   607.000000000000       0.900621254035896     
   608.000000000000       0.900621582983675     
   609.000000000000       0.900621911024675     
   610.000000000000       0.900622238248649     
   611.000000000000       0.900622564543240     
   612.000000000000       0.900622889990621     
   613.000000000000       0.900623214599829     
   614.000000000000       0.900623538289142     
   615.000000000000       0.900623861177718     
   616.000000000000       0.900624183191635     
   617.000000000000       0.900624504329133     
   618.000000000000       0.900624824678996     
   619.000000000000       0.900625144130244     
   620.000000000000       0.900625462763447     
   621.000000000000       0.900625780587923     
   622.000000000000       0.900626097522534     
   623.000000000000       0.900626413684733     
   624.000000000000       0.900626729001825     
   625.000000000000       0.900627043471420     
   626.000000000000       0.900627357181374     
   627.000000000000       0.900627670022053     
   628.000000000000       0.900627982072482     
   629.000000000000       0.900628293342236     
   630.000000000000       0.900628603750781     
   631.000000000000       0.900628913413889     
   632.000000000000       0.900629222260072     
   633.000000000000       0.900629530286351     
   634.000000000000       0.900629837579662     
   635.000000000000       0.900630144031700     
   636.000000000000       0.900630449719972     
   637.000000000000       0.900630754654330     
   638.000000000000       0.900631058754828     
   639.000000000000       0.900631362135604     
   640.000000000000       0.900631664726355     
   641.000000000000       0.900631966523520     
   642.000000000000       0.900632267613152     
   643.000000000000       0.900632567888259     
   644.000000000000       0.900632867424868     
   645.000000000000       0.900633166233097     
   646.000000000000       0.900633464233574     
   647.000000000000       0.900633761538860     
   648.000000000000       0.900634058079813     
   649.000000000000       0.900634353852314     
   650.000000000000       0.900634648941551     
   651.000000000000       0.900634943241804     
   652.000000000000       0.900635236827681     
   653.000000000000       0.900635529709564     
   654.000000000000       0.900635821808650     
   655.000000000000       0.900636113235951     
   656.000000000000       0.900636403923466     
   657.000000000000       0.900636693866533     
   658.000000000000       0.900636983149513     
   659.000000000000       0.900637271667942     
   660.000000000000       0.900637559495019     
   661.000000000000       0.900637846641400     
   662.000000000000       0.900638133028834     
   663.000000000000       0.900638418766843     
   664.000000000000       0.900638703788539     
   665.000000000000       0.900638988088739     
   666.000000000000       0.900639271750988     
   667.000000000000       0.900639554672044     
   668.000000000000       0.900639836923759     
   669.000000000000       0.900640118517047     
   670.000000000000       0.900640399374214     
   671.000000000000       0.900640679603318     
   672.000000000000       0.900640959138557     
   673.000000000000       0.900641237974249     
   674.000000000000       0.900641516193150     
   675.000000000000       0.900641793693219     
   676.000000000000       0.900642070544993     
   677.000000000000       0.900642346759646     
   678.000000000000       0.900642622260016     
   679.000000000000       0.900642897152745     
   680.000000000000       0.900643171373101     
   681.000000000000       0.900643444914914     
   682.000000000000       0.900643717860172     
   683.000000000000       0.900643990108014     
   684.000000000000       0.900644261727691     
   685.000000000000       0.900644532730625     
   686.000000000000       0.900644803040206     
   687.000000000000       0.900645072761676     
   688.000000000000       0.900645341831357     
   689.000000000000       0.900645610242611     
   690.000000000000       0.900645878076664     
   691.000000000000       0.900646145233821     
   692.000000000000       0.900646411782073     
   693.000000000000       0.900646677733112     
   694.000000000000       0.900646943010849     
   695.000000000000       0.900647207719163     
   696.000000000000       0.900647471795409     
   697.000000000000       0.900647735232490     
   698.000000000000       0.900647998110908     
   699.000000000000       0.900648260332104     
   700.000000000000       0.900648521962846     
   701.000000000000       0.900648783015074     
   702.000000000000       0.900649043413218     
   703.000000000000       0.900649303259840     
   704.000000000000       0.900649562493298     
   705.000000000000       0.900649821106060     
   706.000000000000       0.900650079177911     
   707.000000000000       0.900650336611410     
   708.000000000000       0.900650593472133     
   709.000000000000       0.900650849772258     
   710.000000000000       0.900651105436740     
   711.000000000000       0.900651360566843     
   712.000000000000       0.900651615101925     
   713.000000000000       0.900651869034012     
   714.000000000000       0.900652122442208     
   715.000000000000       0.900652375230155     
   716.000000000000       0.900652627462273     
   717.000000000000       0.900652879150976     
   718.000000000000       0.900653130221730     
   719.000000000000       0.900653380774540     
   720.000000000000       0.900653630749730     
   721.000000000000       0.900653880138928     
   722.000000000000       0.900654129020537     
   723.000000000000       0.900654377299279     
   724.000000000000       0.900654625038442     
   725.000000000000       0.900654872250678     
   726.000000000000       0.900655118861958     
   727.000000000000       0.900655364971051     
   728.000000000000       0.900655610519245     
   729.000000000000       0.900655855497739     
   730.000000000000       0.900656099984294     
   731.000000000000       0.900656343884680     
   732.000000000000       0.900656587261081     
   733.000000000000       0.900656830126386     
   734.000000000000       0.900657072407053     
   735.000000000000       0.900657314200649     
   736.000000000000       0.900657555449394     
   737.000000000000       0.900657796144107     
   738.000000000000       0.900658036361887     
   739.000000000000       0.900658276009553     
   740.000000000000       0.900658515148197     
   741.000000000000       0.900658753790945     
   742.000000000000       0.900658991864741     
   743.000000000000       0.900659229465979     
   744.000000000000       0.900659466537788     
   745.000000000000       0.900659703070608     
   746.000000000000       0.900659939140912     
   747.000000000000       0.900660174656532     
   748.000000000000       0.900660409677502     
   749.000000000000       0.900660644217180     
   750.000000000000       0.900660878202991     
   751.000000000000       0.900661111730172     
   752.000000000000       0.900661344742757     
   753.000000000000       0.900661577230811     
   754.000000000000       0.900661809270190     
   755.000000000000       0.900662040769737     
   756.000000000000       0.900662271788442     
   757.000000000000       0.900662502339888     
   758.000000000000       0.900662732351977     
   759.000000000000       0.900662961918809     
   760.000000000000       0.900663190985317     
   761.000000000000       0.900663419541206     
   762.000000000000       0.900663647661721     
   763.000000000000       0.900663875256687     
   764.000000000000       0.900664102384081     
   765.000000000000       0.900664329057705     
   766.000000000000       0.900664555205944     
   767.000000000000       0.900664780921788     
   768.000000000000       0.900665006151030     
   769.000000000000       0.900665230883032     
   770.000000000000       0.900665455192453     
   771.000000000000       0.900665678990071     
   772.000000000000       0.900665902332878     
   773.000000000000       0.900666125234909     
   774.000000000000       0.900666347624988     
   775.000000000000       0.900666569595033     
   776.000000000000       0.900666791091701     
   777.000000000000       0.900667012104002     
   778.000000000000       0.900667232706015     
   779.000000000000       0.900667452809474     
   780.000000000000       0.900667672470405     
   781.000000000000       0.900667891703046     
   782.000000000000       0.900668110436689     
   783.000000000000       0.900668328762182     
   784.000000000000       0.900668546627027     
   785.000000000000       0.900668764019905     
   786.000000000000       0.900668981014327     
   787.000000000000       0.900669197522958     
   788.000000000000       0.900669413600873     
   789.000000000000       0.900669629262530     
   790.000000000000       0.900669844437666     
   791.000000000000       0.900670059216089     
   792.000000000000       0.900670273546127     
   793.000000000000       0.900670487416142     
   794.000000000000       0.900670700899088     
   795.000000000000       0.900670913908548     
   796.000000000000       0.900671126498663     
   797.000000000000       0.900671338684109     
   798.000000000000       0.900671550395052     
   799.000000000000       0.900671761720300     
   800.000000000000       0.900671972608984     
   801.000000000000       0.900672183049148     
   802.000000000000       0.900672393113211     
   803.000000000000       0.900672602715645     
   804.000000000000       0.900672811909698     
   805.000000000000       0.900673020710241     
   806.000000000000       0.900673229047880     
   807.000000000000       0.900673437010421     
   808.000000000000       0.900673644547801     
   809.000000000000       0.900673851647753     
   810.000000000000       0.900674058382159     
   811.000000000000       0.900674264666385     
   812.000000000000       0.900674470552784     
   813.000000000000       0.900674676056434     
   814.000000000000       0.900674881108372     
   815.000000000000       0.900675085795422     
   816.000000000000       0.900675290068304     
   817.000000000000       0.900675493914454     
   818.000000000000       0.900675697405229     
   819.000000000000       0.900675900456872     
   820.000000000000       0.900676103120861     
   821.000000000000       0.900676305412476     
   822.000000000000       0.900676507263177     
   823.000000000000       0.900676708758835     
   824.000000000000       0.900676909850932     
   825.000000000000       0.900677110526617     
   826.000000000000       0.900677310856732     
   827.000000000000       0.900677510758382     
   828.000000000000       0.900677710282185     
   829.000000000000       0.900677909443610     
   830.000000000000       0.900678108174551     
   831.000000000000       0.900678306559935     
   832.000000000000       0.900678504552004     
   833.000000000000       0.900678702137623     
   834.000000000000       0.900678899387124     
   835.000000000000       0.900679096218454     
   836.000000000000       0.900679292681403     
   837.000000000000       0.900679488791634     
   838.000000000000       0.900679684481441     
   839.000000000000       0.900679879834837     
   840.000000000000       0.900680074804810     
   841.000000000000       0.900680269377942     
   842.000000000000       0.900680463624083     
   843.000000000000       0.900680657462005     
   844.000000000000       0.900680850940670     
   845.000000000000       0.900681044075937     
   846.000000000000       0.900681236800512     
   847.000000000000       0.900681429197499     
   848.000000000000       0.900681621220608     
   849.000000000000       0.900681812856170     
   850.000000000000       0.900682004173534     
   851.000000000000       0.900682195092288     
   852.000000000000       0.900682385660605     
   853.000000000000       0.900682575894522     
   854.000000000000       0.900682765727150     
   855.000000000000       0.900682955240700     
   856.000000000000       0.900683144389614     
   857.000000000000       0.900683333159941     
   858.000000000000       0.900683521620565     
   859.000000000000       0.900683709691878     
   860.000000000000       0.900683897421255     
   861.000000000000       0.900684084824927     
   862.000000000000       0.900684271836399     
   863.000000000000       0.900684458537006     
   864.000000000000       0.900684644881905     
   865.000000000000       0.900684830856886     
   866.000000000000       0.900685016530362     
   867.000000000000       0.900685201823523     
   868.000000000000       0.900685386782972     
   869.000000000000       0.900685571425103     
   870.000000000000       0.900685755683818     
   871.000000000000       0.900685939639613     
   872.000000000000       0.900686123248325     
   873.000000000000       0.900686306495498     
   874.000000000000       0.900686489449083     
   875.000000000000       0.900686672031057     
   876.000000000000       0.900686854287251     
   877.000000000000       0.900687036234253     
   878.000000000000       0.900687217806344     
   879.000000000000       0.900687399083166     
   880.000000000000       0.900687580021264     
   881.000000000000       0.900687760605925     
   882.000000000000       0.900687940904648     
   883.000000000000       0.900688120840172     
   884.000000000000       0.900688300457583     
   885.000000000000       0.900688479773655     
   886.000000000000       0.900688658723054     
   887.000000000000       0.900688837384588     
   888.000000000000       0.900689015715465     
   889.000000000000       0.900689193700746     
   890.000000000000       0.900689371407487     
   891.000000000000       0.900689548759186     
   892.000000000000       0.900689725800181     
   893.000000000000       0.900689902547420     
   894.000000000000       0.900690078935955     
   895.000000000000       0.900690255043783     
   896.000000000000       0.900690430828772     
   897.000000000000       0.900690606275749     
   898.000000000000       0.900690781451333     
   899.000000000000       0.900690956279762     
   900.000000000000       0.900691130804668     
   901.000000000000       0.900691305043162     
   902.000000000000       0.900691478930666     
   903.000000000000       0.900691652544375     
   904.000000000000       0.900691825842819     
   905.000000000000       0.900691998810593     
   906.000000000000       0.900692171513883     
   907.000000000000       0.900692343877661     
   908.000000000000       0.900692515944852     
   909.000000000000       0.900692687732740     
   910.000000000000       0.900692859177100     
   911.000000000000       0.900693030354365     
   912.000000000000       0.900693201223700     
   913.000000000000       0.900693371769465     
   914.000000000000       0.900693542057432     
   915.000000000000       0.900693712013303     
   916.000000000000       0.900693881679301     
   917.000000000000       0.900694051072866     
   918.000000000000       0.900694220130147     
   919.000000000000       0.900694388926800     
   920.000000000000       0.900694557422618     
   921.000000000000       0.900694725601760     
   922.000000000000       0.900694893529572     
   923.000000000000       0.900695061132461     
   924.000000000000       0.900695228451974     
   925.000000000000       0.900695395505717     
   926.000000000000       0.900695562230208     
   927.000000000000       0.900695728700316     
   928.000000000000       0.900695894876481     
   929.000000000000       0.900696060742631     
   930.000000000000       0.900696226363714     
   931.000000000000       0.900696391666839     
   932.000000000000       0.900696556692874     
   933.000000000000       0.900696721459591     
   934.000000000000       0.900696885903854     
   935.000000000000       0.900697050099796     
   936.000000000000       0.900697214008465     
   937.000000000000       0.900697377613585     
   938.000000000000       0.900697540979692     
   939.000000000000       0.900697704034599     
   940.000000000000       0.900697866818512     
   941.000000000000       0.900698029349355     
   942.000000000000       0.900698191564338     
   943.000000000000       0.900698353536870     
   944.000000000000       0.900698515228592     
   945.000000000000       0.900698676623035     
   946.000000000000       0.900698837784339     
   947.000000000000       0.900698998640980     
   948.000000000000       0.900699159232526     
   949.000000000000       0.900699319577056     
   950.000000000000       0.900699479612135     
   951.000000000000       0.900699639410439     
   952.000000000000       0.900699798934210     
   953.000000000000       0.900699958166778     
   954.000000000000       0.900700117171886     
   955.000000000000       0.900700275878692     
   956.000000000000       0.900700434326118     
   957.000000000000       0.900700592532405     
   958.000000000000       0.900700750435454     
   959.000000000000       0.900700908107219     
   960.000000000000       0.900701065510539     
   961.000000000000       0.900701222628545     
   962.000000000000       0.900701379524596     
   963.000000000000       0.900701536128517     
   964.000000000000       0.900701692478601     
   965.000000000000       0.900701848593237     
   966.000000000000       0.900702004410660     
   967.000000000000       0.900702160002131     
   968.000000000000       0.900702315331064     
   969.000000000000       0.900702470380403     
   970.000000000000       0.900702625213130     
   971.000000000000       0.900702779759709     
   972.000000000000       0.900702934057817     
   973.000000000000       0.900703088126002     
   974.000000000000       0.900703241902829     
   975.000000000000       0.900703395458870     
   976.000000000000       0.900703548758107     
   977.000000000000       0.900703701783287     
   978.000000000000       0.900703854597024     
   979.000000000000       0.900704007130439     
   980.000000000000       0.900704159420595     
   981.000000000000       0.900704311486173     
   982.000000000000       0.900704463266079     
   983.000000000000       0.900704614830206     
   984.000000000000       0.900704766143102     
   985.000000000000       0.900704917187325     
   986.000000000000       0.900705068025121     
   987.000000000000       0.900705218588240     
   988.000000000000       0.900705368913149     
   989.000000000000       0.900705519018682     
   990.000000000000       0.900705668844074     
   991.000000000000       0.900705818458531     
   992.000000000000       0.900705967827157     
   993.000000000000       0.900706116932346     
   994.000000000000       0.900706265835959     
   995.000000000000       0.900706414470388     
   996.000000000000       0.900706562871517     
   997.000000000000       0.900706711058310     
   998.000000000000       0.900706858970323     
   999.000000000000       0.900707006676110     
   1000.00000000000       0.900707154141324     
