  0.000000000000000E+000   1.00000000000000     
   1.00000000000000       0.996811585753969     
   2.00000000000000       0.987915056493771     
   3.00000000000000       0.973905660385544     
   4.00000000000000       0.955327907570278     
   5.00000000000000       0.932668262344763     
   6.00000000000000       0.906367786911131     
   7.00000000000000       0.876831528603815     
   8.00000000000000       0.844434671001000     
   9.00000000000000       0.809526582557711     
   10.0000000000000       0.772433555442717     
   11.0000000000000       0.733460723599149     
   12.0000000000000       0.692893460948622     
   13.0000000000000       0.650998447458597     
   14.0000000000000       0.608024523333959     
   15.0000000000000       0.564203408830895     
   16.0000000000000       0.519750341141030     
   17.0000000000000       0.474864661710998     
   18.0000000000000       0.429730376588904     
   19.0000000000000       0.384516703844459     
   20.0000000000000       0.339378617594942     
   21.0000000000000       0.294457393675613     
   22.0000000000000       0.249881160292617     
   23.0000000000000       0.205765454359218     
   24.0000000000000       0.162213783882379     
   25.0000000000000       0.119318195029290     
   26.0000000000000       7.715984287645261E-002
   27.0000000000000       3.580956355835574E-002
   28.0000000000000      -4.671553710535958E-003
   29.0000000000000      -4.423159732297322E-002
   30.0000000000000      -8.282726828573317E-002
   31.0000000000000      -0.120423322099540     
   32.0000000000000      -0.156992018970703     
   33.0000000000000      -0.192512584705779     
   34.0000000000000      -0.226970683476473     
   35.0000000000000      -0.260357904519025     
   36.0000000000000      -0.292671263631488     
   37.0000000000000      -0.323912721212889     
   38.0000000000000      -0.354088717371033     
   39.0000000000000      -0.383209725520255     
   40.0000000000000      -0.411289824669962     
   41.0000000000000      -0.438346291518485     
   42.0000000000000      -0.464399212251672     
   43.0000000000000      -0.489471114880489     
   44.0000000000000      -0.513586621747929     
   45.0000000000000      -0.536772122791439     
   46.0000000000000      -0.559055468958101     
   47.0000000000000      -0.580465686145442     
   48.0000000000000      -0.601032708869269     
   49.0000000000000      -0.620787133853171     
   50.0000000000000      -0.639759992581885     
   51.0000000000000      -0.657982542868979     
   52.0000000000000      -0.675486078356781     
   53.0000000000000      -0.692301755886837     
   54.0000000000000      -0.708460439566997     
   55.0000000000000      -0.723992561390669     
   56.0000000000000      -0.738927997171956     
   57.0000000000000      -0.753295957595942     
   58.0000000000000      -0.767124893111685     
   59.0000000000000      -0.780442412434222     
   60.0000000000000      -0.793275213369883     
   61.0000000000000      -0.805649025718346     
   62.0000000000000      -0.817588564972090     
   63.0000000000000      -0.829117496570756     
   64.0000000000000      -0.840258409453801     
   65.0000000000000      -0.851032798686965     
   66.0000000000000      -0.861461055942032     
   67.0000000000000      -0.871562467634495     
   68.0000000000000      -0.881355219545209     
   69.0000000000000      -0.890856407768235     
   70.0000000000000      -0.900082054865457     
   71.0000000000000      -0.909047131113912     
   72.0000000000000      -0.917765579786466     
   73.0000000000000      -0.926250346399553     
   74.0000000000000      -0.934513410932164     
   75.0000000000000      -0.942565822999753     
   76.0000000000000      -0.950417739052530     
   77.0000000000000      -0.958078461632316     
   78.0000000000000      -0.965556479822926     
   79.0000000000000      -0.972859510978025     
   80.0000000000000      -0.979994542925781     
   81.0000000000000      -0.986967876782236     
   82.0000000000000      -0.993785169634927     
   83.0000000000000       -1.00045147727394     
   84.0000000000000       -1.00697129629115     
   85.0000000000000       -1.01334860576679     
   86.0000000000000       -1.01958690791970     
   87.0000000000000       -1.02568926797842     
   88.0000000000000       -1.03165835270122     
   89.0000000000000       -1.03749646783605     
   90.0000000000000       -1.04320559399573     
   91.0000000000000       -1.04878742126908     
   92.0000000000000       -1.05424338208611     
   93.0000000000000       -1.05957468268303     
   94.0000000000000       -1.06478233272373     
   95.0000000000000       -1.06986717344437     
   96.0000000000000       -1.07482990391144     
   97.0000000000000       -1.07967110577690     
   98.0000000000000       -1.08439126615033     
   99.0000000000000       -1.08899079898441     
   100.000000000000       -1.09347006461929     
   101.000000000000       -1.09782938789137     
   102.000000000000       -1.10206907447366     
   103.000000000000       -1.10618942585908     
   104.000000000000       -1.11019075267217     
   105.000000000000       -1.11407338672307     
   106.000000000000       -1.11783769150468     
   107.000000000000       -1.12148407154642     
   108.000000000000       -1.12501298033812     
   109.000000000000       -1.12842492723480     
   110.000000000000       -1.13172048306570     
   111.000000000000       -1.13490028485404     
   112.000000000000       -1.13796503937818     
   113.000000000000       -1.14091552597469     
   114.000000000000       -1.14375259831975     
   115.000000000000       -1.14647718558166     
   116.000000000000       -1.14909029268537     
   117.000000000000       -1.15159300007286     
   118.000000000000       -1.15398646270336     
   119.000000000000       -1.15627190866778     
   120.000000000000       -1.15845063716317     
   121.000000000000       -1.16052401619155     
   122.000000000000       -1.16249347973013     
   123.000000000000       -1.16436052472670     
   124.000000000000       -1.16612670766792     
   125.000000000000       -1.16779364106361     
   126.000000000000       -1.16936298959499     
   127.000000000000       -1.17083646625934     
   128.000000000000       -1.17221582825901     
   129.000000000000       -1.17350287295678     
   130.000000000000       -1.17469943364540     
   131.000000000000       -1.17580737544303     
   132.000000000000       -1.17682859106235     
   133.000000000000       -1.17776499675513     
   134.000000000000       -1.17861852818011     
   135.000000000000       -1.17939113648654     
   136.000000000000       -1.18008478436120     
   137.000000000000       -1.18070144232252     
   138.000000000000       -1.18124308500994     
   139.000000000000       -1.18171168774351     
   140.000000000000       -1.18210922310280     
   141.000000000000       -1.18243765779195     
   142.000000000000       -1.18269894954090     
   143.000000000000       -1.18289504430244     
   144.000000000000       -1.18302787349611     
   145.000000000000       -1.18309935155175     
   146.000000000000       -1.18311137350537     
   147.000000000000       -1.18306581289387     
   148.000000000000       -1.18296451970276     
   149.000000000000       -1.18280931860785     
   150.000000000000       -1.18260200726711     
   151.000000000000       -1.18234435489823     
   152.000000000000       -1.18203810090035     
   153.000000000000       -1.18168495375079     
   154.000000000000       -1.18128658993753     
   155.000000000000       -1.18084465315398     
   156.000000000000       -1.18036075351939     
   157.000000000000       -1.17983646704739     
   158.000000000000       -1.17927333512887     
   159.000000000000       -1.17867286424804     
   160.000000000000       -1.17803652570065     
   161.000000000000       -1.17736575553001     
   162.000000000000       -1.17666195445286     
   163.000000000000       -1.17592648798742     
   164.000000000000       -1.17516068655901     
   165.000000000000       -1.17436584579269     
   166.000000000000       -1.17354322677132     
   167.000000000000       -1.17269405646605     
   168.000000000000       -1.17181952812073     
   169.000000000000       -1.17092080179481     
   170.000000000000       -1.16999900484940     
   171.000000000000       -1.16905523257892     
   172.000000000000       -1.16809054877581     
   173.000000000000       -1.16710598642904     
   174.000000000000       -1.16610254834665     
   175.000000000000       -1.16508120790125     
   176.000000000000       -1.16404290969162     
   177.000000000000       -1.16298857031746     
   178.000000000000       -1.16191907906343     
   179.000000000000       -1.16083529868776     
   180.000000000000       -1.15973806611419     
   181.000000000000       -1.15862819322104     
   182.000000000000       -1.15750646752888     
   183.000000000000       -1.15637365297875     
   184.000000000000       -1.15523049060521     
   185.000000000000       -1.15407769929456     
   186.000000000000       -1.15291597643491     
   187.000000000000       -1.15174599864695     
   188.000000000000       -1.15056842240454     
   189.000000000000       -1.14938388473239     
   190.000000000000       -1.14819300379217     
   191.000000000000       -1.14699637954309     
   192.000000000000       -1.14579459429006     
   193.000000000000       -1.14458821330440     
   194.000000000000       -1.14337778533200     
   195.000000000000       -1.14216384317259     
   196.000000000000       -1.14094690414698     
   197.000000000000       -1.13972747063443     
   198.000000000000       -1.13850603049888     
   199.000000000000       -1.13728305758495     
   200.000000000000       -1.13605901210393     
   201.000000000000       -1.13483434108952     
   202.000000000000       -1.13360947874513     
   203.000000000000       -1.13238484686106     
   204.000000000000       -1.13116085512506     
   205.000000000000       -1.12993790150324     
   206.000000000000       -1.12871637251623     
   207.000000000000       -1.12749664358629     
   208.000000000000       -1.12627907928175     
   209.000000000000       -1.12506403363313     
   210.000000000000       -1.12385185034861     
   211.000000000000       -1.12264286310209     
   212.000000000000       -1.12143739572256     
   213.000000000000       -1.12023576245696     
   214.000000000000       -1.11903826813646     
   215.000000000000       -1.11784520841706     
   216.000000000000       -1.11665686992545     
   217.000000000000       -1.11547353048023     
   218.000000000000       -1.11429545922021     
   219.000000000000       -1.11312291680880     
   220.000000000000       -1.11195615554732     
   221.000000000000       -1.11079541956517     
   222.000000000000       -1.10964094492054     
   223.000000000000       -1.10849295977859     
   224.000000000000       -1.10735168450185     
   225.000000000000       -1.10621733181852     
   226.000000000000       -1.10509010690447     
   227.000000000000       -1.10397020754363     
   228.000000000000       -1.10285782420331     
   229.000000000000       -1.10175314018835     
   230.000000000000       -1.10065633171133     
   231.000000000000       -1.09956756804187     
   232.000000000000       -1.09848701157306     
   233.000000000000       -1.09741481796718     
   234.000000000000       -1.09635113621943     
   235.000000000000       -1.09529610880105     
   236.000000000000       -1.09424987172132     
   237.000000000000       -1.09321255466887     
   238.000000000000       -1.09218428107266     
   239.000000000000       -1.09116516824221     
   240.000000000000       -1.09015532742803     
   241.000000000000       -1.08915486396124     
   242.000000000000       -1.08816387731391     
   243.000000000000       -1.08718246123841     
   244.000000000000       -1.08621070382791     
   245.000000000000       -1.08524868765568     
   246.000000000000       -1.08429648983585     
   247.000000000000       -1.08335418216283     
   248.000000000000       -1.08242183117239     
   249.000000000000       -1.08149949828112     
   250.000000000000       -1.08058723984790     
   251.000000000000       -1.07968510731329     
   252.000000000000       -1.07879314726125     
   253.000000000000       -1.07791140155842     
   254.000000000000       -1.07703990741586     
   255.000000000000       -1.07617869752809     
   256.000000000000       -1.07532780013469     
   257.000000000000       -1.07448723915875     
   258.000000000000       -1.07365703426825     
   259.000000000000       -1.07283720101371     
   260.000000000000       -1.07202775088895     
   261.000000000000       -1.07122869146784     
   262.000000000000       -1.07044002646416     
   263.000000000000       -1.06966175586718     
   264.000000000000       -1.06889387600039     
   265.000000000000       -1.06813637965563     
   266.000000000000       -1.06738925615055     
   267.000000000000       -1.06665249146095     
   268.000000000000       -1.06592606827674     
   269.000000000000       -1.06520996613239     
   270.000000000000       -1.06450416146108     
   271.000000000000       -1.06380862772305     
   272.000000000000       -1.06312333545779     
   273.000000000000       -1.06244825241012     
   274.000000000000       -1.06178334358020     
   275.000000000000       -1.06112857134720     
   276.000000000000       -1.06048389551704     
   277.000000000000       -1.05984927344346     
   278.000000000000       -1.05922466007329     
   279.000000000000       -1.05861000806495     
   280.000000000000       -1.05800526783114     
   281.000000000000       -1.05741038765457     
   282.000000000000       -1.05682531372807     
   283.000000000000       -1.05624999026750     
   284.000000000000       -1.05568435954918     
   285.000000000000       -1.05512836201994     
   286.000000000000       -1.05458193633190     
   287.000000000000       -1.05404501944957     
   288.000000000000       -1.05351754668198     
   289.000000000000       -1.05299945178686     
   290.000000000000       -1.05249066700007     
   291.000000000000       -1.05199112313693     
   292.000000000000       -1.05150074961895     
   293.000000000000       -1.05101947457229     
   294.000000000000       -1.05054722485190     
   295.000000000000       -1.05008392613714     
   296.000000000000       -1.04962950295331     
   297.000000000000       -1.04918387876454     
   298.000000000000       -1.04874697599279     
   299.000000000000       -1.04831871610802     
   300.000000000000       -1.04789901964469     
   301.000000000000       -1.04748780628938     
   302.000000000000       -1.04708499489486     
   303.000000000000       -1.04669050356513     
   304.000000000000       -1.04630424966718     
   305.000000000000       -1.04592614991360     
   306.000000000000       -1.04555612037205     
   307.000000000000       -1.04519407654552     
   308.000000000000       -1.04483993337961     
   309.000000000000       -1.04449360534052     
   310.000000000000       -1.04415500642023     
   311.000000000000       -1.04382405021229     
   312.000000000000       -1.04350064991503     
   313.000000000000       -1.04318471840518     
   314.000000000000       -1.04287616823921     
   315.000000000000       -1.04257491172487     
   316.000000000000       -1.04228086092077     
   317.000000000000       -1.04199392770591     
   318.000000000000       -1.04171402377751     
   319.000000000000       -1.04144106071869     
   320.000000000000       -1.04117494999464     
   321.000000000000       -1.04091560301847     
   322.000000000000       -1.04066293114582     
   323.000000000000       -1.04041684573898     
   324.000000000000       -1.04017725815995     
   325.000000000000       -1.03994407983294     
   326.000000000000       -1.03971722223598     
   327.000000000000       -1.03949659696184     
   328.000000000000       -1.03928211570821     
   329.000000000000       -1.03907369033716     
   330.000000000000       -1.03887123286399     
   331.000000000000       -1.03867465551519     
   332.000000000000       -1.03848387071606     
   333.000000000000       -1.03829879114726     
   334.000000000000       -1.03811932973126     
   335.000000000000       -1.03794539968747     
   336.000000000000       -1.03777691451758     
   337.000000000000       -1.03761378805943     
   338.000000000000       -1.03745593447121     
   339.000000000000       -1.03730326828404     
   340.000000000000       -1.03715570438519     
   341.000000000000       -1.03701315806942     
   342.000000000000       -1.03687554502121     
   343.000000000000       -1.03674278136492     
   344.000000000000       -1.03661478364605     
   345.000000000000       -1.03649146888030     
   346.000000000000       -1.03637275453388     
   347.000000000000       -1.03625855857155     
   348.000000000000       -1.03614879943594     
   349.000000000000       -1.03604339609460     
   350.000000000000       -1.03594226801851     
   351.000000000000       -1.03584533522804     
   352.000000000000       -1.03575251827068     
   353.000000000000       -1.03566373826606     
   354.000000000000       -1.03557891688280     
   355.000000000000       -1.03549797638268     
   356.000000000000       -1.03542083959668     
   357.000000000000       -1.03534742996823     
   358.000000000000       -1.03527767152862     
   359.000000000000       -1.03521148893924     
   360.000000000000       -1.03514880746635     
   361.000000000000       -1.03508955302248     
   362.000000000000       -1.03503365214051     
   363.000000000000       -1.03498103201428     
   364.000000000000       -1.03493162047198     
   365.000000000000       -1.03488534601596     
   366.000000000000       -1.03484213779558     
   367.000000000000       -1.03480192564616     
   368.000000000000       -1.03476464006129     
   369.000000000000       -1.03473021223104     
   370.000000000000       -1.03469857401367     
   371.000000000000       -1.03466965797314     
   372.000000000000       -1.03464339735031     
   373.000000000000       -1.03461972609970     
   374.000000000000       -1.03459857886020     
   375.000000000000       -1.03457989099118     
   376.000000000000       -1.03456359854270     
   377.000000000000       -1.03454963829096     
   378.000000000000       -1.03453794770803     
   379.000000000000       -1.03452846499672     
   380.000000000000       -1.03452112905984     
   381.000000000000       -1.03451587953443     
   382.000000000000       -1.03451265676072     
   383.000000000000       -1.03451140181564     
   384.000000000000       -1.03451205648146     
   385.000000000000       -1.03451456327876     
   386.000000000000       -1.03451886543461     
   387.000000000000       -1.03452490691509     
   388.000000000000       -1.03453263239306     
   389.000000000000       -1.03454198728022     
   390.000000000000       -1.03455291769451     
   391.000000000000       -1.03456537049165     
   392.000000000000       -1.03457929323229     
   393.000000000000       -1.03459463421302     
   394.000000000000       -1.03461134243327     
   395.000000000000       -1.03462936762585     
   396.000000000000       -1.03464866022356     
   397.000000000000       -1.03466917138933     
   398.000000000000       -1.03469085298255     
   399.000000000000       -1.03471365758876     
   400.000000000000       -1.03473753848586     
   401.000000000000       -1.03476244967329     
   402.000000000000       -1.03478834583805     
   403.000000000000       -1.03481518238353     
   404.000000000000       -1.03484291539529     
   405.000000000000       -1.03487150166958     
   406.000000000000       -1.03490089867889     
   407.000000000000       -1.03493106460014     
   408.000000000000       -1.03496195828006     
   409.000000000000       -1.03499353926306     
   410.000000000000       -1.03502576775647     
   411.000000000000       -1.03505860465805     
   412.000000000000       -1.03509201152116     
   413.000000000000       -1.03512595058193     
   414.000000000000       -1.03516038472431     
   415.000000000000       -1.03519527750697     
   416.000000000000       -1.03523059312825     
   417.000000000000       -1.03526629645275     
   418.000000000000       -1.03530235297627     
   419.000000000000       -1.03533872885206     
   420.000000000000       -1.03537539085572     
   421.000000000000       -1.03541230641122     
   422.000000000000       -1.03544944355571     
   423.000000000000       -1.03548677096533     
   424.000000000000       -1.03552425791994     
   425.000000000000       -1.03556187432874     
   426.000000000000       -1.03559959069496     
   427.000000000000       -1.03563737814124     
   428.000000000000       -1.03567520837436     
   429.000000000000       -1.03571305371034     
   430.000000000000       -1.03575088703920     
   431.000000000000       -1.03578868184990     
   432.000000000000       -1.03582641219503     
   433.000000000000       -1.03586405271563     
   434.000000000000       -1.03590157860587     
   435.000000000000       -1.03593896563766     
   436.000000000000       -1.03597619012543     
   437.000000000000       -1.03601322895052     
   438.000000000000       -1.03605005952600     
   439.000000000000       -1.03608665982092     
   440.000000000000       -1.03612300832518     
   441.000000000000       -1.03615908407358     
   442.000000000000       -1.03619486661079     
   443.000000000000       -1.03623033601528     
   444.000000000000       -1.03626547286428     
   445.000000000000       -1.03630025825764     
   446.000000000000       -1.03633467378281     
   447.000000000000       -1.03636870153864     
   448.000000000000       -1.03640232410038     
   449.000000000000       -1.03643552454334     
   450.000000000000       -1.03646828640807     
   451.000000000000       -1.03650059372381     
   452.000000000000       -1.03653243097383     
   453.000000000000       -1.03656378311874     
   454.000000000000       -1.03659463556191     
   455.000000000000       -1.03662497417273     
   456.000000000000       -1.03665478525209     
   457.000000000000       -1.03668405555559     
   458.000000000000       -1.03671277225909     
   459.000000000000       -1.03674092298183     
   460.000000000000       -1.03676849575214     
   461.000000000000       -1.03679547903042     
   462.000000000000       -1.03682186167504     
   463.000000000000       -1.03684763296517     
   464.000000000000       -1.03687278256684     
   465.000000000000       -1.03689730055573     
   466.000000000000       -1.03692117738326     
   467.000000000000       -1.03694440389945     
   468.000000000000       -1.03696697131904     
   469.000000000000       -1.03698887124431     
   470.000000000000       -1.03701009563136     
   471.000000000000       -1.03703063681283     
   472.000000000000       -1.03705048746439     
   473.000000000000       -1.03706964062738     
   474.000000000000       -1.03708808967537     
   475.000000000000       -1.03710582833685     
   476.000000000000       -1.03712285066190     
   477.000000000000       -1.03713915104480     
   478.000000000000       -1.03715472419094     
   479.000000000000       -1.03716956513927     
   480.000000000000       -1.03718366922945     
   481.000000000000       -1.03719703212426     
   482.000000000000       -1.03720964977684     
   483.000000000000       -1.03722151845311     
   484.000000000000       -1.03723263469917     
   485.000000000000       -1.03724299536371     
   486.000000000000       -1.03725259756549     
   487.000000000000       -1.03726143871578     
   488.000000000000       -1.03726951648603     
   489.000000000000       -1.03727682883020     
   490.000000000000       -1.03728337395264     
   491.000000000000       -1.03728915033044     
   492.000000000000       -1.03729415668139     
   493.000000000000       -1.03729839198631     
   494.000000000000       -1.03730185545730     
   495.000000000000       -1.03730454655992     
   496.000000000000       -1.03730646498161     
   497.000000000000       -1.03730761065395     
   498.000000000000       -1.03730798372118     
   499.000000000000       -1.03730758456243     
   500.000000000000       -1.03730641376043     
   501.000000000000       -1.03730447212377     
   502.000000000000       -1.03730176065573     
   503.000000000000       -1.03729828057652     
   504.000000000000       -1.03729403329228     
   505.000000000000       -1.03728902041737     
   506.000000000000       -1.03728324374350     
   507.000000000000       -1.03727670526196     
   508.000000000000       -1.03726940713301     
   509.000000000000       -1.03726135170806     
   510.000000000000       -1.03725254149923     
   511.000000000000       -1.03724297920152     
   512.000000000000       -1.03723266766256     
   513.000000000000       -1.03722160990475     
   514.000000000000       -1.03720980909521     
   515.000000000000       -1.03719726856790     
   516.000000000000       -1.03718399179372     
   517.000000000000       -1.03716998240268     
   518.000000000000       -1.03715524415413     
   519.000000000000       -1.03713978095891     
   520.000000000000       -1.03712359684980     
   521.000000000000       -1.03710669600365     
   522.000000000000       -1.03708908271199     
   523.000000000000       -1.03707076140314     
   524.000000000000       -1.03705173661305     
   525.000000000000       -1.03703201300735     
   526.000000000000       -1.03701159535240     
   527.000000000000       -1.03699048853729     
   528.000000000000       -1.03696869754510     
   529.000000000000       -1.03694622747493     
   530.000000000000       -1.03692308351323     
   531.000000000000       -1.03689927095591     
   532.000000000000       -1.03687479517981     
   533.000000000000       -1.03684966166482     
   534.000000000000       -1.03682387596552     
   535.000000000000       -1.03679744373326     
   536.000000000000       -1.03677037068801     
   537.000000000000       -1.03674266264043     
   538.000000000000       -1.03671432546387     
   539.000000000000       -1.03668536511647     
   540.000000000000       -1.03665578761330     
   541.000000000000       -1.03662559904843     
   542.000000000000       -1.03659480556728     
   543.000000000000       -1.03656341338868     
   544.000000000000       -1.03653142877741     
   545.000000000000       -1.03649885806617     
   546.000000000000       -1.03646570762836     
   547.000000000000       -1.03643198390004     
   548.000000000000       -1.03639769335280     
   549.000000000000       -1.03636284251584     
   550.000000000000       -1.03632743794890     
   551.000000000000       -1.03629148626435     
   552.000000000000       -1.03625499410034     
   553.000000000000       -1.03621796814278     
   554.000000000000       -1.03618041509877     
   555.000000000000       -1.03614234171848     
   556.000000000000       -1.03610375476877     
   557.000000000000       -1.03606466105509     
   558.000000000000       -1.03602506739520     
   559.000000000000       -1.03598498064112     
   560.000000000000       -1.03594440765294     
   561.000000000000       -1.03590335532084     
   562.000000000000       -1.03586183053900     
   563.000000000000       -1.03581984022761     
   564.000000000000       -1.03577739130696     
   565.000000000000       -1.03573449071943     
   566.000000000000       -1.03569114540374     
   567.000000000000       -1.03564736231686     
   568.000000000000       -1.03560314840853     
   569.000000000000       -1.03555851064309     
   570.000000000000       -1.03551345597411     
   571.000000000000       -1.03546799136630     
   572.000000000000       -1.03542212377022     
   573.000000000000       -1.03537586014418     
   574.000000000000       -1.03532920742915     
   575.000000000000       -1.03528217257057     
   576.000000000000       -1.03523476249346     
   577.000000000000       -1.03518698412420     
   578.000000000000       -1.03513884436576     
   579.000000000000       -1.03509035011951     
   580.000000000000       -1.03504150826057     
   581.000000000000       -1.03499232565956     
   582.000000000000       -1.03494280915817     
   583.000000000000       -1.03489296559083     
   584.000000000000       -1.03484280176042     
   585.000000000000       -1.03479232445999     
   586.000000000000       -1.03474154044853     
   587.000000000000       -1.03469045647270     
   588.000000000000       -1.03463907924274     
   589.000000000000       -1.03458741545416     
   590.000000000000       -1.03453547176381     
   591.000000000000       -1.03448325481153     
   592.000000000000       -1.03443077119638     
   593.000000000000       -1.03437802749822     
   594.000000000000       -1.03432503025413     
   595.000000000000       -1.03427178597989     
   596.000000000000       -1.03421830114660     
   597.000000000000       -1.03416458220213     
   598.000000000000       -1.03411063554783     
   599.000000000000       -1.03405646755996     
   600.000000000000       -1.03400208456656     
   601.000000000000       -1.03394749286882     
   602.000000000000       -1.03389269871812     
   603.000000000000       -1.03383770833732     
   604.000000000000       -1.03378252789791     
   605.000000000000       -1.03372716354139     
   606.000000000000       -1.03367162135640     
   607.000000000000       -1.03361590740015     
   608.000000000000       -1.03356002767568     
   609.000000000000       -1.03350398815319     
   610.000000000000       -1.03344779474747     
   611.000000000000       -1.03339145333923     
   612.000000000000       -1.03333496975257     
   613.000000000000       -1.03327834977633     
   614.000000000000       -1.03322159914169     
   615.000000000000       -1.03316472354342     
   616.000000000000       -1.03310772861769     
   617.000000000000       -1.03305061996319     
   618.000000000000       -1.03299340311913     
   619.000000000000       -1.03293608358627     
   620.000000000000       -1.03287866680507     
   621.000000000000       -1.03282115817668     
   622.000000000000       -1.03276356304118     
   623.000000000000       -1.03270588669856     
   624.000000000000       -1.03264813438705     
   625.000000000000       -1.03259031130407     
   626.000000000000       -1.03253242258467     
   627.000000000000       -1.03247447332245     
   628.000000000000       -1.03241646854808     
   629.000000000000       -1.03235841325020     
   630.000000000000       -1.03230031235409     
   631.000000000000       -1.03224217074242     
   632.000000000000       -1.03218399323413     
   633.000000000000       -1.03212578460511     
   634.000000000000       -1.03206754956713     
   635.000000000000       -1.03200929278857     
   636.000000000000       -1.03195101887339     
   637.000000000000       -1.03189273238181     
   638.000000000000       -1.03183443780943     
   639.000000000000       -1.03177613960784     
   640.000000000000       -1.03171784216383     
   641.000000000000       -1.03165954981997     
   642.000000000000       -1.03160126685392     
   643.000000000000       -1.03154299749895     
   644.000000000000       -1.03148474592339     
   645.000000000000       -1.03142651625103     
   646.000000000000       -1.03136831254074     
   647.000000000000       -1.03131013880680     
   648.000000000000       -1.03125199899857     
   649.000000000000       -1.03119389702083     
   650.000000000000       -1.03113583671358     
   651.000000000000       -1.03107782187222     
   652.000000000000       -1.03101985622749     
   653.000000000000       -1.03096194346564     
   654.000000000000       -1.03090408720846     
   655.000000000000       -1.03084629103335     
   656.000000000000       -1.03078855845346     
   657.000000000000       -1.03073089293773     
   658.000000000000       -1.03067329789112     
   659.000000000000       -1.03061577667455     
   660.000000000000       -1.03055833258531     
   661.000000000000       -1.03050096887685     
   662.000000000000       -1.03044368873934     
   663.000000000000       -1.03038649531942     
   664.000000000000       -1.03032939170077     
   665.000000000000       -1.03027238092387     
   666.000000000000       -1.03021546596668     
   667.000000000000       -1.03015864976428     
   668.000000000000       -1.03010193518963     
   669.000000000000       -1.03004532507326     
   670.000000000000       -1.02998882218401     
   671.000000000000       -1.02993242924869     
   672.000000000000       -1.02987614893295     
   673.000000000000       -1.02981998386082     
   674.000000000000       -1.02976393659569     
   675.000000000000       -1.02970800965980     
   676.000000000000       -1.02965220551535     
   677.000000000000       -1.02959652658380     
   678.000000000000       -1.02954097522718     
   679.000000000000       -1.02948555376733     
   680.000000000000       -1.02943026446720     
   681.000000000000       -1.02937510955011     
   682.000000000000       -1.02932009118112     
   683.000000000000       -1.02926521148623     
   684.000000000000       -1.02921047253378     
   685.000000000000       -1.02915587635366     
   686.000000000000       -1.02910142491877     
   687.000000000000       -1.02904712016412     
   688.000000000000       -1.02899296396847     
   689.000000000000       -1.02893895817323     
   690.000000000000       -1.02888510456431     
   691.000000000000       -1.02883140489090     
   692.000000000000       -1.02877786084736     
   693.000000000000       -1.02872447409206     
   694.000000000000       -1.02867124622919     
   695.000000000000       -1.02861817882762     
   696.000000000000       -1.02856527340282     
   697.000000000000       -1.02851253143559     
   698.000000000000       -1.02845995435411     
   699.000000000000       -1.02840754355254     
   700.000000000000       -1.02835530037321     
   701.000000000000       -1.02830322612512     
   702.000000000000       -1.02825132206622     
   703.000000000000       -1.02819958942183     
   704.000000000000       -1.02814802936702     
   705.000000000000       -1.02809664304495     
   706.000000000000       -1.02804543154932     
   707.000000000000       -1.02799439594262     
   708.000000000000       -1.02794353723870     
   709.000000000000       -1.02789285642097     
   710.000000000000       -1.02784235442495     
   711.000000000000       -1.02779203215650     
   712.000000000000       -1.02774189047439     
   713.000000000000       -1.02769193020847     
   714.000000000000       -1.02764215214233     
   715.000000000000       -1.02759255703138     
   716.000000000000       -1.02754314558562     
   717.000000000000       -1.02749391848759     
   718.000000000000       -1.02744487637527     
   719.000000000000       -1.02739601985991     
   720.000000000000       -1.02734734950907     
   721.000000000000       -1.02729886586433     
   722.000000000000       -1.02725056942436     
   723.000000000000       -1.02720246066268     
   724.000000000000       -1.02715454001073     
   725.000000000000       -1.02710680787550     
   726.000000000000       -1.02705926462277     
   727.000000000000       -1.02701191059465     
   728.000000000000       -1.02696474609287     
   729.000000000000       -1.02691777139622     
   730.000000000000       -1.02687098674397     
   731.000000000000       -1.02682439235320     
   732.000000000000       -1.02677798840231     
   733.000000000000       -1.02673177504826     
   734.000000000000       -1.02668575241017     
   735.000000000000       -1.02663992058648     
   736.000000000000       -1.02659427963859     
   737.000000000000       -1.02654882960800     
   738.000000000000       -1.02650357049999     
   739.000000000000       -1.02645850230070     
   740.000000000000       -1.02641362496086     
   741.000000000000       -1.02636893841277     
   742.000000000000       -1.02632444255419     
   743.000000000000       -1.02628013726520     
   744.000000000000       -1.02623602239212     
   745.000000000000       -1.02619209776431     
   746.000000000000       -1.02614836317823     
   747.000000000000       -1.02610481841407     
   748.000000000000       -1.02606146321993     
   749.000000000000       -1.02601829732838     
   750.000000000000       -1.02597532044072     
   751.000000000000       -1.02593253224341     
   752.000000000000       -1.02588993239238     
   753.000000000000       -1.02584752052951     
   754.000000000000       -1.02580529626693     
   755.000000000000       -1.02576325920338     
   756.000000000000       -1.02572140890866     
   757.000000000000       -1.02567974493988     
   758.000000000000       -1.02563826682595     
   759.000000000000       -1.02559697408383     
   760.000000000000       -1.02555586620302     
   761.000000000000       -1.02551494266172     
   762.000000000000       -1.02547420291147     
   763.000000000000       -1.02543364639318     
   764.000000000000       -1.02539327252183     
   765.000000000000       -1.02535308070243     
   766.000000000000       -1.02531307031482     
   767.000000000000       -1.02527324072954     
   768.000000000000       -1.02523359129265     
   769.000000000000       -1.02519412134158     
   770.000000000000       -1.02515483019000     
   771.000000000000       -1.02511571714359     
   772.000000000000       -1.02507678148499     
   773.000000000000       -1.02503802248947     
   774.000000000000       -1.02499943940997     
   775.000000000000       -1.02496103149266     
   776.000000000000       -1.02492279796209     
   777.000000000000       -1.02488473803666     
   778.000000000000       -1.02484685091381     
   779.000000000000       -1.02480913578545     
   780.000000000000       -1.02477159182320     
   781.000000000000       -1.02473421819374     
   782.000000000000       -1.02469701404411     
   783.000000000000       -1.02465997851701     
   784.000000000000       -1.02462311073615     
   785.000000000000       -1.02458640982144     
   786.000000000000       -1.02454987487447     
   787.000000000000       -1.02451350499362     
   788.000000000000       -1.02447729925956     
   789.000000000000       -1.02444125675025     
   790.000000000000       -1.02440537652660     
   791.000000000000       -1.02436965764736     
   792.000000000000       -1.02433409915482     
   793.000000000000       -1.02429870008967     
   794.000000000000       -1.02426345947674     
   795.000000000000       -1.02422837633972     
   796.000000000000       -1.02419344968707     
   797.000000000000       -1.02415867852662     
   798.000000000000       -1.02412406185153     
   799.000000000000       -1.02408959865484     
   800.000000000000       -1.02405528791549     
   801.000000000000       -1.02402112861279     
   802.000000000000       -1.02398711971249     
   803.000000000000       -1.02395326018117     
   804.000000000000       -1.02391954897240     
   805.000000000000       -1.02388598504111     
   806.000000000000       -1.02385256732968     
   807.000000000000       -1.02381929478231     
   808.000000000000       -1.02378616633121     
   809.000000000000       -1.02375318091080     
   810.000000000000       -1.02372033744406     
   811.000000000000       -1.02368763485662     
   812.000000000000       -1.02365507206315     
   813.000000000000       -1.02362264798137     
   814.000000000000       -1.02359036151855     
   815.000000000000       -1.02355821158543     
   816.000000000000       -1.02352619708276     
   817.000000000000       -1.02349431691519     
   818.000000000000       -1.02346256997783     
   819.000000000000       -1.02343095517005     
   820.000000000000       -1.02339947138216     
   821.000000000000       -1.02336811750910     
   822.000000000000       -1.02333689243723     
   823.000000000000       -1.02330579505786     
   824.000000000000       -1.02327482425416     
   825.000000000000       -1.02324397891461     
   826.000000000000       -1.02321325792000     
   827.000000000000       -1.02318266015675     
   828.000000000000       -1.02315218450401     
   829.000000000000       -1.02312182984690     
   830.000000000000       -1.02309159506363     
   831.000000000000       -1.02306147903877     
   832.000000000000       -1.02303148065034     
   833.000000000000       -1.02300159878302     
   834.000000000000       -1.02297183231535     
   835.000000000000       -1.02294218013279     
   836.000000000000       -1.02291264111508     
   837.000000000000       -1.02288321414917     
   838.000000000000       -1.02285389811661     
   839.000000000000       -1.02282469190646     
   840.000000000000       -1.02279559440274     
   841.000000000000       -1.02276660449727     
   842.000000000000       -1.02273772107713     
   843.000000000000       -1.02270894303747     
   844.000000000000       -1.02268026926905     
   845.000000000000       -1.02265169867096     
   846.000000000000       -1.02262323013820     
   847.000000000000       -1.02259486257432     
   848.000000000000       -1.02256659487914     
   849.000000000000       -1.02253842596125     
   850.000000000000       -1.02251035472578     
   851.000000000000       -1.02248238008690     
   852.000000000000       -1.02245450095560     
   853.000000000000       -1.02242671625208     
   854.000000000000       -1.02239902489368     
   855.000000000000       -1.02237142580715     
   856.000000000000       -1.02234391791667     
   857.000000000000       -1.02231650015599     
   858.000000000000       -1.02228917145657     
   859.000000000000       -1.02226193075966     
   860.000000000000       -1.02223477700442     
   861.000000000000       -1.02220770913999     
   862.000000000000       -1.02218072611369     
   863.000000000000       -1.02215382688299     
   864.000000000000       -1.02212701040375     
   865.000000000000       -1.02210027564215     
   866.000000000000       -1.02207362156302     
   867.000000000000       -1.02204704714161     
   868.000000000000       -1.02202055135205     
   869.000000000000       -1.02199413317906     
   870.000000000000       -1.02196779160647     
   871.000000000000       -1.02194152562877     
   872.000000000000       -1.02191533423980     
   873.000000000000       -1.02188921644420     
   874.000000000000       -1.02186317124613     
   875.000000000000       -1.02183719766070     
   876.000000000000       -1.02181129470268     
   877.000000000000       -1.02178546139792     
   878.000000000000       -1.02175969677214     
   879.000000000000       -1.02173399986223     
   880.000000000000       -1.02170836970510     
   881.000000000000       -1.02168280534894     
   882.000000000000       -1.02165730584213     
   883.000000000000       -1.02163187024440     
   884.000000000000       -1.02160649761585     
   885.000000000000       -1.02158118702800     
   886.000000000000       -1.02155593755288     
   887.000000000000       -1.02153074827404     
   888.000000000000       -1.02150561827566     
   889.000000000000       -1.02148054665352     
   890.000000000000       -1.02145553250416     
   891.000000000000       -1.02143057493577     
   892.000000000000       -1.02140567305746     
   893.000000000000       -1.02138082599002     
   894.000000000000       -1.02135603285526     
   895.000000000000       -1.02133129278676     
   896.000000000000       -1.02130660491926     
   897.000000000000       -1.02128196839923     
   898.000000000000       -1.02125738237444     
   899.000000000000       -1.02123284600445     
   900.000000000000       -1.02120835845020     
   901.000000000000       -1.02118391888448     
   902.000000000000       -1.02115952648153     
   903.000000000000       -1.02113518042744     
   904.000000000000       -1.02111087990987     
   905.000000000000       -1.02108662412839     
   906.000000000000       -1.02106241228415     
   907.000000000000       -1.02103824359024     
   908.000000000000       -1.02101411726143     
   909.000000000000       -1.02099003252442     
   910.000000000000       -1.02096598860769     
   911.000000000000       -1.02094198475163     
   912.000000000000       -1.02091802019846     
   913.000000000000       -1.02089409420233     
   914.000000000000       -1.02087020601931     
   915.000000000000       -1.02084635491732     
   916.000000000000       -1.02082254016631     
   917.000000000000       -1.02079876104807     
   918.000000000000       -1.02077501684645     
   919.000000000000       -1.02075130685710     
   920.000000000000       -1.02072763037781     
   921.000000000000       -1.02070398671818     
   922.000000000000       -1.02068037518993     
   923.000000000000       -1.02065679511657     
   924.000000000000       -1.02063324582381     
   925.000000000000       -1.02060972664909     
   926.000000000000       -1.02058623693206     
   927.000000000000       -1.02056277602412     
   928.000000000000       -1.02053934327888     
   929.000000000000       -1.02051593806165     
   930.000000000000       -1.02049255973999     
   931.000000000000       -1.02046920769309     
   932.000000000000       -1.02044588130244     
   933.000000000000       -1.02042257996112     
   934.000000000000       -1.02039930306450     
   935.000000000000       -1.02037605001949     
   936.000000000000       -1.02035282023532     
   937.000000000000       -1.02032961313270     
   938.000000000000       -1.02030642813467     
   939.000000000000       -1.02028326467565     
   940.000000000000       -1.02026012219246     
   941.000000000000       -1.02023700013323     
   942.000000000000       -1.02021389794845     
   943.000000000000       -1.02019081509989     
   944.000000000000       -1.02016775105165     
   945.000000000000       -1.02014470527906     
   946.000000000000       -1.02012167725978     
   947.000000000000       -1.02009866648263     
   948.000000000000       -1.02007567243875     
   949.000000000000       -1.02005269463034     
   950.000000000000       -1.02002973256194     
   951.000000000000       -1.02000678574907     
   952.000000000000       -1.01998385370956     
   953.000000000000       -1.01996093597216     
   954.000000000000       -1.01993803206793     
   955.000000000000       -1.01991514153870     
   956.000000000000       -1.01989226392863     
   957.000000000000       -1.01986939879261     
   958.000000000000       -1.01984654568779     
   959.000000000000       -1.01982370418195     
   960.000000000000       -1.01980087384514     
   961.000000000000       -1.01977805425795     
   962.000000000000       -1.01975524500319     
   963.000000000000       -1.01973244567412     
   964.000000000000       -1.01970965586624     
   965.000000000000       -1.01968687518535     
   966.000000000000       -1.01966410323947     
   967.000000000000       -1.01964133964687     
   968.000000000000       -1.01961858402793     
   969.000000000000       -1.01959583601323     
   970.000000000000       -1.01957309523547     
   971.000000000000       -1.01955036133739     
   972.000000000000       -1.01952763396378     
   973.000000000000       -1.01950491276943     
   974.000000000000       -1.01948219741118     
   975.000000000000       -1.01945948755567     
   976.000000000000       -1.01943678287163     
   977.000000000000       -1.01941408303742     
   978.000000000000       -1.01939138773349     
   979.000000000000       -1.01936869664985     
   980.000000000000       -1.01934600947849     
   981.000000000000       -1.01932332592086     
   982.000000000000       -1.01930064568039     
   983.000000000000       -1.01927796846985     
   984.000000000000       -1.01925529400391     
   985.000000000000       -1.01923262200652     
   986.000000000000       -1.01920995220344     
   987.000000000000       -1.01918728432963     
   988.000000000000       -1.01916461812180     
   989.000000000000       -1.01914195332574     
   990.000000000000       -1.01911928968899     
   991.000000000000       -1.01909662696803     
   992.000000000000       -1.01907396492101     
   993.000000000000       -1.01905130331491     
   994.000000000000       -1.01902864191839     
   995.000000000000       -1.01900598050878     
   996.000000000000       -1.01898331886504     
   997.000000000000       -1.01896065677473     
   998.000000000000       -1.01893799402691     
   999.000000000000       -1.01891533041918     
   1000.00000000000       -1.01889266575058     
   1001.00000000000       -1.01886999982858     
   1002.00000000000       -1.01884733246207     
   1003.00000000000       -1.01882466346816     
   1004.00000000000       -1.01880199266538     
   1005.00000000000       -1.01877931988038     
   1006.00000000000       -1.01875664494116     
   1007.00000000000       -1.01873396768374     
   1008.00000000000       -1.01871128794543     
   1009.00000000000       -1.01868860557141     
   1010.00000000000       -1.01866592040812     
   1011.00000000000       -1.01864323230980     
   1012.00000000000       -1.01862054113183     
   1013.00000000000       -1.01859784673727     
   1014.00000000000       -1.01857514899032     
   1015.00000000000       -1.01855244776268     
   1016.00000000000       -1.01852974292718     
   1017.00000000000       -1.01850703436404     
   1018.00000000000       -1.01848432195451     
   1019.00000000000       -1.01846160558718     
   1020.00000000000       -1.01843888515155     
   1021.00000000000       -1.01841616054435     
   1022.00000000000       -1.01839343166321     
   1023.00000000000       -1.01837069841282     
   1024.00000000000       -1.01834796069876     
   1025.00000000000       -1.01832521843354     
   1026.00000000000       -1.01830247153049     
   1027.00000000000       -1.01827971990976     
   1028.00000000000       -1.01825696349228     
   1029.00000000000       -1.01823420220567     
   1030.00000000000       -1.01821143597827     
   1031.00000000000       -1.01818866474500     
   1032.00000000000       -1.01816588844145     
   1033.00000000000       -1.01814310700969     
   1034.00000000000       -1.01812032039238     
   1035.00000000000       -1.01809752853856     
   1036.00000000000       -1.01807473139777     
   1037.00000000000       -1.01805192892586     
   1038.00000000000       -1.01802912107915     
   1039.00000000000       -1.01800630782005     
   1040.00000000000       -1.01798348911149     
   1041.00000000000       -1.01796066492237     
   1042.00000000000       -1.01793783522199     
   1043.00000000000       -1.01791499998557     
   1044.00000000000       -1.01789215918864     
   1045.00000000000       -1.01786931281253     
   1046.00000000000       -1.01784646083888     
   1047.00000000000       -1.01782360325498     
   1048.00000000000       -1.01780074004841     
   1049.00000000000       -1.01777787121224     
   1050.00000000000       -1.01775499673981     
   1051.00000000000       -1.01773211662984     
   1052.00000000000       -1.01770923088124     
   1053.00000000000       -1.01768633949823     
   1054.00000000000       -1.01766344248519     
   1055.00000000000       -1.01764053985164     
   1056.00000000000       -1.01761763160722     
   1057.00000000000       -1.01759471776664     
   1058.00000000000       -1.01757179834463     
   1059.00000000000       -1.01754887336094     
   1060.00000000000       -1.01752594283532     
   1061.00000000000       -1.01750300679231     
   1062.00000000000       -1.01748006525647     
   1063.00000000000       -1.01745711825708     
   1064.00000000000       -1.01743416582336     
   1065.00000000000       -1.01741120798915     
   1066.00000000000       -1.01738824478814     
   1067.00000000000       -1.01736527625862     
   1068.00000000000       -1.01734230243867     
   1069.00000000000       -1.01731932337077     
   1070.00000000000       -1.01729633909723     
   1071.00000000000       -1.01727334966468     
   1072.00000000000       -1.01725035511948     
   1073.00000000000       -1.01722735551224     
   1074.00000000000       -1.01720435089324     
   1075.00000000000       -1.01718134131691     
   1076.00000000000       -1.01715832683733     
   1077.00000000000       -1.01713530751263     
   1078.00000000000       -1.01711228340050     
   1079.00000000000       -1.01708925456262     
   1080.00000000000       -1.01706622106023     
   1081.00000000000       -1.01704318295840     
   1082.00000000000       -1.01702014032174     
   1083.00000000000       -1.01699709321860     
   1084.00000000000       -1.01697404171682     
   1085.00000000000       -1.01695098588789     
   1086.00000000000       -1.01692792580278     
   1087.00000000000       -1.01690486153595     
   1088.00000000000       -1.01688179316140     
   1089.00000000000       -1.01685872075647     
   1090.00000000000       -1.01683564439795     
   1091.00000000000       -1.01681256416598     
   1092.00000000000       -1.01678948014006     
   1093.00000000000       -1.01676639240298     
   1094.00000000000       -1.01674330103681     
   1095.00000000000       -1.01672020612684     
   1096.00000000000       -1.01669710775767     
   1097.00000000000       -1.01667400601694     
   1098.00000000000       -1.01665090099160     
   1099.00000000000       -1.01662779277156     
   1100.00000000000       -1.01660468144600     
   1101.00000000000       -1.01658156710699     
   1102.00000000000       -1.01655844984584     
   1103.00000000000       -1.01653532975664     
   1104.00000000000       -1.01651220693273     
   1105.00000000000       -1.01648908147011     
   1106.00000000000       -1.01646595346399     
   1107.00000000000       -1.01644282301220     
   1108.00000000000       -1.01641969021176     
   1109.00000000000       -1.01639655516215     
   1110.00000000000       -1.01637341796208     
   1111.00000000000       -1.01635027871265     
   1112.00000000000       -1.01632713751412     
   1113.00000000000       -1.01630399446910     
   1114.00000000000       -1.01628084967931     
   1115.00000000000       -1.01625770324876     
   1116.00000000000       -1.01623455528050     
   1117.00000000000       -1.01621140587983     
   1118.00000000000       -1.01618825515111     
   1119.00000000000       -1.01616510320078     
   1120.00000000000       -1.01614195013436     
   1121.00000000000       -1.01611879605944     
   1122.00000000000       -1.01609564108261     
   1123.00000000000       -1.01607248531239     
   1124.00000000000       -1.01604932885639     
   1125.00000000000       -1.01602617182403     
   1126.00000000000       -1.01600301432380     
   1127.00000000000       -1.01597985646596     
   1128.00000000000       -1.01595669835979     
   1129.00000000000       -1.01593354011628     
   1130.00000000000       -1.01591038184537     
   1131.00000000000       -1.01588722365873     
   1132.00000000000       -1.01586406566694     
   1133.00000000000       -1.01584090798221     
   1134.00000000000       -1.01581775071567     
   1135.00000000000       -1.01579459397999     
   1136.00000000000       -1.01577143788674     
   1137.00000000000       -1.01574828254902     
   1138.00000000000       -1.01572512807879     
   1139.00000000000       -1.01570197458943     
   1140.00000000000       -1.01567882219322     
   1141.00000000000       -1.01565567100378     
   1142.00000000000       -1.01563252113361     
   1143.00000000000       -1.01560937269649     
   1144.00000000000       -1.01558622580508     
   1145.00000000000       -1.01556308057327     
   1146.00000000000       -1.01553993711379     
   1147.00000000000       -1.01551679554054     
   1148.00000000000       -1.01549365596629     
   1149.00000000000       -1.01547051850486     
   1150.00000000000       -1.01544738326898     
   1151.00000000000       -1.01542425037238     
   1152.00000000000       -1.01540111992764     
   1153.00000000000       -1.01537799204833     
   1154.00000000000       -1.01535486684685     
   1155.00000000000       -1.01533174443651     
   1156.00000000000       -1.01530862492946     
   1157.00000000000       -1.01528550843871     
   1158.00000000000       -1.01526239507612     
   1159.00000000000       -1.01523928495433     
   1160.00000000000       -1.01521617818484     
   1161.00000000000       -1.01519307487989     
   1162.00000000000       -1.01516997515054     
   1163.00000000000       -1.01514687910853     
   1164.00000000000       -1.01512378686445     
   1165.00000000000       -1.01510069852957     
   1166.00000000000       -1.01507761421392     
   1167.00000000000       -1.01505453402816     
   1168.00000000000       -1.01503145808179     
   1169.00000000000       -1.01500838648477     
   1170.00000000000       -1.01498531934602     
   1171.00000000000       -1.01496225677484     
   1172.00000000000       -1.01493919887943     
   1173.00000000000       -1.01491614576838     
   1174.00000000000       -1.01489309754917     
   1175.00000000000       -1.01487005432963     
   1176.00000000000       -1.01484701621646     
   1177.00000000000       -1.01482398331664     
   1178.00000000000       -1.01480095573612     
   1179.00000000000       -1.01477793358101     
   1180.00000000000       -1.01475491695636     
   1181.00000000000       -1.01473190596742     
   1182.00000000000       -1.01470890071836     
   1183.00000000000       -1.01468590131350     
   1184.00000000000       -1.01466290785605     
   1185.00000000000       -1.01463992044934     
   1186.00000000000       -1.01461693919565     
   1187.00000000000       -1.01459396419730     
   1188.00000000000       -1.01457099555556     
   1189.00000000000       -1.01454803337171     
   1190.00000000000       -1.01452507774598     
   1191.00000000000       -1.01450212877860     
   1192.00000000000       -1.01447918656872     
   1193.00000000000       -1.01445625121544     
   1194.00000000000       -1.01443332281682     
   1195.00000000000       -1.01441040147083     
   1196.00000000000       -1.01438748727440     
   1197.00000000000       -1.01436458032433     
   1198.00000000000       -1.01434168071643     
   1199.00000000000       -1.01431878854630     
   1200.00000000000       -1.01429590390852     
   1201.00000000000       -1.01427302689752     
   1202.00000000000       -1.01425015760667     
   1203.00000000000       -1.01422729612912     
   1204.00000000000       -1.01420444255707     
   1205.00000000000       -1.01418159698235     
   1206.00000000000       -1.01415875949594     
   1207.00000000000       -1.01413593018838     
   1208.00000000000       -1.01411310914938     
   1209.00000000000       -1.01409029646818     
   1210.00000000000       -1.01406749223317     
   1211.00000000000       -1.01404469653227     
   1212.00000000000       -1.01402190945256     
   1213.00000000000       -1.01399913108064     
   1214.00000000000       -1.01397636150227     
   1215.00000000000       -1.01395360080265     
   1216.00000000000       -1.01393084906620     
   1217.00000000000       -1.01390810637678     
   1218.00000000000       -1.01388537281740     
   1219.00000000000       -1.01386264847054     
   1220.00000000000       -1.01383993341787     
   1221.00000000000       -1.01381722774047     
   1222.00000000000       -1.01379453151859     
   1223.00000000000       -1.01377184483191     
   1224.00000000000       -1.01374916775928     
   1225.00000000000       -1.01372650037894     
   1226.00000000000       -1.01370384276834     
   1227.00000000000       -1.01368119500429     
   1228.00000000000       -1.01365855716284     
   1229.00000000000       -1.01363592931932     
   1230.00000000000       -1.01361331154835     
   1231.00000000000       -1.01359070392384     
   1232.00000000000       -1.01356810651897     
   1233.00000000000       -1.01354551940615     
   1234.00000000000       -1.01352294265714     
   1235.00000000000       -1.01350037634292     
   1236.00000000000       -1.01347782053376     
   1237.00000000000       -1.01345527529917     
   1238.00000000000       -1.01343274070801     
   1239.00000000000       -1.01341021682828     
   1240.00000000000       -1.01338770372738     
   1241.00000000000       -1.01336520147185     
   1242.00000000000       -1.01334271012763     
   1243.00000000000       -1.01332022975974     
   1244.00000000000       -1.01329776043271     
   1245.00000000000       -1.01327530221007     
   1246.00000000000       -1.01325285515485     
   1247.00000000000       -1.01323041932913     
   1248.00000000000       -1.01320799479447     
   1249.00000000000       -1.01318558161148     
   1250.00000000000       -1.01316317984024     
   1251.00000000000       -1.01314078953987     
   1252.00000000000       -1.01311841076903     
   1253.00000000000       -1.01309604358532     
   1254.00000000000       -1.01307368804595     
   1255.00000000000       -1.01305134420704     
   1256.00000000000       -1.01302901212435     
   1257.00000000000       -1.01300669185254     
   1258.00000000000       -1.01298438344590     
   1259.00000000000       -1.01296208695761     
   1260.00000000000       -1.01293980244052     
   1261.00000000000       -1.01291752994633     
   1262.00000000000       -1.01289526952647     
   1263.00000000000       -1.01287302123115     
   1264.00000000000       -1.01285078511039     
   1265.00000000000       -1.01282856121295     
   1266.00000000000       -1.01280634958737     
   1267.00000000000       -1.01278415028100     
   1268.00000000000       -1.01276196334094     
   1269.00000000000       -1.01273978881308     
   1270.00000000000       -1.01271762674314     
   1271.00000000000       -1.01269547717558     
   1272.00000000000       -1.01267334015465     
   1273.00000000000       -1.01265121572339     
   1274.00000000000       -1.01262910392470     
   1275.00000000000       -1.01260700480018     
   1276.00000000000       -1.01258491839132     
   1277.00000000000       -1.01256284473830     
   1278.00000000000       -1.01254078388123     
   1279.00000000000       -1.01251873585892     
   1280.00000000000       -1.01249670071010     
   1281.00000000000       -1.01247467847215     
   1282.00000000000       -1.01245266918246     
   1283.00000000000       -1.01243067287704     
   1284.00000000000       -1.01240868959191     
   1285.00000000000       -1.01238671936173     
   1286.00000000000       -1.01236476222116     
   1287.00000000000       -1.01234281820348     
   1288.00000000000       -1.01232088734205     
   1289.00000000000       -1.01229896966880     
   1290.00000000000       -1.01227706521577     
   1291.00000000000       -1.01225517401354     
   1292.00000000000       -1.01223329609285     
   1293.00000000000       -1.01221143148297     
   1294.00000000000       -1.01218958021332     
   1295.00000000000       -1.01216774231189     
   1296.00000000000       -1.01214591780679     
   1297.00000000000       -1.01212410672476     
   1298.00000000000       -1.01210230909263     
   1299.00000000000       -1.01208052493580     
   1300.00000000000       -1.01205875427990     
   1301.00000000000       -1.01203699714902     
   1302.00000000000       -1.01201525356761     
   1303.00000000000       -1.01199352355847     
   1304.00000000000       -1.01197180714481     
   1305.00000000000       -1.01195010434822     
   1306.00000000000       -1.01192841519067     
   1307.00000000000       -1.01190673969256     
   1308.00000000000       -1.01188507787461     
   1309.00000000000       -1.01186342975606     
   1310.00000000000       -1.01184179535644     
   1311.00000000000       -1.01182017469375     
   1312.00000000000       -1.01179856778640     
   1313.00000000000       -1.01177697465121     
   1314.00000000000       -1.01175539530543     
   1315.00000000000       -1.01173382976470     
   1316.00000000000       -1.01171227804516     
   1317.00000000000       -1.01169074016129     
   1318.00000000000       -1.01166921612809     
   1319.00000000000       -1.01164770595893     
   1320.00000000000       -1.01162620966770     
   1321.00000000000       -1.01160472726665     
   1322.00000000000       -1.01158325876860     
   1323.00000000000       -1.01156180418468     
   1324.00000000000       -1.01154036352663     
   1325.00000000000       -1.01151893680452     
   1326.00000000000       -1.01149752402905     
   1327.00000000000       -1.01147612520920     
   1328.00000000000       -1.01145474035461     
   1329.00000000000       -1.01143336947325     
   1330.00000000000       -1.01141201257370     
   1331.00000000000       -1.01139066966291     
   1332.00000000000       -1.01136934074849     
   1333.00000000000       -1.01134802583632     
   1334.00000000000       -1.01132672493306     
   1335.00000000000       -1.01130543804358     
   1336.00000000000       -1.01128416517353     
   1337.00000000000       -1.01126290632686     
   1338.00000000000       -1.01124166150826     
   1339.00000000000       -1.01122043072066     
   1340.00000000000       -1.01119921396786     
   1341.00000000000       -1.01117801125180     
   1342.00000000000       -1.01115682257539     
   1343.00000000000       -1.01113564793966     
   1344.00000000000       -1.01111448734657     
   1345.00000000000       -1.01109334079627     
   1346.00000000000       -1.01107220828982     
   1347.00000000000       -1.01105108982647     
   1348.00000000000       -1.01102998540641     
   1349.00000000000       -1.01100889502801     
   1350.00000000000       -1.01098781869064     
   1351.00000000000       -1.01096675639179     
   1352.00000000000       -1.01094570812997     
   1353.00000000000       -1.01092467390183     
   1354.00000000000       -1.01090365370508     
   1355.00000000000       -1.01088264753557     
   1356.00000000000       -1.01086165539019     
   1357.00000000000       -1.01084067726394     
   1358.00000000000       -1.01081971315294     
   1359.00000000000       -1.01079876305141     
   1360.00000000000       -1.01077782695473     
   1361.00000000000       -1.01075690485630     
   1362.00000000000       -1.01073599675077     
   1363.00000000000       -1.01071510263079     
   1364.00000000000       -1.01069422249027     
   1365.00000000000       -1.01067335632113     
   1366.00000000000       -1.01065250411655     
   1367.00000000000       -1.01063166586770     
   1368.00000000000       -1.01061084156709     
   1369.00000000000       -1.01059003120520     
   1370.00000000000       -1.01056923477384     
   1371.00000000000       -1.01054845226280     
   1372.00000000000       -1.01052768366322     
   1373.00000000000       -1.01050692896421     
   1374.00000000000       -1.01048618815629     
   1375.00000000000       -1.01046546122791     
   1376.00000000000       -1.01044474816889     
   1377.00000000000       -1.01042404896711     
   1378.00000000000       -1.01040336361178     
   1379.00000000000       -1.01038269209011     
   1380.00000000000       -1.01036203439074     
   1381.00000000000       -1.01034139050029     
   1382.00000000000       -1.01032076040677     
   1383.00000000000       -1.01030014409622     
   1384.00000000000       -1.01027954155612     
   1385.00000000000       -1.01025895277189     
   1386.00000000000       -1.01023837773047     
   1387.00000000000       -1.01021781641675     
   1388.00000000000       -1.01019726881711     
   1389.00000000000       -1.01017673491587     
   1390.00000000000       -1.01015621469896     
   1391.00000000000       -1.01013570815013     
   1392.00000000000       -1.01011521525477     
   1393.00000000000       -1.01009473599621     
   1394.00000000000       -1.01007427035930     
   1395.00000000000       -1.01005381832685     
   1396.00000000000       -1.01003337988329     
   1397.00000000000       -1.01001295501092     
   1398.00000000000       -1.00999254369370     
   1399.00000000000       -1.00997214591347     
   1400.00000000000       -1.00995176165374     
   1401.00000000000       -1.00993139089594     
   1402.00000000000       -1.00991103362313     
   1403.00000000000       -1.00989068981630     
   1404.00000000000       -1.00987035945811     
   1405.00000000000       -1.00985004252910     
   1406.00000000000       -1.00982973901159     
   1407.00000000000       -1.00980944888566     
   1408.00000000000       -1.00978916373267     
   1409.00000000000       -1.00976888369781     
   1410.00000000000       -1.00974861745574     
   1411.00000000000       -1.00972836517025     
   1412.00000000000       -1.00970812694615     
   1413.00000000000       -1.00968790284964     
   1414.00000000000       -1.00966769292335     
   1415.00000000000       -1.00964749718827     
   1416.00000000000       -1.00962731565185     
   1417.00000000000       -1.00960714830654     
   1418.00000000000       -1.00958699513611     
   1419.00000000000       -1.00956685598138     
   1420.00000000000       -1.00954673093557     
   1421.00000000000       -1.00952661995862     
   1422.00000000000       -1.00950652300630     
   1423.00000000000       -1.00948644002717     
   1424.00000000000       -1.00946637096765     
   1425.00000000000       -1.00944631576850     
   1426.00000000000       -1.00942627436983     
   1427.00000000000       -1.00940624670725     
   1428.00000000000       -1.00938623271681     
   1429.00000000000       -1.00936623233108     
   1430.00000000000       -1.00934624548397     
   1431.00000000000       -1.00932627210664     
   1432.00000000000       -1.00930631213239     
   1433.00000000000       -1.00928636560302     
   1434.00000000000       -1.00926643243376     
   1435.00000000000       -1.00924651246388     
   1436.00000000000       -1.00922660562638     
   1437.00000000000       -1.00920671185382     
   1438.00000000000       -1.00918683108261     
   1439.00000000000       -1.00916696324853     
   1440.00000000000       -1.00914710829137     
   1441.00000000000       -1.00912726615036     
   1442.00000000000       -1.00910743676884     
   1443.00000000000       -1.00908762008972     
   1444.00000000000       -1.00906781606005     
   1445.00000000000       -1.00904802462647     
   1446.00000000000       -1.00902824573983     
   1447.00000000000       -1.00900847935052     
   1448.00000000000       -1.00898872541314     
   1449.00000000000       -1.00896898388176     
   1450.00000000000       -1.00894925471463     
   1451.00000000000       -1.00892953786936     
   1452.00000000000       -1.00890983330766     
   1453.00000000000       -1.00889014099050     
   1454.00000000000       -1.00887046088284     
   1455.00000000000       -1.00885079294873     
   1456.00000000000       -1.00883113715614     
   1457.00000000000       -1.00881149347196     
   1458.00000000000       -1.00879186186685     
   1459.00000000000       -1.00877224231024     
   1460.00000000000       -1.00875263477520     
   1461.00000000000       -1.00873303923342     
   1462.00000000000       -1.00871345566007     
   1463.00000000000       -1.00869388402878     
   1464.00000000000       -1.00867432431653     
   1465.00000000000       -1.00865477649860     
   1466.00000000000       -1.00863524055348     
   1467.00000000000       -1.00861571645782     
   1468.00000000000       -1.00859620419137     
   1469.00000000000       -1.00857670373186     
   1470.00000000000       -1.00855721506002     
   1471.00000000000       -1.00853773815443     
   1472.00000000000       -1.00851827299656     
   1473.00000000000       -1.00849881956563     
   1474.00000000000       -1.00847937784364     
   1475.00000000000       -1.00845994781021     
   1476.00000000000       -1.00844052944770     
   1477.00000000000       -1.00842112273595     
   1478.00000000000       -1.00840172765750     
   1479.00000000000       -1.00838234419229     
   1480.00000000000       -1.00836297232287     
   1481.00000000000       -1.00834361202914     
   1482.00000000000       -1.00832426329356     
   1483.00000000000       -1.00830492609588     
   1484.00000000000       -1.00828560041837     
   1485.00000000000       -1.00826628624052     
   1486.00000000000       -1.00824698354437     
   1487.00000000000       -1.00822769230908     
   1488.00000000000       -1.00820841251637     
   1489.00000000000       -1.00818914414506     
   1490.00000000000       -1.00816988717648     
   1491.00000000000       -1.00815064158909     
   1492.00000000000       -1.00813140736383     
   1493.00000000000       -1.00811218447876     
   1494.00000000000       -1.00809297291441     
   1495.00000000000       -1.00807377264844     
   1496.00000000000       -1.00805458366100     
   1497.00000000000       -1.00803540592933     
   1498.00000000000       -1.00801623943322     
   1499.00000000000       -1.00799708414952     
   1500.00000000000       -1.00797794005766     
   1501.00000000000       -1.00795880713412     
   1502.00000000000       -1.00793968535800     
   1503.00000000000       -1.00792057470547     
   1504.00000000000       -1.00790147515531     
   1505.00000000000       -1.00788238668341     
   1506.00000000000       -1.00786330926829     
   1507.00000000000       -1.00784424288555     
   1508.00000000000       -1.00782518751351     
   1509.00000000000       -1.00780614312755     
   1510.00000000000       -1.00778710970580     
   1511.00000000000       -1.00776808722346     
   1512.00000000000       -1.00774907565851     
   1513.00000000000       -1.00773007498603     
   1514.00000000000       -1.00771108518388     
   1515.00000000000       -1.00769210622704     
   1516.00000000000       -1.00767313809330     
   1517.00000000000       -1.00765418075759     
   1518.00000000000       -1.00763523419767     
   1519.00000000000       -1.00761629838843     
   1520.00000000000       -1.00759737330763     
   1521.00000000000       -1.00757845893019     
   1522.00000000000       -1.00755955523391     
   1523.00000000000       -1.00754066219371     
   1524.00000000000       -1.00752177978749     
   1525.00000000000       -1.00750290799024     
   1526.00000000000       -1.00748404677993     
   1527.00000000000       -1.00746519613166     
   1528.00000000000       -1.00744635602352     
   1529.00000000000       -1.00742752643070     
   1530.00000000000       -1.00740870733146     
   1531.00000000000       -1.00738989870111     
   1532.00000000000       -1.00737110051807     
   1533.00000000000       -1.00735231275781     
   1534.00000000000       -1.00733353539890     
   1535.00000000000       -1.00731476841700     
   1536.00000000000       -1.00729601179086     
   1537.00000000000       -1.00727726549632     
   1538.00000000000       -1.00725852951233     
   1539.00000000000       -1.00723980381492     
   1540.00000000000       -1.00722108838324     
   1541.00000000000       -1.00720238319351     
   1542.00000000000       -1.00718368822511     
   1543.00000000000       -1.00716500345447     
   1544.00000000000       -1.00714632886117     
   1545.00000000000       -1.00712766442185     
   1546.00000000000       -1.00710901011632     
   1547.00000000000       -1.00709036592143     
   1548.00000000000       -1.00707173181722     
   1549.00000000000       -1.00705310778074     
   1550.00000000000       -1.00703449379226     
   1551.00000000000       -1.00701588982907     
   1552.00000000000       -1.00699729587163     
   1553.00000000000       -1.00697871189745     
   1554.00000000000       -1.00696013788723     
   1555.00000000000       -1.00694157381869     
   1556.00000000000       -1.00692301967276     
   1557.00000000000       -1.00690447542736     
   1558.00000000000       -1.00688594106365     
   1559.00000000000       -1.00686741655977     
   1560.00000000000       -1.00684890189709     
   1561.00000000000       -1.00683039705395     
   1562.00000000000       -1.00681190201195     
   1563.00000000000       -1.00679341674966     
   1564.00000000000       -1.00677494124887     
   1565.00000000000       -1.00675647548834     
   1566.00000000000       -1.00673801945013     
   1567.00000000000       -1.00671957311316     
   1568.00000000000       -1.00670113645970     
   1569.00000000000       -1.00668270946889     
   1570.00000000000       -1.00666429212321     
   1571.00000000000       -1.00664588440200     
   1572.00000000000       -1.00662748628794     
   1573.00000000000       -1.00660909776058     
   1574.00000000000       -1.00659071880280     
   1575.00000000000       -1.00657234939433     
   1576.00000000000       -1.00655398951827     
   1577.00000000000       -1.00653563915456     
   1578.00000000000       -1.00651729828649     
   1579.00000000000       -1.00649896689419     
   1580.00000000000       -1.00648064496115     
   1581.00000000000       -1.00646233246769     
   1582.00000000000       -1.00644402939752     
   1583.00000000000       -1.00642573573115     
   1584.00000000000       -1.00640745145248     
   1585.00000000000       -1.00638917654220     
   1586.00000000000       -1.00637091098442     
   1587.00000000000       -1.00635265476004     
   1588.00000000000       -1.00633440785334     
   1589.00000000000       -1.00631617024543     
   1590.00000000000       -1.00629794192078     
   1591.00000000000       -1.00627972286067     
   1592.00000000000       -1.00626151304981     
   1593.00000000000       -1.00624331246965     
   1594.00000000000       -1.00622512110508     
   1595.00000000000       -1.00620693893776     
   1596.00000000000       -1.00618876595278     
   1597.00000000000       -1.00617060213197     
   1598.00000000000       -1.00615244746063     
   1599.00000000000       -1.00613430192080     
   1600.00000000000       -1.00611616549794     
   1601.00000000000       -1.00609803817429     
   1602.00000000000       -1.00607991993552     
   1603.00000000000       -1.00606181076404     
   1604.00000000000       -1.00604371064573     
   1605.00000000000       -1.00602561956320     
   1606.00000000000       -1.00600753750252     
   1607.00000000000       -1.00598946444647     
   1608.00000000000       -1.00597140038133     
   1609.00000000000       -1.00595334529008     
   1610.00000000000       -1.00593529915918     
   1611.00000000000       -1.00591726197181     
   1612.00000000000       -1.00589923371463     
   1613.00000000000       -1.00588121437099     
   1614.00000000000       -1.00586320392776     
   1615.00000000000       -1.00584520236848     
   1616.00000000000       -1.00582720968021     
   1617.00000000000       -1.00580922584668     
   1618.00000000000       -1.00579125085515     
   1619.00000000000       -1.00577328468953     
   1620.00000000000       -1.00575532733728     
   1621.00000000000       -1.00573737878250     
   1622.00000000000       -1.00571943901283     
   1623.00000000000       -1.00570150801256     
   1624.00000000000       -1.00568358576955     
   1625.00000000000       -1.00566567226825     
   1626.00000000000       -1.00564776749672     
   1627.00000000000       -1.00562987143960     
   1628.00000000000       -1.00561198408513     
   1629.00000000000       -1.00559410541815     
   1630.00000000000       -1.00557623542708     
   1631.00000000000       -1.00555837409694     
   1632.00000000000       -1.00554052141636     
   1633.00000000000       -1.00552267737053     
   1634.00000000000       -1.00550484194827     
   1635.00000000000       -1.00548701513495     
   1636.00000000000       -1.00546919691958     
   1637.00000000000       -1.00545138728772     
   1638.00000000000       -1.00543358622854     
   1639.00000000000       -1.00541579372780     
   1640.00000000000       -1.00539800977487     
   1641.00000000000       -1.00538023435567     
   1642.00000000000       -1.00536246745975     
   1643.00000000000       -1.00534470907321     
   1644.00000000000       -1.00532695918578     
   1645.00000000000       -1.00530921778375     
   1646.00000000000       -1.00529148485704     
   1647.00000000000       -1.00527376039208     
   1648.00000000000       -1.00525604437898     
   1649.00000000000       -1.00523833680436     
   1650.00000000000       -1.00522063765850     
   1651.00000000000       -1.00520294692819     
   1652.00000000000       -1.00518526460389     
   1653.00000000000       -1.00516759067256     
   1654.00000000000       -1.00514992512484     
   1655.00000000000       -1.00513226794784     
   1656.00000000000       -1.00511461913238     
   1657.00000000000       -1.00509697866576     
   1658.00000000000       -1.00507934653895     
   1659.00000000000       -1.00506172273941     
   1660.00000000000       -1.00504410725830     
   1661.00000000000       -1.00502650008324     
   1662.00000000000       -1.00500890120554     
   1663.00000000000       -1.00499131061299     
   1664.00000000000       -1.00497372829708     
   1665.00000000000       -1.00495615424575     
   1666.00000000000       -1.00493858845065     
   1667.00000000000       -1.00492103089990     
   1668.00000000000       -1.00490348158529     
   1669.00000000000       -1.00488594049509     
   1670.00000000000       -1.00486840762129     
   1671.00000000000       -1.00485088295229     
   1672.00000000000       -1.00483336648022     
   1673.00000000000       -1.00481585819367     
   1674.00000000000       -1.00479835808492     
   1675.00000000000       -1.00478086614268     
   1676.00000000000       -1.00476338235942     
   1677.00000000000       -1.00474590672399     
   1678.00000000000       -1.00472843922902     
   1679.00000000000       -1.00471097986349     
   1680.00000000000       -1.00469352862020     
   1681.00000000000       -1.00467608548828     
   1682.00000000000       -1.00465865046065     
   1683.00000000000       -1.00464122352660     
   1684.00000000000       -1.00462380467921     
   1685.00000000000       -1.00460639390791     
   1686.00000000000       -1.00458899120591     
   1687.00000000000       -1.00457159656279     
   1688.00000000000       -1.00455420997191     
   1689.00000000000       -1.00453683142299     
   1690.00000000000       -1.00451946090952     
   1691.00000000000       -1.00450209842137     
   1692.00000000000       -1.00448474395216     
   1693.00000000000       -1.00446739749188     
   1694.00000000000       -1.00445005903432     
   1695.00000000000       -1.00443272856960     
   1696.00000000000       -1.00441540609164     
   1697.00000000000       -1.00439809159068     
   1698.00000000000       -1.00438078506078     
   1699.00000000000       -1.00436348649231     
   1700.00000000000       -1.00434619587946     
   1701.00000000000       -1.00432891321274     
   1702.00000000000       -1.00431163848647     
   1703.00000000000       -1.00429437169128     
   1704.00000000000       -1.00427711282161     
   1705.00000000000       -1.00425986186822     
   1706.00000000000       -1.00424261882568     
   1707.00000000000       -1.00422538368487     
   1708.00000000000       -1.00420815644049     
   1709.00000000000       -1.00419093708352     
   1710.00000000000       -1.00417372560881     
   1711.00000000000       -1.00415652200745     
   1712.00000000000       -1.00413932627439     
   1713.00000000000       -1.00412213840087     
   1714.00000000000       -1.00410495838193     
   1715.00000000000       -1.00408778620893     
   1716.00000000000       -1.00407062187705     
   1717.00000000000       -1.00405346537775     
   1718.00000000000       -1.00403631670631     
   1719.00000000000       -1.00401917585432     
   1720.00000000000       -1.00400204281715     
   1721.00000000000       -1.00398491758650     
   1722.00000000000       -1.00396780015790     
   1723.00000000000       -1.00395069052311     
   1724.00000000000       -1.00393358867776     
   1725.00000000000       -1.00391649461375     
   1726.00000000000       -1.00389940766721     
   1727.00000000000       -1.00388232828431     
   1728.00000000000       -1.00386525669504     
   1729.00000000000       -1.00384819290009     
   1730.00000000000       -1.00383113690112     
   1731.00000000000       -1.00381408869444     
   1732.00000000000       -1.00379704827891     
   1733.00000000000       -1.00378001564871     
   1734.00000000000       -1.00376299080110     
   1735.00000000000       -1.00374597372893     
   1736.00000000000       -1.00372896442839     
   1737.00000000000       -1.00371196289147     
   1738.00000000000       -1.00369496911360     
   1739.00000000000       -1.00367798308615     
   1740.00000000000       -1.00366100480403     
   1741.00000000000       -1.00364403425826     
   1742.00000000000       -1.00362707144339     
   1743.00000000000       -1.00361011635010     
   1744.00000000000       -1.00359316897281     
   1745.00000000000       -1.00357622930211     
   1746.00000000000       -1.00355929733232     
   1747.00000000000       -1.00354237305394     
   1748.00000000000       -1.00352545646135     
   1749.00000000000       -1.00350854754507     
   1750.00000000000       -1.00349164629964     
   1751.00000000000       -1.00347475271568     
   1752.00000000000       -1.00345786678780     
   1753.00000000000       -1.00344098850686     
   1754.00000000000       -1.00342411786762     
   1755.00000000000       -1.00340725486116     
   1756.00000000000       -1.00339039948247     
   1757.00000000000       -1.00337355172288     
   1758.00000000000       -1.00335671157764     
   1759.00000000000       -1.00333987903826     
   1760.00000000000       -1.00332305410032     
   1761.00000000000       -1.00330623675562     
   1762.00000000000       -1.00328942699997     
   1763.00000000000       -1.00327262482546     
   1764.00000000000       -1.00325583022818     
   1765.00000000000       -1.00323904320046     
   1766.00000000000       -1.00322226373868     
   1767.00000000000       -1.00320549183546     
   1768.00000000000       -1.00318872748741     
   1769.00000000000       -1.00317197068738     
   1770.00000000000       -1.00315522143229     
   1771.00000000000       -1.00313847971524     
   1772.00000000000       -1.00312174553335     
   1773.00000000000       -1.00310501887995     
   1774.00000000000       -1.00308829975241     
   1775.00000000000       -1.00307158814426     
   1776.00000000000       -1.00305488570579     
   1777.00000000000       -1.00303819381270     
   1778.00000000000       -1.00302150931074     
   1779.00000000000       -1.00300483213881     
   1780.00000000000       -1.00298816225842     
   1781.00000000000       -1.00297149963801     
   1782.00000000000       -1.00295484425743     
   1783.00000000000       -1.00293819609829     
   1784.00000000000       -1.00292155515058     
   1785.00000000000       -1.00290492140411     
   1786.00000000000       -1.00288829485574     
   1787.00000000000       -1.00287167550100     
   1788.00000000000       -1.00285506334158     
   1789.00000000000       -1.00283845837721     
   1790.00000000000       -1.00282186061313     
   1791.00000000000       -1.00280527005206     
   1792.00000000000       -1.00278868670179     
   1793.00000000000       -1.00277211056718     
   1794.00000000000       -1.00275554165779     
   1795.00000000000       -1.00273897997988     
   1796.00000000000       -1.00272242554414     
   1797.00000000000       -1.00270587835765     
   1798.00000000000       -1.00268933843167     
   1799.00000000000       -1.00267280577368     
   1800.00000000000       -1.00265628039506     
   1801.00000000000       -1.00263976230330     
   1802.00000000000       -1.00262325150958     
   1803.00000000000       -1.00260674802105     
   1804.00000000000       -1.00259025184846     
   1805.00000000000       -1.00257376299835     
   1806.00000000000       -1.00255728148080     
   1807.00000000000       -1.00254080730161     
   1808.00000000000       -1.00252434047003     
   1809.00000000000       -1.00250788099096     
   1810.00000000000       -1.00249142887275     
   1811.00000000000       -1.00247498411930     
   1812.00000000000       -1.00245854673795     
   1813.00000000000       -1.00244211673160     
   1814.00000000000       -1.00242569410652     
   1815.00000000000       -1.00240927886460     
   1816.00000000000       -1.00239287101109     
   1817.00000000000       -1.00237647054683     
   1818.00000000000       -1.00236007747608     
   1819.00000000000       -1.00234369179870     
   1820.00000000000       -1.00232731351793     
   1821.00000000000       -1.00231094263270     
   1822.00000000000       -1.00229457914538     
   1823.00000000000       -1.00227822305399     
   1824.00000000000       -1.00226187436009     
   1825.00000000000       -1.00224553306089     
   1826.00000000000       -1.00222919915714     
   1827.00000000000       -1.00221287264537     
   1828.00000000000       -1.00219655352565     
   1829.00000000000       -1.00218024179384     
   1830.00000000000       -1.00216393744947     
   1831.00000000000       -1.00214764048780     
   1832.00000000000       -1.00213135090783     
   1833.00000000000       -1.00211506870438     
   1834.00000000000       -1.00209879387601     
   1835.00000000000       -1.00208252641717     
   1836.00000000000       -1.00206626632603     
   1837.00000000000       -1.00205001359674     
   1838.00000000000       -1.00203376822719     
   1839.00000000000       -1.00201753021131     
   1840.00000000000       -1.00200129954678     
   1841.00000000000       -1.00198507622731     
   1842.00000000000       -1.00196886025046     
   1843.00000000000       -1.00195265160982     
   1844.00000000000       -1.00193645030284     
   1845.00000000000       -1.00192025632308     
   1846.00000000000       -1.00190406966793     
   1847.00000000000       -1.00188789033092     
   1848.00000000000       -1.00187171830946     
   1849.00000000000       -1.00185555359707     
   1850.00000000000       -1.00183939619123     
   1851.00000000000       -1.00182324608550     
   1852.00000000000       -1.00180710327739     
   1853.00000000000       -1.00179096776057     
   1854.00000000000       -1.00177483953266     
   1855.00000000000       -1.00175871858740     
   1856.00000000000       -1.00174260492256     
   1857.00000000000       -1.00172649853195     
   1858.00000000000       -1.00171039941344     
   1859.00000000000       -1.00169430756103     
   1860.00000000000       -1.00167822297269     
   1861.00000000000       -1.00166214564254     
   1862.00000000000       -1.00164607556870     
   1863.00000000000       -1.00163001274546     
   1864.00000000000       -1.00161395717099     
   1865.00000000000       -1.00159790883978     
   1866.00000000000       -1.00158186775016     
   1867.00000000000       -1.00156583389668     
   1868.00000000000       -1.00154980727784     
   1869.00000000000       -1.00153378788830     
   1870.00000000000       -1.00151777572671     
   1871.00000000000       -1.00150177078786     
   1872.00000000000       -1.00148577307047     
   1873.00000000000       -1.00146978256947     
   1874.00000000000       -1.00145379928373     
   1875.00000000000       -1.00143782320821     
   1876.00000000000       -1.00142185434188     
   1877.00000000000       -1.00140589267985     
   1878.00000000000       -1.00138993822117     
   1879.00000000000       -1.00137399096099     
   1880.00000000000       -1.00135805089845     
   1881.00000000000       -1.00134211802882     
   1882.00000000000       -1.00132619235125     
   1883.00000000000       -1.00131027386110     
   1884.00000000000       -1.00129436255759     
   1885.00000000000       -1.00127845843610     
   1886.00000000000       -1.00126256149590     
   1887.00000000000       -1.00124667173244     
   1888.00000000000       -1.00123078914504     
   1889.00000000000       -1.00121491372912     
   1890.00000000000       -1.00119904548409     
   1891.00000000000       -1.00118318440541     
   1892.00000000000       -1.00116733049244     
   1893.00000000000       -1.00115148374072     
   1894.00000000000       -1.00113564414961     
   1895.00000000000       -1.00111981171467     
   1896.00000000000       -1.00110398643526     
   1897.00000000000       -1.00108816830692     
   1898.00000000000       -1.00107235732904     
   1899.00000000000       -1.00105655349716     
   1900.00000000000       -1.00104075681067     
   1901.00000000000       -1.00102496726510     
   1902.00000000000       -1.00100918485985     
   1903.00000000000       -1.00099340959043     
   1904.00000000000       -1.00097764145624     
   1905.00000000000       -1.00096188045278     
   1906.00000000000       -1.00094612657940     
   1907.00000000000       -1.00093037983162     
   1908.00000000000       -1.00091464020881     
   1909.00000000000       -1.00089890770644     
   1910.00000000000       -1.00088318232385     
   1911.00000000000       -1.00086746405649     
   1912.00000000000       -1.00085175290367     
   1913.00000000000       -1.00083604886090     
   1914.00000000000       -1.00082035192744     
   1915.00000000000       -1.00080466209872     
   1916.00000000000       -1.00078897937408     
   1917.00000000000       -1.00077330374889     
   1918.00000000000       -1.00075763522240     
   1919.00000000000       -1.00074197379007     
   1920.00000000000       -1.00072631945107     
   1921.00000000000       -1.00071067220085     
   1922.00000000000       -1.00069503203858     
   1923.00000000000       -1.00067939895969     
   1924.00000000000       -1.00066377296333     
   1925.00000000000       -1.00064815404488     
   1926.00000000000       -1.00063254220350     
   1927.00000000000       -1.00061693743455     
   1928.00000000000       -1.00060133973718     
   1929.00000000000       -1.00058574910673     
   1930.00000000000       -1.00057016554234     
   1931.00000000000       -1.00055458903934     
   1932.00000000000       -1.00053901959683     
   1933.00000000000       -1.00052345721012     
   1934.00000000000       -1.00050790187833     
   1935.00000000000       -1.00049235359675     
   1936.00000000000       -1.00047681236446     
   1937.00000000000       -1.00046127817675     
   1938.00000000000       -1.00044575103270     
   1939.00000000000       -1.00043023092757     
   1940.00000000000       -1.00041471786043     
   1941.00000000000       -1.00039921182653     
   1942.00000000000       -1.00038371282493     
   1943.00000000000       -1.00036822085088     
   1944.00000000000       -1.00035273590338     
   1945.00000000000       -1.00033725797771     
   1946.00000000000       -1.00032178707288     
   1947.00000000000       -1.00030632318412     
   1948.00000000000       -1.00029086631044     
   1949.00000000000       -1.00027541644705     
   1950.00000000000       -1.00025997359298     
   1951.00000000000       -1.00024453774341     
   1952.00000000000       -1.00022910889735     
   1953.00000000000       -1.00021368704997     
   1954.00000000000       -1.00019827220028     
   1955.00000000000       -1.00018286434345     
   1956.00000000000       -1.00016746347846     
   1957.00000000000       -1.00015206960048     
   1958.00000000000       -1.00013668270848     
   1959.00000000000       -1.00012130279764     
   1960.00000000000       -1.00010592986688     
   1961.00000000000       -1.00009056391137     
   1962.00000000000       -1.00007520493004     
   1963.00000000000       -1.00005985291807     
   1964.00000000000       -1.00004450787435     
   1965.00000000000       -1.00002916979403     
   1966.00000000000       -1.00001383867600     
   1967.00000000000      -0.999998514515457     
   1968.00000000000      -0.999983197311255     
   1969.00000000000      -0.999967887058544     
   1970.00000000000      -0.999952583756181     
   1971.00000000000      -0.999937287399298     
   1972.00000000000      -0.999921997986787     
   1973.00000000000      -0.999906715513756     
   1974.00000000000      -0.999891439979046     
   1975.00000000000      -0.999876171377768     
   1976.00000000000      -0.999860909708750     
   1977.00000000000      -0.999845654967124     
   1978.00000000000      -0.999830407151687     
   1979.00000000000      -0.999815166257522     
   1980.00000000000      -0.999799932283483     
   1981.00000000000      -0.999784705224622     
   1982.00000000000      -0.999769485079713     
   1983.00000000000      -0.999754271843884     
   1984.00000000000      -0.999739065515901     
   1985.00000000000      -0.999723866090828     
   1986.00000000000      -0.999708673567415     
   1987.00000000000      -0.999693487940744     
   1988.00000000000      -0.999678309209534     
   1989.00000000000      -0.999663137368873     
   1990.00000000000      -0.999647972417450     
   1991.00000000000      -0.999632814350335     
   1992.00000000000      -0.999617663166251     
   1993.00000000000      -0.999602518860211     
   1994.00000000000      -0.999587381430941     
   1995.00000000000      -0.999572250873465     
   1996.00000000000      -0.999557127186424     
   1997.00000000000      -0.999542010364902     
   1998.00000000000      -0.999526900407513     
   1999.00000000000      -0.999511797309300     
   2000.00000000000      -0.999496701068884     
