  0.000000000000000E+000   1.00000000000000     
   1.00000000000000       0.997041077075252     
   2.00000000000000       0.990258723316538     
   3.00000000000000       0.982036987360121     
   4.00000000000000       0.973756581770507     
   5.00000000000000       0.966069435186451     
   6.00000000000000       0.959233127158918     
   7.00000000000000       0.953306434650211     
   8.00000000000000       0.948252537035494     
   9.00000000000000       0.943992580411232     
   10.0000000000000       0.940433283872105     
   11.0000000000000       0.937480873452792     
   12.0000000000000       0.935047742029212     
   13.0000000000000       0.933055231702163     
   14.0000000000000       0.931434375578920     
   15.0000000000000       0.930125604480744     
   16.0000000000000       0.929077970375939     
   17.0000000000000       0.928248186354449     
   18.0000000000000       0.927599641655174     
   19.0000000000000       0.927101470952725     
   20.0000000000000       0.926727713006675     
   21.0000000000000       0.926456569786910     
   22.0000000000000       0.926269764676538     
   23.0000000000000       0.926151992328252     
   24.0000000000000       0.926090450316887     
   25.0000000000000       0.926074442225221     
   26.0000000000000       0.926095042268093     
   27.0000000000000       0.926144812466688     
   28.0000000000000       0.926217564443128     
   29.0000000000000       0.926308158959843     
   30.0000000000000       0.926412337307730     
   31.0000000000000       0.926526579524178     
   32.0000000000000       0.926647985189705     
   33.0000000000000       0.926774173209614     
   34.0000000000000       0.926903197553564     
   35.0000000000000       0.927033476404279     
   36.0000000000000       0.927163732574545     
   37.0000000000000       0.927292943392148     
   38.0000000000000       0.927420298542597     
   39.0000000000000       0.927545164602211     
   40.0000000000000       0.927667055198673     
   41.0000000000000       0.927785605906838     
   42.0000000000000       0.927900553130206     
   43.0000000000000       0.928011716341875     
   44.0000000000000       0.928118983155635     
   45.0000000000000       0.928222296784246     
   46.0000000000000       0.928321645512492     
   47.0000000000000       0.928417053870489     
   48.0000000000000       0.928508575243223     
   49.0000000000000       0.928596285693269     
   50.0000000000000       0.928680278807657     
   51.0000000000000       0.928760661411095     
   52.0000000000000       0.928837550009826     
   53.0000000000000       0.928911067852402     
   54.0000000000000       0.928981342511855     
   55.0000000000000       0.929048503905778     
   56.0000000000000       0.929112682687002     
   57.0000000000000       0.929174008944388     
   58.0000000000000       0.929232611165008     
   59.0000000000000       0.929288615414940     
   60.0000000000000       0.929342144702578     
   61.0000000000000       0.929393318495128     
   62.0000000000000       0.929442252361738     
   63.0000000000000       0.929489057720944     
   64.0000000000000       0.929533841675741     
   65.0000000000000       0.929576706919329     
   66.0000000000000       0.929617751698320     
   67.0000000000000       0.929657069823528     
   68.0000000000000       0.929694750718335     
   69.0000000000000       0.929730879496350     
   70.0000000000000       0.929765537062907     
   71.0000000000000       0.929798800233533     
   72.0000000000000       0.929830741867043     
   73.0000000000000       0.929861431006618     
   74.0000000000000       0.929890933028221     
   75.0000000000000       0.929919309792193     
   76.0000000000000       0.929946619797333     
   77.0000000000000       0.929972918334257     
   78.0000000000000       0.929998257637319     
   79.0000000000000       0.930022687034767     
   80.0000000000000       0.930046253094944     
   81.0000000000000       0.930068999768263     
   82.0000000000000       0.930090968525714     
   83.0000000000000       0.930112198491390     
   84.0000000000000       0.930132726570457     
   85.0000000000000       0.930152587571978     
   86.0000000000000       0.930171814325721     
   87.0000000000000       0.930190437794701     
   88.0000000000000       0.930208487181130     
   89.0000000000000       0.930225990028198     
   90.0000000000000       0.930242972315920     
   91.0000000000000       0.930259458552916     
   92.0000000000000       0.930275471861894     
   93.0000000000000       0.930291034062065     
   94.0000000000000       0.930306165745838     
   95.0000000000000       0.930320886352009     
   96.0000000000000       0.930335214233900     
   97.0000000000000       0.930349166724995     
   98.0000000000000       0.930362760198711     
   99.0000000000000       0.930376010127218     
   100.000000000000       0.930388931134254     
   101.000000000000       0.930401537046319     
   102.000000000000       0.930413840940890     
   103.000000000000       0.930425855190520     
   104.000000000000       0.930437591505577     
   105.000000000000       0.930449060973812     
   106.000000000000       0.930460274096816     
   107.000000000000       0.930471240825851     
   108.000000000000       0.930481970594084     
   109.000000000000       0.930492472347398     
   110.000000000000       0.930502754573190     
   111.000000000000       0.930512825327145     
   112.000000000000       0.930522692259354     
   113.000000000000       0.930532362637795     
   114.000000000000       0.930541843370274     
   115.000000000000       0.930551141025276     
   116.000000000000       0.930560261852607     
   117.000000000000       0.930569211800890     
   118.000000000000       0.930577996534903     
   119.000000000000       0.930586621452786     
   120.000000000000       0.930595091699727     
   121.000000000000       0.930603412182730     
   122.000000000000       0.930611587584999     
   123.000000000000       0.930619622377625     
   124.000000000000       0.930627520831265     
   125.000000000000       0.930635287027302     
   126.000000000000       0.930642924869023     
   127.000000000000       0.930650438090272     
   128.000000000000       0.930657830265145     
   129.000000000000       0.930665104816608     
   130.000000000000       0.930672265024555     
   131.000000000000       0.930679314033817     
   132.000000000000       0.930686254859576     
   133.000000000000       0.930693090396809     
   134.000000000000       0.930699823424546     
   135.000000000000       0.930706456612463     
   136.000000000000       0.930712992526145     
   137.000000000000       0.930719433632731     
   138.000000000000       0.930725782306582     
   139.000000000000       0.930732040832175     
   140.000000000000       0.930738211409716     
   141.000000000000       0.930744296159050     
   142.000000000000       0.930750297123698     
   143.000000000000       0.930756216274043     
   144.000000000000       0.930762055511055     
   145.000000000000       0.930767816670043     
   146.000000000000       0.930773501522974     
   147.000000000000       0.930779111781774     
   148.000000000000       0.930784649100852     
   149.000000000000       0.930790115080283     
   150.000000000000       0.930795511267589     
   151.000000000000       0.930800839160318     
   152.000000000000       0.930806100208257     
   153.000000000000       0.930811295815525     
   154.000000000000       0.930816427342241     
   155.000000000000       0.930821496107052     
   156.000000000000       0.930826503388503     
   157.000000000000       0.930831450426362     
   158.000000000000       0.930836338423576     
   159.000000000000       0.930841168547950     
   160.000000000000       0.930845941933722     
   161.000000000000       0.930850659681780     
   162.000000000000       0.930855322862085     
   163.000000000000       0.930859932514818     
   164.000000000000       0.930864489650686     
   165.000000000000       0.930868995253362     
   166.000000000000       0.930873450278952     
   167.000000000000       0.930877855658283     
   168.000000000000       0.930882212297307     
   169.000000000000       0.930886521078405     
   170.000000000000       0.930890782860088     
   171.000000000000       0.930894998479883     
   172.000000000000       0.930899168752561     
   173.000000000000       0.930903294472981     
   174.000000000000       0.930907376415993     
   175.000000000000       0.930911415337751     
   176.000000000000       0.930915411974851     
   177.000000000000       0.930919367045948     
   178.000000000000       0.930923281252854     
   179.000000000000       0.930927155280751     
   180.000000000000       0.930930989797718     
   181.000000000000       0.930934785456502     
   182.000000000000       0.930938542894665     
   183.000000000000       0.930942262734976     
   184.000000000000       0.930945945585955     
   185.000000000000       0.930949592042094     
   186.000000000000       0.930953202684980     
   187.000000000000       0.930956778082042     
   188.000000000000       0.930960318789692     
   189.000000000000       0.930963825350448     
   190.000000000000       0.930967298295695     
   191.000000000000       0.930970738145578     
   192.000000000000       0.930974145408536     
   193.000000000000       0.930977520582192     
   194.000000000000       0.930980864153623     
   195.000000000000       0.930984176599859     
   196.000000000000       0.930987458387570     
   197.000000000000       0.930990709974357     
   198.000000000000       0.930993931807140     
   199.000000000000       0.930997124324497     
   200.000000000000       0.931000287956520     
   201.000000000000       0.931003423123288     
   202.000000000000       0.931006530237615     
   203.000000000000       0.931009609703235     
   204.000000000000       0.931012661916573     
   205.000000000000       0.931015687265679     
   206.000000000000       0.931018686131197     
   207.000000000000       0.931021658886304     
   208.000000000000       0.931024605896594     
   209.000000000000       0.931027527521003     
   210.000000000000       0.931030424111868     
   211.000000000000       0.931033296014109     
   212.000000000000       0.931036143566531     
   213.000000000000       0.931038967101417     
   214.000000000000       0.931041766944982     
   215.000000000000       0.931044543416761     
   216.000000000000       0.931047296831613     
   217.000000000000       0.931050027497353     
   218.000000000000       0.931052735717045     
   219.000000000000       0.931055421787034     
   220.000000000000       0.931058085999505     
   221.000000000000       0.931060728641118     
   222.000000000000       0.931063349992600     
   223.000000000000       0.931065950330243     
   224.000000000000       0.931068529926064     
   225.000000000000       0.931071089046639     
   226.000000000000       0.931073627953397     
   227.000000000000       0.931076146903204     
   228.000000000000       0.931078646149670     
   229.000000000000       0.931081125940868     
   230.000000000000       0.931083586520897     
   231.000000000000       0.931086028129783     
   232.000000000000       0.931088451003802     
   233.000000000000       0.931090855374046     
   234.000000000000       0.931093241468539     
   235.000000000000       0.931095609511405     
   236.000000000000       0.931097959722982     
   237.000000000000       0.931100292319907     
   238.000000000000       0.931102607515566     
   239.000000000000       0.931104905518684     
   240.000000000000       0.931107186536011     
   241.000000000000       0.931109450770420     
   242.000000000000       0.931111698420306     
   243.000000000000       0.931113929682299     
   244.000000000000       0.931116144749091     
   245.000000000000       0.931118343810593     
   246.000000000000       0.931120527053765     
   247.000000000000       0.931122694662666     
   248.000000000000       0.931124846817525     
   249.000000000000       0.931126983696507     
   250.000000000000       0.931129105475343     
   251.000000000000       0.931131212326385     
   252.000000000000       0.931133304418783     
   253.000000000000       0.931135381919959     
   254.000000000000       0.931137444994695     
   255.000000000000       0.931139493804669     
   256.000000000000       0.931141528509214     
   257.000000000000       0.931143549265477     
   258.000000000000       0.931145556228662     
   259.000000000000       0.931147549550823     
   260.000000000000       0.931149529381758     
   261.000000000000       0.931151495869083     
   262.000000000000       0.931153449158770     
   263.000000000000       0.931155389393393     
   264.000000000000       0.931157316714996     
   265.000000000000       0.931159231262681     
   266.000000000000       0.931161133172464     
   267.000000000000       0.931163022580668     
   268.000000000000       0.931164899619768     
   269.000000000000       0.931166764421231     
   270.000000000000       0.931168617114048     
   271.000000000000       0.931170457825098     
   272.000000000000       0.931172286680586     
   273.000000000000       0.931174103804117     
   274.000000000000       0.931175909317009     
   275.000000000000       0.931177703340405     
   276.000000000000       0.931179485992065     
   277.000000000000       0.931181257389307     
   278.000000000000       0.931183017646724     
   279.000000000000       0.931184766878614     
   280.000000000000       0.931186505196521     
   281.000000000000       0.931188232710759     
   282.000000000000       0.931189949530380     
   283.000000000000       0.931191655762667     
   284.000000000000       0.931193351513248     
   285.000000000000       0.931195036887182     
   286.000000000000       0.931196711987038     
   287.000000000000       0.931198376914101     
   288.000000000000       0.931200031769079     
   289.000000000000       0.931201676651130     
   290.000000000000       0.931203311656998     
   291.000000000000       0.931204936883311     
   292.000000000000       0.931206552425041     
   293.000000000000       0.931208158375702     
   294.000000000000       0.931209754827568     
   295.000000000000       0.931211341872261     
   296.000000000000       0.931212919599318     
   297.000000000000       0.931214488097736     
   298.000000000000       0.931216047455532     
   299.000000000000       0.931217597758268     
   300.000000000000       0.931219139092043     
   301.000000000000       0.931220671541253     
   302.000000000000       0.931222195188576     
   303.000000000000       0.931223710116262     
   304.000000000000       0.931225216405572     
   305.000000000000       0.931226714136287     
   306.000000000000       0.931228203386924     
   307.000000000000       0.931229684236631     
   308.000000000000       0.931231156761597     
   309.000000000000       0.931232621038400     
   310.000000000000       0.931234077141425     
   311.000000000000       0.931235525145052     
   312.000000000000       0.931236965122435     
   313.000000000000       0.931238397146323     
   314.000000000000       0.931239821287938     
   315.000000000000       0.931241237617133     
   316.000000000000       0.931242646204580     
   317.000000000000       0.931244047118616     
   318.000000000000       0.931245440427092     
   319.000000000000       0.931246826196892     
   320.000000000000       0.931248204494978     
   321.000000000000       0.931249575386487     
   322.000000000000       0.931250938935799     
   323.000000000000       0.931252295207471     
   324.000000000000       0.931253644264387     
   325.000000000000       0.931254986169019     
   326.000000000000       0.931256320983263     
   327.000000000000       0.931257648767365     
   328.000000000000       0.931258969582010     
   329.000000000000       0.931260283486918     
   330.000000000000       0.931261590540420     
   331.000000000000       0.931262890800638     
   332.000000000000       0.931264184325562     
   333.000000000000       0.931265471171480     
   334.000000000000       0.931266751394653     
   335.000000000000       0.931268025050404     
   336.000000000000       0.931269292193996     
   337.000000000000       0.931270552879430     
   338.000000000000       0.931271807159491     
   339.000000000000       0.931273055088096     
   340.000000000000       0.931274296717403     
   341.000000000000       0.931275532098713     
   342.000000000000       0.931276761283264     
   343.000000000000       0.931277984322149     
   344.000000000000       0.931279201265091     
   345.000000000000       0.931280412161467     
   346.000000000000       0.931281617060483     
   347.000000000000       0.931282816010379     
   348.000000000000       0.931284009058834     
   349.000000000000       0.931285196252637     
   350.000000000000       0.931286377639534     
   351.000000000000       0.931287553265316     
   352.000000000000       0.931288723176058     
   353.000000000000       0.931289887416336     
   354.000000000000       0.931291046031664     
   355.000000000000       0.931292199065694     
   356.000000000000       0.931293346562493     
   357.000000000000       0.931294488565100     
   358.000000000000       0.931295625116566     
   359.000000000000       0.931296756259475     
   360.000000000000       0.931297882035225     
   361.000000000000       0.931299002485971     
   362.000000000000       0.931300117652155     
   363.000000000000       0.931301227574777     
   364.000000000000       0.931302332293892     
   365.000000000000       0.931303431848969     
   366.000000000000       0.931304526279617     
   367.000000000000       0.931305615624181     
   368.000000000000       0.931306699922044     
   369.000000000000       0.931307779211451     
   370.000000000000       0.931308853529175     
   371.000000000000       0.931309922912601     
   372.000000000000       0.931310987399532     
   373.000000000000       0.931312047025220     
   374.000000000000       0.931313101827339     
   375.000000000000       0.931314151840505     
   376.000000000000       0.931315197100468     
   377.000000000000       0.931316237642589     
   378.000000000000       0.931317273501356     
   379.000000000000       0.931318304710849     
   380.000000000000       0.931319331305721     
   381.000000000000       0.931320353319510     
   382.000000000000       0.931321370784980     
   383.000000000000       0.931322383735220     
   384.000000000000       0.931323392203389     
   385.000000000000       0.931324396221550     
   386.000000000000       0.931325395821406     
   387.000000000000       0.931326391035071     
   388.000000000000       0.931327381894517     
   389.000000000000       0.931328368429613     
   390.000000000000       0.931329350671039     
   391.000000000000       0.931330328650248     
   392.000000000000       0.931331302397549     
   393.000000000000       0.931332271941854     
   394.000000000000       0.931333237312785     
   395.000000000000       0.931334198540222     
   396.000000000000       0.931335155653209     
   397.000000000000       0.931336108679889     
   398.000000000000       0.931337057649563     
   399.000000000000       0.931338002589663     
   400.000000000000       0.931338943528035     
   401.000000000000       0.931339880492789     
   402.000000000000       0.931340813510951     
   403.000000000000       0.931341742609757     
   404.000000000000       0.931342667816261     
   405.000000000000       0.931343589156651     
   406.000000000000       0.931344506658032     
   407.000000000000       0.931345420345191     
   408.000000000000       0.931346330245380     
   409.000000000000       0.931347236383353     
   410.000000000000       0.931348138784794     
   411.000000000000       0.931349037474727     
   412.000000000000       0.931349932478328     
   413.000000000000       0.931350823819848     
   414.000000000000       0.931351711523970     
   415.000000000000       0.931352595615156     
   416.000000000000       0.931353476117228     
   417.000000000000       0.931354353053218     
   418.000000000000       0.931355226447302     
   419.000000000000       0.931356096323623     
   420.000000000000       0.931356962704645     
   421.000000000000       0.931357825612626     
   422.000000000000       0.931358685070933     
   423.000000000000       0.931359541102204     
   424.000000000000       0.931360393728214     
   425.000000000000       0.931361242971719     
   426.000000000000       0.931362088853877     
   427.000000000000       0.931362931397296     
   428.000000000000       0.931363770622958     
   429.000000000000       0.931364606552087     
   430.000000000000       0.931365439206128     
   431.000000000000       0.931366268605533     
   432.000000000000       0.931367094771867     
   433.000000000000       0.931367917725300     
   434.000000000000       0.931368737486202     
   435.000000000000       0.931369554074307     
   436.000000000000       0.931370367510275     
   437.000000000000       0.931371177813873     
   438.000000000000       0.931371985004574     
   439.000000000000       0.931372789102237     
   440.000000000000       0.931373590126507     
   441.000000000000       0.931374388095112     
   442.000000000000       0.931375183028597     
   443.000000000000       0.931375974945814     
   444.000000000000       0.931376763864499     
   445.000000000000       0.931377549803808     
   446.000000000000       0.931378332781575     
   447.000000000000       0.931379112816507     
   448.000000000000       0.931379889926762     
   449.000000000000       0.931380664130162     
   450.000000000000       0.931381435443968     
   451.000000000000       0.931382203886529     
   452.000000000000       0.931382969474521     
   453.000000000000       0.931383732225513     
   454.000000000000       0.931384492157297     
   455.000000000000       0.931385249286408     
   456.000000000000       0.931386003630160     
   457.000000000000       0.931386755204654     
   458.000000000000       0.931387504026491     
   459.000000000000       0.931388250112571     
   460.000000000000       0.931388993478889     
   461.000000000000       0.931389734141691     
   462.000000000000       0.931390472117017     
   463.000000000000       0.931391207421406     
   464.000000000000       0.931391940069850     
   465.000000000000       0.931392670078554     
   466.000000000000       0.931393397462547     
   467.000000000000       0.931394122238136     
   468.000000000000       0.931394844420026     
   469.000000000000       0.931395564023111     
   470.000000000000       0.931396281061998     
   471.000000000000       0.931396995552613     
   472.000000000000       0.931397707510192     
   473.000000000000       0.931398416948192     
   474.000000000000       0.931399123882165     
   475.000000000000       0.931399828325351     
   476.000000000000       0.931400530292877     
   477.000000000000       0.931401229798736     
   478.000000000000       0.931401926857755     
   479.000000000000       0.931402621483119     
   480.000000000000       0.931403313689036     
   481.000000000000       0.931404003489428     
   482.000000000000       0.931404690897419     
   483.000000000000       0.931405375926603     
   484.000000000000       0.931406058590422     
   485.000000000000       0.931406738903285     
   486.000000000000       0.931407416877362     
   487.000000000000       0.931408092526292     
   488.000000000000       0.931408765862709     
   489.000000000000       0.931409436899709     
   490.000000000000       0.931410105650296     
   491.000000000000       0.931410772127054     
   492.000000000000       0.931411436342595     
   493.000000000000       0.931412098309495     
   494.000000000000       0.931412758040322     
   495.000000000000       0.931413415547036     
   496.000000000000       0.931414070842491     
   497.000000000000       0.931414723938126     
   498.000000000000       0.931415374846720     
   499.000000000000       0.931416023579761     
   500.000000000000       0.931416670149445     
   501.000000000000       0.931417314567423     
   502.000000000000       0.931417956845968     
   503.000000000000       0.931418596995673     
   504.000000000000       0.931419235028505     
   505.000000000000       0.931419870956137     
   506.000000000000       0.931420504789161     
   507.000000000000       0.931421136539692     
   508.000000000000       0.931421766218872     
   509.000000000000       0.931422393837819     
   510.000000000000       0.931423019406956     
   511.000000000000       0.931423642937916     
   512.000000000000       0.931424264441161     
   513.000000000000       0.931424883927582     
   514.000000000000       0.931425501407745     
   515.000000000000       0.931426116892827     
   516.000000000000       0.931426730392544     
   517.000000000000       0.931427341917820     
   518.000000000000       0.931427951479157     
   519.000000000000       0.931428559087064     
   520.000000000000       0.931429164751255     
   521.000000000000       0.931429768481593     
   522.000000000000       0.931430370288618     
   523.000000000000       0.931430970183365     
   524.000000000000       0.931431568174484     
   525.000000000000       0.931432164271940     
   526.000000000000       0.931432758485677     
   527.000000000000       0.931433350825559     
   528.000000000000       0.931433941301317     
   529.000000000000       0.931434529922644     
   530.000000000000       0.931435116698967     
   531.000000000000       0.931435701639241     
   532.000000000000       0.931436284753583     
   533.000000000000       0.931436866051093     
   534.000000000000       0.931437445541558     
   535.000000000000       0.931438023233009     
   536.000000000000       0.931438599134807     
   537.000000000000       0.931439173256781     
   538.000000000000       0.931439745607654     
   539.000000000000       0.931440316196081     
   540.000000000000       0.931440885031274     
   541.000000000000       0.931441452121625     
   542.000000000000       0.931442017476784     
   543.000000000000       0.931442581104389     
   544.000000000000       0.931443143013266     
   545.000000000000       0.931443703212380     
   546.000000000000       0.931444261710237     
   547.000000000000       0.931444818515222     
   548.000000000000       0.931445373635464     
   549.000000000000       0.931445927079036     
   550.000000000000       0.931446478855203     
   551.000000000000       0.931447028971463     
   552.000000000000       0.931447577436258     
   553.000000000000       0.931448124258110     
   554.000000000000       0.931448669444285     
   555.000000000000       0.931449213002856     
   556.000000000000       0.931449754942385     
   557.000000000000       0.931450295270795     
   558.000000000000       0.931450833994685     
   559.000000000000       0.931451371123391     
   560.000000000000       0.931451906663565     
   561.000000000000       0.931452440622978     
   562.000000000000       0.931452973010001     
   563.000000000000       0.931453503832021     
   564.000000000000       0.931454033096102     
   565.000000000000       0.931454560810213     
   566.000000000000       0.931455086980975     
   567.000000000000       0.931455611616721     
   568.000000000000       0.931456134724898     
   569.000000000000       0.931456656312031     
   570.000000000000       0.931457176385427     
   571.000000000000       0.931457694952480     
   572.000000000000       0.931458212020012     
   573.000000000000       0.931458727595810     
   574.000000000000       0.931459241686749     
   575.000000000000       0.931459754299468     
   576.000000000000       0.931460265441136     
   577.000000000000       0.931460775118570     
   578.000000000000       0.931461283338902     
   579.000000000000       0.931461790108534     
   580.000000000000       0.931462295434458     
   581.000000000000       0.931462799323329     
   582.000000000000       0.931463301781740     
   583.000000000000       0.931463802817038     
   584.000000000000       0.931464302435445     
   585.000000000000       0.931464800643516     
   586.000000000000       0.931465297446798     
   587.000000000000       0.931465792852654     
   588.000000000000       0.931466286868196     
   589.000000000000       0.931466779498661     
   590.000000000000       0.931467270750757     
   591.000000000000       0.931467760631323     
   592.000000000000       0.931468249145878     
   593.000000000000       0.931468736301366     
   594.000000000000       0.931469222103928     
   595.000000000000       0.931469706558744     
   596.000000000000       0.931470189672213     
   597.000000000000       0.931470671451604     
   598.000000000000       0.931471151901752     
   599.000000000000       0.931471631028936     
   600.000000000000       0.931472108839448     
   601.000000000000       0.931472585338744     
   602.000000000000       0.931473060533095     
   603.000000000000       0.931473534428655     
   604.000000000000       0.931474007031057     
   605.000000000000       0.931474478344940     
   606.000000000000       0.931474948377250     
   607.000000000000       0.931475417133565     
   608.000000000000       0.931475884619151     
   609.000000000000       0.931476350840131     
   610.000000000000       0.931476815801956     
   611.000000000000       0.931477279510073     
   612.000000000000       0.931477741969992     
   613.000000000000       0.931478203187629     
   614.000000000000       0.931478663167850     
   615.000000000000       0.931479121916271     
   616.000000000000       0.931479579438625     
   617.000000000000       0.931480035739869     
   618.000000000000       0.931480490825429     
   619.000000000000       0.931480944700856     
   620.000000000000       0.931481397371623     
   621.000000000000       0.931481848842427     
   622.000000000000       0.931482299118408     
   623.000000000000       0.931482748205139     
   624.000000000000       0.931483196107449     
   625.000000000000       0.931483642831119     
   626.000000000000       0.931484088380251     
   627.000000000000       0.931484532760750     
   628.000000000000       0.931484975977478     
   629.000000000000       0.931485418034884     
   630.000000000000       0.931485858938245     
   631.000000000000       0.931486298692788     
   632.000000000000       0.931486737303031     
   633.000000000000       0.931487174774230     
   634.000000000000       0.931487611111095     
   635.000000000000       0.931488046318027     
   636.000000000000       0.931488480400287     
   637.000000000000       0.931488913362667     
   638.000000000000       0.931489345209474     
   639.000000000000       0.931489775946144     
   640.000000000000       0.931490205576340     
   641.000000000000       0.931490634105700     
   642.000000000000       0.931491061538427     
   643.000000000000       0.931491487879311     
   644.000000000000       0.931491913132232     
   645.000000000000       0.931492337302209     
   646.000000000000       0.931492760394323     
   647.000000000000       0.931493182412322     
   648.000000000000       0.931493603360735     
   649.000000000000       0.931494023244077     
   650.000000000000       0.931494442067168     
   651.000000000000       0.931494859834026     
   652.000000000000       0.931495276548932     
   653.000000000000       0.931495692216605     
   654.000000000000       0.931496106841125     
   655.000000000000       0.931496520426698     
   656.000000000000       0.931496932977501     
   657.000000000000       0.931497344498385     
   658.000000000000       0.931497754992802     
   659.000000000000       0.931498164465180     
   660.000000000000       0.931498572919767     
   661.000000000000       0.931498980360671     
   662.000000000000       0.931499386792519     
   663.000000000000       0.931499792218602     
   664.000000000000       0.931500196643607     
   665.000000000000       0.931500600071656     
   666.000000000000       0.931501002506480     
   667.000000000000       0.931501403951275     
   668.000000000000       0.931501804411313     
   669.000000000000       0.931502203889778     
   670.000000000000       0.931502602391233     
   671.000000000000       0.931502999919460     
   672.000000000000       0.931503396478105     
   673.000000000000       0.931503792071202     
   674.000000000000       0.931504186702302     
   675.000000000000       0.931504580375506     
   676.000000000000       0.931504973094673     
   677.000000000000       0.931505364863406     
   678.000000000000       0.931505755685016     
   679.000000000000       0.931506145564437     
   680.000000000000       0.931506534505092     
   681.000000000000       0.931506922509682     
   682.000000000000       0.931507309582950     
   683.000000000000       0.931507695727963     
   684.000000000000       0.931508080948716     
   685.000000000000       0.931508465248919     
   686.000000000000       0.931508848631958     
   687.000000000000       0.931509231101320     
   688.000000000000       0.931509612660970     
   689.000000000000       0.931509993313568     
   690.000000000000       0.931510373063965     
   691.000000000000       0.931510751915169     
   692.000000000000       0.931511129870023     
   693.000000000000       0.931511506932300     
   694.000000000000       0.931511883105479     
   695.000000000000       0.931512258393794     
   696.000000000000       0.931512632799715     
   697.000000000000       0.931513006327112     
   698.000000000000       0.931513378978897     
   699.000000000000       0.931513750759088     
   700.000000000000       0.931514121670035     
   701.000000000000       0.931514491716286     
   702.000000000000       0.931514860900500     
   703.000000000000       0.931515229225716     
   704.000000000000       0.931515596696425     
   705.000000000000       0.931515963314066     
   706.000000000000       0.931516329083031     
   707.000000000000       0.931516694006403     
   708.000000000000       0.931517058087830     
   709.000000000000       0.931517421329044     
   710.000000000000       0.931517783734454     
   711.000000000000       0.931518145306897     
   712.000000000000       0.931518506050401     
   713.000000000000       0.931518865966355     
   714.000000000000       0.931519225059443     
   715.000000000000       0.931519583331726     
   716.000000000000       0.931519940786113     
   717.000000000000       0.931520297426375     
   718.000000000000       0.931520653255193     
   719.000000000000       0.931521008276708     
   720.000000000000       0.931521362492300     
   721.000000000000       0.931521715905879     
   722.000000000000       0.931522068519936     
   723.000000000000       0.931522420337722     
   724.000000000000       0.931522771361837     
   725.000000000000       0.931523121595630     
   726.000000000000       0.931523471042279     
   727.000000000000       0.931523819704276     
   728.000000000000       0.931524167584338     
   729.000000000000       0.931524514685904     
   730.000000000000       0.931524861010980     
   731.000000000000       0.931525206563161     
   732.000000000000       0.931525551345328     
   733.000000000000       0.931525895359791     
   734.000000000000       0.931526238609604     
   735.000000000000       0.931526581097545     
   736.000000000000       0.931526922826390     
   737.000000000000       0.931527263798914     
   738.000000000000       0.931527604017768     
   739.000000000000       0.931527943485871     
   740.000000000000       0.931528282205788     
   741.000000000000       0.931528620180090     
   742.000000000000       0.931528957411553     
   743.000000000000       0.931529293903310     
   744.000000000000       0.931529629657663     
   745.000000000000       0.931529964676999     
   746.000000000000       0.931530298964884     
   747.000000000000       0.931530632522884     
   748.000000000000       0.931530965353620     
   749.000000000000       0.931531297460017     
   750.000000000000       0.931531628845308     
   751.000000000000       0.931531959510937     
   752.000000000000       0.931532289460500     
   753.000000000000       0.931532618695919     
   754.000000000000       0.931532947219679     
   755.000000000000       0.931533275034795     
   756.000000000000       0.931533602143333     
   757.000000000000       0.931533928547664     
   758.000000000000       0.931534254250842     
   759.000000000000       0.931534579255298     
   760.000000000000       0.931534903562909     
   761.000000000000       0.931535227176402     
   762.000000000000       0.931535550098656     
   763.000000000000       0.931535872331405     
   764.000000000000       0.931536193877255     
   765.000000000000       0.931536514738903     
   766.000000000000       0.931536834918449     
   767.000000000000       0.931537154418307     
   768.000000000000       0.931537473241080     
   769.000000000000       0.931537791389504     
   770.000000000000       0.931538108864734     
   771.000000000000       0.931538425669377     
   772.000000000000       0.931538741806858     
   773.000000000000       0.931539057278634     
   774.000000000000       0.931539372087045     
   775.000000000000       0.931539686234483     
   776.000000000000       0.931539999723058     
   777.000000000000       0.931540312555328     
   778.000000000000       0.931540624733808     
   779.000000000000       0.931540936259985     
   780.000000000000       0.931541247136466     
   781.000000000000       0.931541557365370     
   782.000000000000       0.931541866949087     
   783.000000000000       0.931542175889535     
   784.000000000000       0.931542484189283     
   785.000000000000       0.931542791850796     
   786.000000000000       0.931543098875717     
   787.000000000000       0.931543405265705     
   788.000000000000       0.931543711023901     
   789.000000000000       0.931544016151779     
   790.000000000000       0.931544320652475     
   791.000000000000       0.931544624526448     
   792.000000000000       0.931544927777183     
   793.000000000000       0.931545230406298     
   794.000000000000       0.931545532415812     
   795.000000000000       0.931545833807877     
   796.000000000000       0.931546134584841     
   797.000000000000       0.931546434748373     
   798.000000000000       0.931546734300799     
   799.000000000000       0.931547033243852     
   800.000000000000       0.931547331579592     
   801.000000000000       0.931547629310564     
   802.000000000000       0.931547926438750     
   803.000000000000       0.931548222965480     
   804.000000000000       0.931548518893043     
   805.000000000000       0.931548814223100     
   806.000000000000       0.931549108958521     
   807.000000000000       0.931549403100974     
   808.000000000000       0.931549696652156     
   809.000000000000       0.931549989613674     
   810.000000000000       0.931550281987955     
   811.000000000000       0.931550573776979     
   812.000000000000       0.931550864983011     
   813.000000000000       0.931551155606922     
   814.000000000000       0.931551445651451     
   815.000000000000       0.931551735118414     
   816.000000000000       0.931552024009359     
   817.000000000000       0.931552312326003     
   818.000000000000       0.931552600070424     
   819.000000000000       0.931552887244994     
   820.000000000000       0.931553173851211     
   821.000000000000       0.931553459891149     
   822.000000000000       0.931553745365920     
   823.000000000000       0.931554030278255     
   824.000000000000       0.931554314629445     
   825.000000000000       0.931554598421406     
   826.000000000000       0.931554881656049     
   827.000000000000       0.931555164335235     
   828.000000000000       0.931555446460621     
   829.000000000000       0.931555728033149     
   830.000000000000       0.931556009056227     
   831.000000000000       0.931556289530431     
   832.000000000000       0.931556569458093     
   833.000000000000       0.931556848840982     
   834.000000000000       0.931557127680585     
   835.000000000000       0.931557405978129     
   836.000000000000       0.931557683736096     
   837.000000000000       0.931557960955894     
   838.000000000000       0.931558237639680     
   839.000000000000       0.931558513789189     
   840.000000000000       0.931558789405327     
   841.000000000000       0.931559064490025     
   842.000000000000       0.931559339045345     
   843.000000000000       0.931559613072924     
   844.000000000000       0.931559886573933     
   845.000000000000       0.931560159550601     
   846.000000000000       0.931560432004056     
   847.000000000000       0.931560703936582     
   848.000000000000       0.931560975349425     
   849.000000000000       0.931561246244346     
   850.000000000000       0.931561516622647     
   851.000000000000       0.931561786486505     
   852.000000000000       0.931562055836725     
   853.000000000000       0.931562324675783     
   854.000000000000       0.931562593004695     
   855.000000000000       0.931562860825436     
   856.000000000000       0.931563128139154     
   857.000000000000       0.931563394947849     
   858.000000000000       0.931563661253128     
   859.000000000000       0.931563927056337     
   860.000000000000       0.931564192358467     
   861.000000000000       0.931564457161609     
   862.000000000000       0.931564721467635     
   863.000000000000       0.931564985278250     
   864.000000000000       0.931565248593937     
   865.000000000000       0.931565511416675     
   866.000000000000       0.931565773748036     
   867.000000000000       0.931566035590104     
   868.000000000000       0.931566296943494     
   869.000000000000       0.931566557810477     
   870.000000000000       0.931566818191993     
   871.000000000000       0.931567078089296     
   872.000000000000       0.931567337504139     
   873.000000000000       0.931567596438668     
   874.000000000000       0.931567854893462     
   875.000000000000       0.931568112870364     
   876.000000000000       0.931568370370581     
   877.000000000000       0.931568627395607     
   878.000000000000       0.931568883947539     
   879.000000000000       0.931569140026846     
   880.000000000000       0.931569395635567     
   881.000000000000       0.931569650775160     
   882.000000000000       0.931569905446428     
   883.000000000000       0.931570159650712     
   884.000000000000       0.931570413390571     
   885.000000000000       0.931570666666911     
   886.000000000000       0.931570919480371     
   887.000000000000       0.931571171833308     
   888.000000000000       0.931571423726512     
   889.000000000000       0.931571675161400     
   890.000000000000       0.931571926139791     
   891.000000000000       0.931572176662437     
   892.000000000000       0.931572426730975     
   893.000000000000       0.931572676347080     
   894.000000000000       0.931572925512130     
   895.000000000000       0.931573174226648     
   896.000000000000       0.931573422491952     
   897.000000000000       0.931573670310491     
   898.000000000000       0.931573917682633     
   899.000000000000       0.931574164610099     
   900.000000000000       0.931574411094183     
   901.000000000000       0.931574657136668     
   902.000000000000       0.931574902738149     
   903.000000000000       0.931575147900034     
   904.000000000000       0.931575392623318     
   905.000000000000       0.931575636909531     
   906.000000000000       0.931575880760753     
   907.000000000000       0.931576124177439     
   908.000000000000       0.931576367160734     
   909.000000000000       0.931576609712320     
   910.000000000000       0.931576851833238     
   911.000000000000       0.931577093525396     
   912.000000000000       0.931577334788848     
   913.000000000000       0.931577575625862     
   914.000000000000       0.931577816037328     
   915.000000000000       0.931578056024490     
   916.000000000000       0.931578295588578     
   917.000000000000       0.931578534730295     
   918.000000000000       0.931578773451235     
   919.000000000000       0.931579011753004     
   920.000000000000       0.931579249636932     
   921.000000000000       0.931579487103242     
   922.000000000000       0.931579724154191     
   923.000000000000       0.931579960790011     
   924.000000000000       0.931580197012794     
   925.000000000000       0.931580432823421     
   926.000000000000       0.931580668222881     
   927.000000000000       0.931580903212430     
   928.000000000000       0.931581137793464     
   929.000000000000       0.931581371966687     
   930.000000000000       0.931581605733220     
   931.000000000000       0.931581839094803     
   932.000000000000       0.931582072052363     
   933.000000000000       0.931582304607116     
   934.000000000000       0.931582536759989     
   935.000000000000       0.931582768512508     
   936.000000000000       0.931582999864818     
   937.000000000000       0.931583230819267     
   938.000000000000       0.931583461376553     
   939.000000000000       0.931583691537647     
   940.000000000000       0.931583921303722     
   941.000000000000       0.931584150675907     
   942.000000000000       0.931584379655030     
   943.000000000000       0.931584608242867     
   944.000000000000       0.931584836440323     
   945.000000000000       0.931585064247866     
   946.000000000000       0.931585291667171     
   947.000000000000       0.931585518699241     
   948.000000000000       0.931585745344992     
   949.000000000000       0.931585971606041     
   950.000000000000       0.931586197482703     
   951.000000000000       0.931586422976351     
   952.000000000000       0.931586648088107     
   953.000000000000       0.931586872818992     
   954.000000000000       0.931587097170331     
   955.000000000000       0.931587321142977     
   956.000000000000       0.931587544737534     
   957.000000000000       0.931587767955734     
   958.000000000000       0.931587990798418     
   959.000000000000       0.931588213266530     
   960.000000000000       0.931588435361235     
   961.000000000000       0.931588657083441     
   962.000000000000       0.931588878433976     
   963.000000000000       0.931589099414291     
   964.000000000000       0.931589320025076     
   965.000000000000       0.931589540267522     
   966.000000000000       0.931589760142398     
   967.000000000000       0.931589979651169     
   968.000000000000       0.931590198794322     
   969.000000000000       0.931590417573062     
   970.000000000000       0.931590635988708     
   971.000000000000       0.931590854042207     
   972.000000000000       0.931591071734006     
   973.000000000000       0.931591289065623     
   974.000000000000       0.931591506037425     
   975.000000000000       0.931591722650694     
   976.000000000000       0.931591938906783     
   977.000000000000       0.931592154806552     
   978.000000000000       0.931592370350212     
   979.000000000000       0.931592585539667     
   980.000000000000       0.931592800375729     
   981.000000000000       0.931593014858732     
   982.000000000000       0.931593228990405     
   983.000000000000       0.931593442771519     
   984.000000000000       0.931593656202057     
   985.000000000000       0.931593869284046     
   986.000000000000       0.931594082018313     
   987.000000000000       0.931594294405030     
   988.000000000000       0.931594506446431     
   989.000000000000       0.931594718142586     
   990.000000000000       0.931594929494038     
   991.000000000000       0.931595140502059     
   992.000000000000       0.931595351168112     
   993.000000000000       0.931595561492792     
   994.000000000000       0.931595771476559     
   995.000000000000       0.931595981121042     
   996.000000000000       0.931596190426765     
   997.000000000000       0.931596399394320     
   998.000000000000       0.931596608025380     
   999.000000000000       0.931596816319946     
   1000.00000000000       0.931597024279581     
   1001.00000000000       0.931597231904949     
   1002.00000000000       0.931597439196651     
   1003.00000000000       0.931597646156026     
   1004.00000000000       0.931597852783738     
   1005.00000000000       0.931598059081028     
   1006.00000000000       0.931598265047981     
   1007.00000000000       0.931598470686005     
   1008.00000000000       0.931598675996165     
   1009.00000000000       0.931598880978949     
   1010.00000000000       0.931599085635240     
   1011.00000000000       0.931599289965539     
   1012.00000000000       0.931599493971716     
   1013.00000000000       0.931599697653452     
   1014.00000000000       0.931599901012471     
   1015.00000000000       0.931600104049587     
   1016.00000000000       0.931600306765028     
   1017.00000000000       0.931600509159915     
   1018.00000000000       0.931600711235172     
   1019.00000000000       0.931600912991689     
   1020.00000000000       0.931601114429759     
   1021.00000000000       0.931601315550772     
   1022.00000000000       0.931601516355659     
   1023.00000000000       0.931601716845010     
   1024.00000000000       0.931601917019442     
   1025.00000000000       0.931602116880426     
   1026.00000000000       0.931602316427679     
   1027.00000000000       0.931602515663053     
   1028.00000000000       0.931602714586461     
   1029.00000000000       0.931602913199449     
   1030.00000000000       0.931603111502277     
   1031.00000000000       0.931603309496060     
   1032.00000000000       0.931603507182102     
   1033.00000000000       0.931603704560113     
   1034.00000000000       0.931603901631382     
   1035.00000000000       0.931604098396615     
   1036.00000000000       0.931604294856870     
   1037.00000000000       0.931604491012414     
   1038.00000000000       0.931604686864587     
   1039.00000000000       0.931604882413797     
   1040.00000000000       0.931605077661230     
   1041.00000000000       0.931605272607235     
   1042.00000000000       0.931605467252660     
   1043.00000000000       0.931605661598276     
   1044.00000000000       0.931605855644855     
   1045.00000000000       0.931606049393248     
   1046.00000000000       0.931606242844002     
   1047.00000000000       0.931606435997598     
   1048.00000000000       0.931606628855425     
   1049.00000000000       0.931606821418373     
   1050.00000000000       0.931607013686895     
   1051.00000000000       0.931607205661464     
   1052.00000000000       0.931607397342862     
   1053.00000000000       0.931607588731803     
   1054.00000000000       0.931607779829247     
   1055.00000000000       0.931607970635952     
   1056.00000000000       0.931608161152728     
   1057.00000000000       0.931608351380027     
   1058.00000000000       0.931608541318466     
   1059.00000000000       0.931608730968737     
   1060.00000000000       0.931608920332262     
   1061.00000000000       0.931609109408932     
   1062.00000000000       0.931609298200188     
   1063.00000000000       0.931609486706120     
   1064.00000000000       0.931609674927836     
   1065.00000000000       0.931609862865806     
   1066.00000000000       0.931610050520724     
   1067.00000000000       0.931610237893417     
   1068.00000000000       0.931610424984343     
   1069.00000000000       0.931610611794320     
   1070.00000000000       0.931610798324502     
   1071.00000000000       0.931610984575224     
   1072.00000000000       0.931611170547209     
   1073.00000000000       0.931611356240677     
   1074.00000000000       0.931611541656974     
   1075.00000000000       0.931611726796584     
   1076.00000000000       0.931611911660031     
   1077.00000000000       0.931612096248093     
   1078.00000000000       0.931612280561594     
   1079.00000000000       0.931612464600967     
   1080.00000000000       0.931612648366878     
   1081.00000000000       0.931612831860076     
   1082.00000000000       0.931613015081022     
   1083.00000000000       0.931613198031109     
   1084.00000000000       0.931613380710049     
   1085.00000000000       0.931613563119446     
   1086.00000000000       0.931613745259102     
   1087.00000000000       0.931613927130248     
   1088.00000000000       0.931614108733001     
   1089.00000000000       0.931614290068265     
   1090.00000000000       0.931614471137107     
   1091.00000000000       0.931614651939411     
   1092.00000000000       0.931614832476609     
   1093.00000000000       0.931615012748628     
   1094.00000000000       0.931615192756738     
   1095.00000000000       0.931615372501051     
   1096.00000000000       0.931615551982410     
   1097.00000000000       0.931615731201692     
   1098.00000000000       0.931615910159247     
   1099.00000000000       0.931616088855612     
   1100.00000000000       0.931616267291613     
   1101.00000000000       0.931616445467553     
   1102.00000000000       0.931616623384601     
   1103.00000000000       0.931616801043162     
   1104.00000000000       0.931616978443632     
   1105.00000000000       0.931617155586840     
   1106.00000000000       0.931617332473628     
   1107.00000000000       0.931617509103983     
   1108.00000000000       0.931617685478745     
   1109.00000000000       0.931617861598704     
   1110.00000000000       0.931618037464586     
   1111.00000000000       0.931618213076570     
   1112.00000000000       0.931618388435781     
   1113.00000000000       0.931618563542508     
   1114.00000000000       0.931618738397185     
   1115.00000000000       0.931618913000499     
   1116.00000000000       0.931619087353116     
   1117.00000000000       0.931619261455975     
   1118.00000000000       0.931619435309250     
   1119.00000000000       0.931619608913753     
   1120.00000000000       0.931619782269721     
   1121.00000000000       0.931619955377734     
   1122.00000000000       0.931620128238989     
   1123.00000000000       0.931620300853827     
   1124.00000000000       0.931620473222354     
   1125.00000000000       0.931620645345142     
   1126.00000000000       0.931620817223734     
   1127.00000000000       0.931620988857968     
   1128.00000000000       0.931621160247987     
   1129.00000000000       0.931621331395047     
   1130.00000000000       0.931621502300187     
   1131.00000000000       0.931621672963243     
   1132.00000000000       0.931621843384608     
   1133.00000000000       0.931622013564839     
   1134.00000000000       0.931622183504581     
   1135.00000000000       0.931622353204813     
   1136.00000000000       0.931622522666198     
   1137.00000000000       0.931622691888861     
   1138.00000000000       0.931622860873517     
   1139.00000000000       0.931623029620434     
   1140.00000000000       0.931623198130201     
   1141.00000000000       0.931623366403881     
   1142.00000000000       0.931623534441680     
   1143.00000000000       0.931623702244108     
   1144.00000000000       0.931623869811928     
   1145.00000000000       0.931624037145050     
   1146.00000000000       0.931624204244548     
   1147.00000000000       0.931624371111051     
   1148.00000000000       0.931624537744810     
   1149.00000000000       0.931624704146376     
   1150.00000000000       0.931624870316426     
   1151.00000000000       0.931625036255472     
   1152.00000000000       0.931625201964229     
   1153.00000000000       0.931625367442774     
   1154.00000000000       0.931625532691803     
   1155.00000000000       0.931625697711782     
   1156.00000000000       0.931625862503848     
   1157.00000000000       0.931626027067661     
   1158.00000000000       0.931626191404078     
   1159.00000000000       0.931626355513687     
   1160.00000000000       0.931626519397005     
   1161.00000000000       0.931626683053962     
   1162.00000000000       0.931626846486405     
   1163.00000000000       0.931627009693677     
   1164.00000000000       0.931627172676582     
   1165.00000000000       0.931627335436090     
   1166.00000000000       0.931627497971926     
   1167.00000000000       0.931627660285429     
   1168.00000000000       0.931627822376125     
   1169.00000000000       0.931627984244886     
   1170.00000000000       0.931628145892639     
   1171.00000000000       0.931628307319778     
   1172.00000000000       0.931628468526615     
   1173.00000000000       0.931628629513534     
   1174.00000000000       0.931628790281485     
   1175.00000000000       0.931628950830493     
   1176.00000000000       0.931629111160936     
   1177.00000000000       0.931629271273653     
   1178.00000000000       0.931629431168998     
   1179.00000000000       0.931629590847529     
   1180.00000000000       0.931629750309501     
   1181.00000000000       0.931629909555981     
   1182.00000000000       0.931630068586822     
   1183.00000000000       0.931630227402893     
   1184.00000000000       0.931630386004463     
   1185.00000000000       0.931630544392074     
   1186.00000000000       0.931630702566270     
   1187.00000000000       0.931630860527332     
   1188.00000000000       0.931631018275966     
   1189.00000000000       0.931631175812166     
   1190.00000000000       0.931631333137104     
   1191.00000000000       0.931631490250758     
   1192.00000000000       0.931631647153929     
   1193.00000000000       0.931631803846884     
   1194.00000000000       0.931631960330057     
   1195.00000000000       0.931632116603916     
   1196.00000000000       0.931632272668832     
   1197.00000000000       0.931632428525520     
   1198.00000000000       0.931632584174155     
   1199.00000000000       0.931632739615459     
   1200.00000000000       0.931632894849905     
   1201.00000000000       0.931633049877663     
   1202.00000000000       0.931633204699444     
   1203.00000000000       0.931633359315413     
   1204.00000000000       0.931633513726468     
   1205.00000000000       0.931633667932727     
   1206.00000000000       0.931633821934630     
   1207.00000000000       0.931633975732608     
   1208.00000000000       0.931634129327095     
   1209.00000000000       0.931634282718788     
   1210.00000000000       0.931634435908120     
   1211.00000000000       0.931634588895105     
   1212.00000000000       0.931634741680910     
   1213.00000000000       0.931634894265301     
   1214.00000000000       0.931635046648545     
   1215.00000000000       0.931635198831916     
   1216.00000000000       0.931635350815151     
   1217.00000000000       0.931635502599240     
   1218.00000000000       0.931635654184183     
   1219.00000000000       0.931635805570286     
   1220.00000000000       0.931635956758424     
   1221.00000000000       0.931636107748745     
   1222.00000000000       0.931636258541722     
   1223.00000000000       0.931636409137777     
   1224.00000000000       0.931636559537611     
   1225.00000000000       0.931636709741372     
   1226.00000000000       0.931636859749462     
   1227.00000000000       0.931637009562443     
   1228.00000000000       0.931637159180492     
   1229.00000000000       0.931637308603938     
   1230.00000000000       0.931637457833626     
   1231.00000000000       0.931637606870008     
   1232.00000000000       0.931637755713215     
   1233.00000000000       0.931637904363331     
   1234.00000000000       0.931638052821381     
   1235.00000000000       0.931638201087728     
   1236.00000000000       0.931638349162591     
   1237.00000000000       0.931638497046275     
   1238.00000000000       0.931638644739261     
   1239.00000000000       0.931638792242022     
   1240.00000000000       0.931638939554685     
   1241.00000000000       0.931639086677903     
   1242.00000000000       0.931639233612365     
   1243.00000000000       0.931639380358261     
   1244.00000000000       0.931639526915510     
   1245.00000000000       0.931639673284853     
   1246.00000000000       0.931639819467010     
   1247.00000000000       0.931639965462030     
   1248.00000000000       0.931640111270595     
   1249.00000000000       0.931640256892758     
   1250.00000000000       0.931640402328813     
   1251.00000000000       0.931640547579511     
   1252.00000000000       0.931640692645238     
   1253.00000000000       0.931640837526030     
   1254.00000000000       0.931640982222786     
   1255.00000000000       0.931641126735520     
   1256.00000000000       0.931641271064478     
   1257.00000000000       0.931641415210400     
   1258.00000000000       0.931641559173470     
   1259.00000000000       0.931641702953938     
   1260.00000000000       0.931641846552458     
   1261.00000000000       0.931641989969775     
   1262.00000000000       0.931642133205399     
   1263.00000000000       0.931642276260367     
   1264.00000000000       0.931642419134859     
   1265.00000000000       0.931642561828965     
   1266.00000000000       0.931642704343331     
   1267.00000000000       0.931642846678159     
   1268.00000000000       0.931642988834279     
   1269.00000000000       0.931643130811585     
   1270.00000000000       0.931643272610886     
   1271.00000000000       0.931643414232179     
   1272.00000000000       0.931643555675738     
   1273.00000000000       0.931643696942033     
   1274.00000000000       0.931643838031957     
   1275.00000000000       0.931643978945286     
   1276.00000000000       0.931644119682144     
   1277.00000000000       0.931644260243362     
   1278.00000000000       0.931644400629415     
   1279.00000000000       0.931644540840453     
   1280.00000000000       0.931644680876736     
   1281.00000000000       0.931644820738780     
   1282.00000000000       0.931644960427072     
   1283.00000000000       0.931645099941915     
   1284.00000000000       0.931645239283276     
   1285.00000000000       0.931645378452123     
   1286.00000000000       0.931645517448199     
   1287.00000000000       0.931645656271857     
   1288.00000000000       0.931645794923855     
   1289.00000000000       0.931645933404374     
   1290.00000000000       0.931646071713864     
   1291.00000000000       0.931646209852758     
   1292.00000000000       0.931646347821246     
   1293.00000000000       0.931646485619799     
   1294.00000000000       0.931646623248263     
   1295.00000000000       0.931646760707439     
   1296.00000000000       0.931646897997594     
   1297.00000000000       0.931647035119193     
   1298.00000000000       0.931647172072345     
   1299.00000000000       0.931647308857454     
   1300.00000000000       0.931647445474955     
   1301.00000000000       0.931647581925199     
   1302.00000000000       0.931647718208745     
   1303.00000000000       0.931647854325052     
   1304.00000000000       0.931647990275079     
   1305.00000000000       0.931648126059549     
   1306.00000000000       0.931648261678224     
   1307.00000000000       0.931648397131589     
   1308.00000000000       0.931648532419845     
   1309.00000000000       0.931648667543533     
   1310.00000000000       0.931648802502771     
   1311.00000000000       0.931648937298263     
   1312.00000000000       0.931649071930120     
   1313.00000000000       0.931649206398282     
   1314.00000000000       0.931649340703512     
   1315.00000000000       0.931649474846526     
   1316.00000000000       0.931649608826940     
   1317.00000000000       0.931649742645039     
   1318.00000000000       0.931649876301719     
   1319.00000000000       0.931650009797117     
   1320.00000000000       0.931650143131241     
   1321.00000000000       0.931650276304428     
   1322.00000000000       0.931650409317700     
   1323.00000000000       0.931650542170423     
   1324.00000000000       0.931650674863522     
   1325.00000000000       0.931650807396890     
   1326.00000000000       0.931650939771222     
   1327.00000000000       0.931651071987060     
   1328.00000000000       0.931651204044059     
   1329.00000000000       0.931651335942994     
   1330.00000000000       0.931651467683901     
   1331.00000000000       0.931651599267279     
   1332.00000000000       0.931651730693309     
   1333.00000000000       0.931651861962383     
   1334.00000000000       0.931651993074797     
   1335.00000000000       0.931652124030855     
   1336.00000000000       0.931652254831078     
   1337.00000000000       0.931652385475454     
   1338.00000000000       0.931652515964162     
   1339.00000000000       0.931652646297830     
   1340.00000000000       0.931652776476840     
   1341.00000000000       0.931652906501437     
   1342.00000000000       0.931653036371473     
   1343.00000000000       0.931653166087637     
   1344.00000000000       0.931653295650217     
   1345.00000000000       0.931653425059499     
   1346.00000000000       0.931653554315780     
   1347.00000000000       0.931653683419222     
   1348.00000000000       0.931653812370506     
   1349.00000000000       0.931653941169454     
   1350.00000000000       0.931654069816726     
   1351.00000000000       0.931654198312440     
   1352.00000000000       0.931654326656740     
   1353.00000000000       0.931654454850166     
   1354.00000000000       0.931654582892719     
   1355.00000000000       0.931654710785245     
   1356.00000000000       0.931654838527698     
   1357.00000000000       0.931654966120303     
   1358.00000000000       0.931655093563333     
   1359.00000000000       0.931655220857251     
   1360.00000000000       0.931655348002282     
   1361.00000000000       0.931655474998488     
   1362.00000000000       0.931655601846327     
   1363.00000000000       0.931655728546325     
   1364.00000000000       0.931655855098483     
   1365.00000000000       0.931655981503207     
   1366.00000000000       0.931656107760607     
   1367.00000000000       0.931656233871009     
   1368.00000000000       0.931656359835033     
   1369.00000000000       0.931656485652491     
   1370.00000000000       0.931656611323820     
   1371.00000000000       0.931656736849617     
   1372.00000000000       0.931656862229770     
   1373.00000000000       0.931656987464598     
   1374.00000000000       0.931657112554522     
   1375.00000000000       0.931657237499725     
   1376.00000000000       0.931657362300472     
   1377.00000000000       0.931657486956804     
   1378.00000000000       0.931657611469618     
   1379.00000000000       0.931657735838865     
   1380.00000000000       0.931657860064861     
   1381.00000000000       0.931657984147653     
   1382.00000000000       0.931658108087643     
   1383.00000000000       0.931658231885291     
   1384.00000000000       0.931658355540591     
   1385.00000000000       0.931658479054114     
   1386.00000000000       0.931658602425739     
   1387.00000000000       0.931658725655924     
   1388.00000000000       0.931658848745010     
   1389.00000000000       0.931658971692990     
   1390.00000000000       0.931659094500667     
   1391.00000000000       0.931659217167600     
   1392.00000000000       0.931659339694721     
   1393.00000000000       0.931659462082100     
   1394.00000000000       0.931659584329776     
   1395.00000000000       0.931659706438149     
   1396.00000000000       0.931659828407604     
   1397.00000000000       0.931659950237992     
   1398.00000000000       0.931660071929863     
   1399.00000000000       0.931660193483723     
   1400.00000000000       0.931660314899474     
   1401.00000000000       0.931660436177356     
   1402.00000000000       0.931660557317755     
   1403.00000000000       0.931660678321079     
   1404.00000000000       0.931660799187451     
   1405.00000000000       0.931660919916953     
   1406.00000000000       0.931661040510062     
   1407.00000000000       0.931661160966932     
   1408.00000000000       0.931661281287792     
   1409.00000000000       0.931661401472965     
   1410.00000000000       0.931661521522777     
   1411.00000000000       0.931661641437072     
   1412.00000000000       0.931661761216674     
   1413.00000000000       0.931661880861802     
   1414.00000000000       0.931662000372206     
   1415.00000000000       0.931662119748359     
   1416.00000000000       0.931662238990649     
   1417.00000000000       0.931662358099275     
   1418.00000000000       0.931662477074477     
   1419.00000000000       0.931662595916199     
   1420.00000000000       0.931662714625041     
   1421.00000000000       0.931662833201247     
   1422.00000000000       0.931662951644987     
   1423.00000000000       0.931663069956673     
   1424.00000000000       0.931663188136130     
   1425.00000000000       0.931663306183784     
   1426.00000000000       0.931663424100041     
   1427.00000000000       0.931663541884949     
   1428.00000000000       0.931663659538860     
   1429.00000000000       0.931663777062151     
   1430.00000000000       0.931663894454846     
   1431.00000000000       0.931664011717153     
   1432.00000000000       0.931664128849321     
   1433.00000000000       0.931664245851878     
   1434.00000000000       0.931664362724822     
   1435.00000000000       0.931664479468126     
   1436.00000000000       0.931664596082545     
   1437.00000000000       0.931664712568078     
   1438.00000000000       0.931664828924923     
   1439.00000000000       0.931664945153247     
   1440.00000000000       0.931665061253436     
   1441.00000000000       0.931665177225860     
   1442.00000000000       0.931665293070472     
   1443.00000000000       0.931665408787639     
   1444.00000000000       0.931665524377509     
   1445.00000000000       0.931665639840425     
   1446.00000000000       0.931665755176304     
   1447.00000000000       0.931665870385777     
   1448.00000000000       0.931665985468887     
   1449.00000000000       0.931666100425948     
   1450.00000000000       0.931666215257186     
   1451.00000000000       0.931666329962715     
   1452.00000000000       0.931666444542786     
   1453.00000000000       0.931666558997675     
   1454.00000000000       0.931666673327751     
   1455.00000000000       0.931666787532989     
   1456.00000000000       0.931666901613649     
   1457.00000000000       0.931667015570165     
   1458.00000000000       0.931667129402458     
   1459.00000000000       0.931667243110780     
   1460.00000000000       0.931667356695674     
   1461.00000000000       0.931667470157089     
   1462.00000000000       0.931667583495257     
   1463.00000000000       0.931667696710441     
   1464.00000000000       0.931667809802964     
   1465.00000000000       0.931667922772912     
   1466.00000000000       0.931668035620794     
   1467.00000000000       0.931668148346372     
   1468.00000000000       0.931668260950379     
   1469.00000000000       0.931668373432421     
   1470.00000000000       0.931668485792959     
   1471.00000000000       0.931668598032220     
   1472.00000000000       0.931668710150777     
   1473.00000000000       0.931668822148326     
   1474.00000000000       0.931668934025435     
   1475.00000000000       0.931669045782089     
   1476.00000000000       0.931669157418596     
   1477.00000000000       0.931669268935460     
   1478.00000000000       0.931669380332140     
   1479.00000000000       0.931669491609553     
   1480.00000000000       0.931669602767808     
   1481.00000000000       0.931669713806788     
   1482.00000000000       0.931669824726864     
   1483.00000000000       0.931669935528349     
   1484.00000000000       0.931670046211215     
   1485.00000000000       0.931670156775964     
   1486.00000000000       0.931670267222778     
   1487.00000000000       0.931670377551591     
   1488.00000000000       0.931670487762920     
   1489.00000000000       0.931670597856759     
   1490.00000000000       0.931670707833388     
   1491.00000000000       0.931670817692885     
   1492.00000000000       0.931670927435771     
   1493.00000000000       0.931671037061947     
   1494.00000000000       0.931671146571764     
   1495.00000000000       0.931671255965385     
   1496.00000000000       0.931671365243039     
   1497.00000000000       0.931671474404827     
   1498.00000000000       0.931671583451044     
   1499.00000000000       0.931671692382005     
   1500.00000000000       0.931671801197879     
   1501.00000000000       0.931671909898632     
   1502.00000000000       0.931672018484545     
   1503.00000000000       0.931672126956015     
   1504.00000000000       0.931672235313083     
   1505.00000000000       0.931672343555857     
   1506.00000000000       0.931672451684562     
   1507.00000000000       0.931672559699640     
   1508.00000000000       0.931672667601156     
   1509.00000000000       0.931672775389374     
   1510.00000000000       0.931672883064159     
   1511.00000000000       0.931672990626180     
   1512.00000000000       0.931673098075277     
   1513.00000000000       0.931673205411775     
   1514.00000000000       0.931673312635996     
   1515.00000000000       0.931673419747904     
   1516.00000000000       0.931673526747653     
   1517.00000000000       0.931673633635819     
   1518.00000000000       0.931673740412269     
   1519.00000000000       0.931673847077120     
   1520.00000000000       0.931673953630806     
   1521.00000000000       0.931674060073557     
   1522.00000000000       0.931674166405251     
   1523.00000000000       0.931674272626338     
   1524.00000000000       0.931674378737069     
   1525.00000000000       0.931674484737439     
   1526.00000000000       0.931674590627631     
   1527.00000000000       0.931674696407830     
   1528.00000000000       0.931674802078281     
   1529.00000000000       0.931674907639422     
   1530.00000000000       0.931675013091115     
   1531.00000000000       0.931675118433424     
   1532.00000000000       0.931675223666904     
   1533.00000000000       0.931675328791611     
   1534.00000000000       0.931675433807641     
   1535.00000000000       0.931675538715370     
   1536.00000000000       0.931675643514863     
   1537.00000000000       0.931675748206261     
   1538.00000000000       0.931675852789647     
   1539.00000000000       0.931675957265485     
   1540.00000000000       0.931676061633796     
   1541.00000000000       0.931676165894678     
   1542.00000000000       0.931676270048451     
   1543.00000000000       0.931676374095238     
   1544.00000000000       0.931676478035307     
   1545.00000000000       0.931676581868753     
   1546.00000000000       0.931676685595938     
   1547.00000000000       0.931676789216514     
   1548.00000000000       0.931676892731266     
   1549.00000000000       0.931676996140056     
   1550.00000000000       0.931677099443104     
   1551.00000000000       0.931677202640822     
   1552.00000000000       0.931677305733183     
   1553.00000000000       0.931677408720277     
   1554.00000000000       0.931677511602383     
   1555.00000000000       0.931677614379594     
   1556.00000000000       0.931677717052239     
   1557.00000000000       0.931677819620359     
   1558.00000000000       0.931677922084253     
   1559.00000000000       0.931678024444124     
   1560.00000000000       0.931678126700104     
   1561.00000000000       0.931678228852102     
   1562.00000000000       0.931678330900393     
   1563.00000000000       0.931678432845483     
   1564.00000000000       0.931678534687295     
   1565.00000000000       0.931678636426046     
   1566.00000000000       0.931678738061803     
   1567.00000000000       0.931678839594863     
   1568.00000000000       0.931678941025561     
   1569.00000000000       0.931679042353637     
   1570.00000000000       0.931679143579610     
   1571.00000000000       0.931679244703566     
   1572.00000000000       0.931679345725390     
   1573.00000000000       0.931679446645734     
   1574.00000000000       0.931679547464394     
   1575.00000000000       0.931679648181911     
   1576.00000000000       0.931679748798022     
   1577.00000000000       0.931679849313077     
   1578.00000000000       0.931679949727422     
   1579.00000000000       0.931680050040986     
   1580.00000000000       0.931680150254004     
   1581.00000000000       0.931680250366691     
   1582.00000000000       0.931680350379262     
   1583.00000000000       0.931680450291674     
   1584.00000000000       0.931680550104161     
   1585.00000000000       0.931680649817080     
   1586.00000000000       0.931680749430423     
   1587.00000000000       0.931680848944324     
   1588.00000000000       0.931680948359026     
   1589.00000000000       0.931681047674763     
   1590.00000000000       0.931681146891372     
   1591.00000000000       0.931681246009481     
   1592.00000000000       0.931681345029156     
   1593.00000000000       0.931681443950273     
   1594.00000000000       0.931681542772917     
   1595.00000000000       0.931681641497702     
   1596.00000000000       0.931681740124517     
   1597.00000000000       0.931681838653617     
   1598.00000000000       0.931681937085112     
   1599.00000000000       0.931682035419018     
   1600.00000000000       0.931682133655867     
   1601.00000000000       0.931682231795332     
   1602.00000000000       0.931682329838077     
   1603.00000000000       0.931682427783880     
   1604.00000000000       0.931682525633115     
   1605.00000000000       0.931682623385837     
   1606.00000000000       0.931682721042365     
   1607.00000000000       0.931682818602500     
   1608.00000000000       0.931682916066673     
   1609.00000000000       0.931683013435042     
   1610.00000000000       0.931683110707540     
   1611.00000000000       0.931683207884627     
   1612.00000000000       0.931683304966309     
   1613.00000000000       0.931683401952655     
   1614.00000000000       0.931683498844011     
   1615.00000000000       0.931683595640296     
   1616.00000000000       0.931683692341938     
   1617.00000000000       0.931683788948871     
   1618.00000000000       0.931683885461479     
   1619.00000000000       0.931683981879531     
   1620.00000000000       0.931684078203494     
   1621.00000000000       0.931684174433484     
   1622.00000000000       0.931684270569592     
   1623.00000000000       0.931684366612035     
   1624.00000000000       0.931684462560801     
   1625.00000000000       0.931684558416134     
   1626.00000000000       0.931684654178162     
   1627.00000000000       0.931684749847183     
   1628.00000000000       0.931684845423005     
   1629.00000000000       0.931684940906373     
   1630.00000000000       0.931685036296927     
   1631.00000000000       0.931685131594863     
   1632.00000000000       0.931685226800618     
   1633.00000000000       0.931685321914186     
   1634.00000000000       0.931685416935369     
   1635.00000000000       0.931685511864695     
   1636.00000000000       0.931685606702200     
   1637.00000000000       0.931685701448265     
   1638.00000000000       0.931685796102864     
   1639.00000000000       0.931685890666082     
   1640.00000000000       0.931685985137936     
   1641.00000000000       0.931686079518766     
   1642.00000000000       0.931686173808500     
   1643.00000000000       0.931686268007738     
   1644.00000000000       0.931686362116350     
   1645.00000000000       0.931686456134512     
   1646.00000000000       0.931686550062346     
   1647.00000000000       0.931686643899919     
   1648.00000000000       0.931686737647414     
   1649.00000000000       0.931686831304984     
   1650.00000000000       0.931686924872628     
   1651.00000000000       0.931687018350883     
   1652.00000000000       0.931687111739520     
   1653.00000000000       0.931687205039059     
   1654.00000000000       0.931687298249304     
   1655.00000000000       0.931687391370364     
   1656.00000000000       0.931687484402494     
   1657.00000000000       0.931687577345911     
   1658.00000000000       0.931687670200737     
   1659.00000000000       0.931687762967051     
   1660.00000000000       0.931687855645050     
   1661.00000000000       0.931687948234704     
   1662.00000000000       0.931688040736368     
   1663.00000000000       0.931688133149998     
   1664.00000000000       0.931688225475873     
   1665.00000000000       0.931688317714030     
   1666.00000000000       0.931688409864639     
   1667.00000000000       0.931688501927976     
   1668.00000000000       0.931688593904068     
   1669.00000000000       0.931688685792941     
   1670.00000000000       0.931688777594886     
   1671.00000000000       0.931688869309922     
   1672.00000000000       0.931688960938333     
   1673.00000000000       0.931689052479961     
   1674.00000000000       0.931689143935410     
   1675.00000000000       0.931689235304620     
   1676.00000000000       0.931689326587368     
   1677.00000000000       0.931689417784122     
   1678.00000000000       0.931689508895047     
   1679.00000000000       0.931689599920106     
   1680.00000000000       0.931689690859568     
   1681.00000000000       0.931689781713602     
   1682.00000000000       0.931689872482235     
   1683.00000000000       0.931689963165719     
   1684.00000000000       0.931690053763929     
   1685.00000000000       0.931690144277153     
   1686.00000000000       0.931690234705642     
   1687.00000000000       0.931690325049434     
   1688.00000000000       0.931690415308575     
   1689.00000000000       0.931690505483249     
   1690.00000000000       0.931690595573508     
   1691.00000000000       0.931690685579855     
   1692.00000000000       0.931690775502005     
   1693.00000000000       0.931690865340191     
   1694.00000000000       0.931690955094436     
   1695.00000000000       0.931691044765177     
   1696.00000000000       0.931691134352244     
   1697.00000000000       0.931691223855905     
   1698.00000000000       0.931691313276451     
   1699.00000000000       0.931691402613864     
   1700.00000000000       0.931691491868009     
   1701.00000000000       0.931691581039328     
   1702.00000000000       0.931691670127881     
   1703.00000000000       0.931691759133892     
   1704.00000000000       0.931691848057254     
   1705.00000000000       0.931691936898102     
   1706.00000000000       0.931692025656828     
   1707.00000000000       0.931692114333532     
   1708.00000000000       0.931692202927990     
   1709.00000000000       0.931692291440700     
   1710.00000000000       0.931692379871593     
   1711.00000000000       0.931692468220787     
   1712.00000000000       0.931692556488493     
   1713.00000000000       0.931692644674861     
   1714.00000000000       0.931692732779914     
   1715.00000000000       0.931692820803842     
   1716.00000000000       0.931692908746542     
   1717.00000000000       0.931692996608364     
   1718.00000000000       0.931693084389587     
   1719.00000000000       0.931693172090168     
   1720.00000000000       0.931693259710228     
   1721.00000000000       0.931693347249711     
   1722.00000000000       0.931693434708873     
   1723.00000000000       0.931693522088006     
   1724.00000000000       0.931693609386954     
   1725.00000000000       0.931693696606171     
   1726.00000000000       0.931693783745414     
   1727.00000000000       0.931693870805032     
   1728.00000000000       0.931693957785118     
   1729.00000000000       0.931694044685677     
   1730.00000000000       0.931694131506976     
   1731.00000000000       0.931694218249087     
   1732.00000000000       0.931694304911979     
   1733.00000000000       0.931694391495965     
   1734.00000000000       0.931694478001016     
   1735.00000000000       0.931694564427369     
   1736.00000000000       0.931694650775260     
   1737.00000000000       0.931694737044509     
   1738.00000000000       0.931694823235537     
   1739.00000000000       0.931694909348097     
   1740.00000000000       0.931694995382587     
   1741.00000000000       0.931695081339046     
   1742.00000000000       0.931695167217624     
   1743.00000000000       0.931695253018489     
   1744.00000000000       0.931695338741557     
   1745.00000000000       0.931695424387076     
   1746.00000000000       0.931695509955101     
   1747.00000000000       0.931695595445996     
   1748.00000000000       0.931695680859491     
   1749.00000000000       0.931695766195903     
   1750.00000000000       0.931695851455295     
   1751.00000000000       0.931695936637885     
   1752.00000000000       0.931696021743733     
   1753.00000000000       0.931696106772927     
   1754.00000000000       0.931696191725702     
   1755.00000000000       0.931696276601935     
   1756.00000000000       0.931696361401905     
   1757.00000000000       0.931696446125466     
   1758.00000000000       0.931696530773153     
   1759.00000000000       0.931696615345069     
   1760.00000000000       0.931696699840881     
   1761.00000000000       0.931696784260948     
   1762.00000000000       0.931696868605445     
   1763.00000000000       0.931696952874505     
   1764.00000000000       0.931697037068054     
   1765.00000000000       0.931697121186371     
   1766.00000000000       0.931697205229382     
   1767.00000000000       0.931697289197524     
   1768.00000000000       0.931697373090661     
   1769.00000000000       0.931697456908944     
   1770.00000000000       0.931697540652378     
   1771.00000000000       0.931697624321301     
   1772.00000000000       0.931697707915727     
   1773.00000000000       0.931697791435594     
   1774.00000000000       0.931697874881290     
   1775.00000000000       0.931697958252809     
   1776.00000000000       0.931698041550146     
   1777.00000000000       0.931698124773596     
   1778.00000000000       0.931698207923199     
   1779.00000000000       0.931698290999051     
   1780.00000000000       0.931698374001157     
   1781.00000000000       0.931698456929796     
   1782.00000000000       0.931698539784894     
   1783.00000000000       0.931698622566659     
   1784.00000000000       0.931698705275303     
   1785.00000000000       0.931698787910902     
   1786.00000000000       0.931698870473488     
   1787.00000000000       0.931698952963042     
   1788.00000000000       0.931699035379872     
   1789.00000000000       0.931699117724082     
   1790.00000000000       0.931699199995614     
   1791.00000000000       0.931699282194777     
   1792.00000000000       0.931699364321529     
   1793.00000000000       0.931699446375911     
   1794.00000000000       0.931699528358310     
   1795.00000000000       0.931699610268518     
   1796.00000000000       0.931699692106847     
   1797.00000000000       0.931699773873350     
   1798.00000000000       0.931699855568184     
   1799.00000000000       0.931699937191212     
   1800.00000000000       0.931700018742702     
   1801.00000000000       0.931700100222803     
   1802.00000000000       0.931700181631599     
   1803.00000000000       0.931700262969244     
   1804.00000000000       0.931700344235773     
   1805.00000000000       0.931700425431129     
   1806.00000000000       0.931700506555615     
   1807.00000000000       0.931700587609220     
   1808.00000000000       0.931700668592276     
   1809.00000000000       0.931700749504745     
   1810.00000000000       0.931700830346577     
   1811.00000000000       0.931700911118016     
   1812.00000000000       0.931700991819177     
   1813.00000000000       0.931701072450205     
   1814.00000000000       0.931701153011102     
   1815.00000000000       0.931701233390563     
   1816.00000000000       0.931701313385118     
   1817.00000000000       0.931701393576204     
   1818.00000000000       0.931701474652858     
   1819.00000000000       0.931701555179601     
   1820.00000000000       0.931701635338952     
   1821.00000000000       0.931701715319563     
   1822.00000000000       0.931701795212438     
   1823.00000000000       0.931701875052357     
   1824.00000000000       0.931701954847846     
   1825.00000000000       0.931702034597530     
   1826.00000000000       0.931702114296677     
   1827.00000000000       0.931702193940185     
   1828.00000000000       0.931702273523901     
   1829.00000000000       0.931702353044561     
   1830.00000000000       0.931702432499998     
   1831.00000000000       0.931702511888430     
   1832.00000000000       0.931702591209255     
   1833.00000000000       0.931702670461839     
   1834.00000000000       0.931702749645973     
   1835.00000000000       0.931702828761305     
   1836.00000000000       0.931702907808178     
   1837.00000000000       0.931702986786563     
   1838.00000000000       0.931703065696727     
   1839.00000000000       0.931703144538863     
   1840.00000000000       0.931703223312920     
   1841.00000000000       0.931703302019149     
   1842.00000000000       0.931703380657813     
   1843.00000000000       0.931703459228980     
   1844.00000000000       0.931703537732878     
   1845.00000000000       0.931703616169456     
   1846.00000000000       0.931703694539051     
   1847.00000000000       0.931703772841778     
   1848.00000000000       0.931703851077449     
   1849.00000000000       0.931703929246576     
   1850.00000000000       0.931704007349124     
   1851.00000000000       0.931704085385068     
   1852.00000000000       0.931704163354643     
   1853.00000000000       0.931704241257926     
   1854.00000000000       0.931704319094999     
   1855.00000000000       0.931704396865806     
   1856.00000000000       0.931704474570750     
   1857.00000000000       0.931704552209741     
   1858.00000000000       0.931704629782837     
   1859.00000000000       0.931704707290092     
   1860.00000000000       0.931704784731735     
   1861.00000000000       0.931704862107856     
   1862.00000000000       0.931704939418456     
   1863.00000000000       0.931705016663721     
   1864.00000000000       0.931705093843654     
   1865.00000000000       0.931705170958347     
   1866.00000000000       0.931705248007987     
   1867.00000000000       0.931705324992554     
   1868.00000000000       0.931705401912251     
   1869.00000000000       0.931705478766984     
   1870.00000000000       0.931705555556860     
   1871.00000000000       0.931705632282215     
   1872.00000000000       0.931705708942856     
   1873.00000000000       0.931705785539063     
   1874.00000000000       0.931705862070920     
   1875.00000000000       0.931705938538504     
   1876.00000000000       0.931706014941921     
   1877.00000000000       0.931706091281070     
   1878.00000000000       0.931706167556135     
   1879.00000000000       0.931706243767349     
   1880.00000000000       0.931706319914619     
   1881.00000000000       0.931706395998118     
   1882.00000000000       0.931706472017958     
   1883.00000000000       0.931706547974067     
   1884.00000000000       0.931706623866698     
   1885.00000000000       0.931706699695978     
   1886.00000000000       0.931706775461943     
   1887.00000000000       0.931706851164534     
   1888.00000000000       0.931706926804084     
   1889.00000000000       0.931707002380604     
   1890.00000000000       0.931707077893954     
   1891.00000000000       0.931707153344362     
   1892.00000000000       0.931707228732022     
   1893.00000000000       0.931707304057027     
   1894.00000000000       0.931707379319318     
   1895.00000000000       0.931707454518981     
   1896.00000000000       0.931707529656210     
   1897.00000000000       0.931707604731050     
   1898.00000000000       0.931707679743609     
   1899.00000000000       0.931707754693968     
   1900.00000000000       0.931707829582260     
   1901.00000000000       0.931707904408457     
   1902.00000000000       0.931707979172621     
   1903.00000000000       0.931708053874846     
   1904.00000000000       0.931708128515299     
   1905.00000000000       0.931708203093965     
   1906.00000000000       0.931708277611172     
   1907.00000000000       0.931708352066900     
   1908.00000000000       0.931708426461052     
   1909.00000000000       0.931708500793855     
   1910.00000000000       0.931708575065464     
   1911.00000000000       0.931708649275681     
   1912.00000000000       0.931708723424828     
   1913.00000000000       0.931708797512854     
   1914.00000000000       0.931708871540030     
   1915.00000000000       0.931708945506257     
   1916.00000000000       0.931709019411791     
   1917.00000000000       0.931709093256566     
   1918.00000000000       0.931709167040830     
   1919.00000000000       0.931709240764306     
   1920.00000000000       0.931709314427432     
   1921.00000000000       0.931709388030088     
   1922.00000000000       0.931709461572663     
   1923.00000000000       0.931709535054921     
   1924.00000000000       0.931709608477006     
   1925.00000000000       0.931709681838974     
   1926.00000000000       0.931709755141077     
   1927.00000000000       0.931709828383267     
   1928.00000000000       0.931709901565613     
   1929.00000000000       0.931709974688222     
   1930.00000000000       0.931710047751106     
   1931.00000000000       0.931710120754474     
   1932.00000000000       0.931710193698319     
   1933.00000000000       0.931710266582852     
   1934.00000000000       0.931710339408081     
   1935.00000000000       0.931710412174053     
   1936.00000000000       0.931710484880721     
   1937.00000000000       0.931710557528349     
   1938.00000000000       0.931710630116946     
   1939.00000000000       0.931710702646619     
   1940.00000000000       0.931710775117525     
   1941.00000000000       0.931710847529657     
   1942.00000000000       0.931710919883012     
   1943.00000000000       0.931710992177681     
   1944.00000000000       0.931711064413861     
   1945.00000000000       0.931711136591587     
   1946.00000000000       0.931711208710977     
   1947.00000000000       0.931711280772002     
   1948.00000000000       0.931711352774766     
   1949.00000000000       0.931711424719340     
   1950.00000000000       0.931711496605937     
   1951.00000000000       0.931711568434633     
   1952.00000000000       0.931711640205307     
   1953.00000000000       0.931711711918172     
   1954.00000000000       0.931711783573260     
   1955.00000000000       0.931711855170599     
   1956.00000000000       0.931711926710415     
   1957.00000000000       0.931711998192600     
   1958.00000000000       0.931712069617315     
   1959.00000000000       0.931712140984679     
   1960.00000000000       0.931712212294901     
   1961.00000000000       0.931712283547641     
   1962.00000000000       0.931712354743311     
   1963.00000000000       0.931712425881973     
   1964.00000000000       0.931712496963572     
   1965.00000000000       0.931712567988267     
   1966.00000000000       0.931712638956150     
   1967.00000000000       0.931712709867262     
   1968.00000000000       0.931712780721594     
   1969.00000000000       0.931712851519310     
   1970.00000000000       0.931712922260453     
   1971.00000000000       0.931712992945237     
   1972.00000000000       0.931713063573475     
   1973.00000000000       0.931713134145427     
   1974.00000000000       0.931713204661144     
   1975.00000000000       0.931713275120648     
   1976.00000000000       0.931713345524046     
   1977.00000000000       0.931713415871483     
   1978.00000000000       0.931713486162947     
   1979.00000000000       0.931713556398445     
   1980.00000000000       0.931713626578174     
   1981.00000000000       0.931713696702245     
   1982.00000000000       0.931713766770532     
   1983.00000000000       0.931713836783192     
   1984.00000000000       0.931713906740461     
   1985.00000000000       0.931713976642221     
   1986.00000000000       0.931714046488578     
   1987.00000000000       0.931714116279742     
   1988.00000000000       0.931714186015562     
   1989.00000000000       0.931714255696248     
   1990.00000000000       0.931714325321917     
   1991.00000000000       0.931714394892484     
   1992.00000000000       0.931714464408118     
   1993.00000000000       0.931714533868875     
   1994.00000000000       0.931714603274929     
   1995.00000000000       0.931714672626197     
   1996.00000000000       0.931714741922814     
   1997.00000000000       0.931714811164775     
   1998.00000000000       0.931714880352242     
   1999.00000000000       0.931714949485219     
   2000.00000000000       0.931715018563980     
