  0.000000000000000E+000   1.00000000000000     
   1.00000000000000       0.996635616020354     
   2.00000000000000       0.987355724989623     
   3.00000000000000       0.972496911341223     
   4.00000000000000       0.952393945005415     
   5.00000000000000       0.927375401994797     
   6.00000000000000       0.897767964713212     
   7.00000000000000       0.863899110876515     
   8.00000000000000       0.826098298077238     
   9.00000000000000       0.784697173199219     
   10.0000000000000       0.740029170356490     
   11.0000000000000       0.692428724585274     
   12.0000000000000       0.642230245518608     
   13.0000000000000       0.589766945168918     
   14.0000000000000       0.535369584061808     
   15.0000000000000       0.479365180486377     
   16.0000000000000       0.422075715689293     
   17.0000000000000       0.363816859003886     
   18.0000000000000       0.304896731589299     
   19.0000000000000       0.245614722725485     
   20.0000000000000       0.186260370034946     
   21.0000000000000       0.127112312021041     
   22.0000000000000       6.843732000299396E-002
   23.0000000000000       1.048941435568151E-002
   24.0000000000000      -4.649093069715438E-002
   25.0000000000000      -0.102277491255828     
   26.0000000000000      -0.156658904688062     
   27.0000000000000      -0.209439186697340     
   28.0000000000000      -0.260438153911464     
   29.0000000000000      -0.309491752808023     
   30.0000000000000      -0.356452295654860     
   31.0000000000000      -0.401188605480396     
   32.0000000000000      -0.443586071804225     
   33.0000000000000      -0.483546620132695     
   34.0000000000000      -0.520988597812044     
   35.0000000000000      -0.555846580054901     
   36.0000000000000      -0.588071099426816     
   37.0000000000000      -0.617628303257854     
   38.0000000000000      -0.644499542805212     
   39.0000000000000      -0.668680899130130     
   40.0000000000000      -0.690182649909089     
   41.0000000000000      -0.709028682498298     
   42.0000000000000      -0.725255857728409     
   43.0000000000000      -0.738913329969761     
   44.0000000000000      -0.750061828073149     
   45.0000000000000      -0.758772902821807     
   46.0000000000000      -0.765128145507715     
   47.0000000000000      -0.769218383246750     
   48.0000000000000      -0.771142855543908     
   49.0000000000000      -0.771008377595759     
   50.0000000000000      -0.768928494640428     
   51.0000000000000      -0.765022632620049     
   52.0000000000000      -0.759415249177843     
   53.0000000000000      -0.752234989949888     
   54.0000000000000      -0.743613853810852     
   55.0000000000000      -0.733686371659065     
   56.0000000000000      -0.722588801975601     
   57.0000000000000      -0.710458347311324     
   58.0000000000000      -0.697432394463575     
   59.0000000000000      -0.683647782021581     
   60.0000000000000      -0.669240097534026     
   61.0000000000000      -0.654343007472731     
   62.0000000000000      -0.639087621715396     
   63.0000000000000      -0.623601895198673     
   64.0000000000000      -0.608010067924257     
   65.0000000000000      -0.592432145441236     
   66.0000000000000      -0.576983420449084     
   67.0000000000000      -0.561774037122558     
   68.0000000000000      -0.546908598277389     
   69.0000000000000      -0.532485816472515     
   70.0000000000000      -0.518598208664936     
   71.0000000000000      -0.505331835033159     
   72.0000000000000      -0.492766081113831     
   73.0000000000000      -0.480973483421660     
   74.0000000000000      -0.470019597264428     
   75.0000000000000      -0.459962906518024     
   76.0000000000000      -0.450854773685355     
   77.0000000000000      -0.442739429645022     
   78.0000000000000      -0.435654001075249     
   79.0000000000000      -0.429628574650214     
   80.0000000000000      -0.424686295708840     
   81.0000000000000      -0.420843500237563     
   82.0000000000000      -0.418109877636690     
   83.0000000000000      -0.416488662910894     
   84.0000000000000      -0.415976855578734     
   85.0000000000000      -0.416565463795687     
   86.0000000000000      -0.418239770866297     
   87.0000000000000      -0.420979622547765     
   88.0000000000000      -0.424759732255224     
   89.0000000000000      -0.429550002530948     
   90.0000000000000      -0.435315859873722     
   91.0000000000000      -0.442018601299715     
   92.0000000000000      -0.449615749765108     
   93.0000000000000      -0.458061416876396     
   94.0000000000000      -0.467306670096540     
   95.0000000000000      -0.477299902968561     
   96.0000000000000      -0.487987205681910     
   97.0000000000000      -0.499312734635090     
   98.0000000000000      -0.511219078470998     
   99.0000000000000      -0.523647619401298     
   100.000000000000      -0.536538887475916     
   101.000000000000      -0.549832906802142     
   102.000000000000      -0.563469531571906     
   103.000000000000      -0.577388771109505     
   104.000000000000      -0.591531102017869     
   105.000000000000      -0.605837766857423     
   106.000000000000      -0.620251057666504     
   107.000000000000      -0.634714583987550     
   108.000000000000      -0.649173523944730     
   109.000000000000      -0.663574858270397     
   110.000000000000      -0.677867586063365     
   111.000000000000      -0.692002922407510     
   112.000000000000      -0.705934476866759     
   113.000000000000      -0.719618413209397     
   114.000000000000      -0.733013589602080     
   115.000000000000      -0.746081679840122     
   116.000000000000      -0.758787275066013     
   117.000000000000      -0.771097966741875     
   118.000000000000      -0.782984410523357     
   119.000000000000      -0.794420371982108     
   120.000000000000      -0.805382754001007     
   121.000000000000      -0.815851606950597     
   122.000000000000      -0.825810121626351     
   123.000000000000      -0.835244606194477     
   124.000000000000      -0.844144447258586     
   125.000000000000      -0.852502056410687     
   126.000000000000      -0.860312802487707     
   127.000000000000      -0.867574930988572     
   128.000000000000      -0.874289470957534     
   129.000000000000      -0.880460130855980     
   130.000000000000      -0.886093183788555     
   131.000000000000      -0.891197343648915     
   132.000000000000      -0.895783632587373     
   133.000000000000      -0.899865241385424     
   134.000000000000      -0.903457383153104     
   135.000000000000      -0.906577141931717     
   136.000000000000      -0.909243316610111     
   137.000000000000      -0.911476261714084     
   138.000000000000      -0.913297725449663     
   139.000000000000      -0.914730686518104     
   140.000000000000      -0.915799190038392     
   141.000000000000      -0.916528184036695     
   142.000000000000      -0.916943356778205     
   143.000000000000      -0.917070976328197     
   144.000000000000      -0.916937732544327     
   145.000000000000      -0.916570582802598     
   146.000000000000      -0.915996601575074     
   147.000000000000      -0.915242835068075     
   148.000000000000      -0.914336160947004     
   149.000000000000      -0.913303154256038     
   150.000000000000      -0.912169959461463     
   151.000000000000      -0.910962169622116     
   152.000000000000      -0.909704712515278     
   153.000000000000      -0.908421744614851     
   154.000000000000      -0.907136552649035     
   155.000000000000      -0.905871463528067     
   156.000000000000      -0.904647762269697     
   157.000000000000      -0.903485618609098     
   158.000000000000      -0.902404021824818     
   159.000000000000      -0.901420724368091     
   160.000000000000      -0.900552193736312     
   161.000000000000      -0.899813573084585     
   162.000000000000      -0.899218649932267     
   163.000000000000      -0.898779833372544     
   164.000000000000      -0.898508139066145     
   165.000000000000      -0.898413182349996     
   166.000000000000      -0.898503178675422     
   167.000000000000      -0.898784951638944     
   168.000000000000      -0.899263947763778     
   169.000000000000      -0.899944258237592     
   170.000000000000      -0.900828646718547     
   171.000000000000      -0.901918583368402     
   172.000000000000      -0.903214284189367     
   173.000000000000      -0.904714755787385     
   174.000000000000      -0.906417844614150     
   175.000000000000      -0.908320290785040     
   176.000000000000      -0.910417785511436     
   177.000000000000      -0.912705032229598     
   178.000000000000      -0.915175810460885     
   179.000000000000      -0.917823042480448     
   180.000000000000      -0.920638861834993     
   181.000000000000      -0.923614683791021     
   182.000000000000      -0.926741276768892     
   183.000000000000      -0.930008834856714     
   184.000000000000      -0.933407050482246     
   185.000000000000      -0.936925187356925     
   186.000000000000      -0.940552152800126     
   187.000000000000      -0.944276569584253     
   188.000000000000      -0.948086846444753     
   189.000000000000      -0.951971247427758     
   190.000000000000      -0.955917959260082     
   191.000000000000      -0.959915156950743     
   192.000000000000      -0.963951066853280     
   193.000000000000      -0.968014027437663     
   194.000000000000      -0.972092547048238     
   195.000000000000      -0.976175358938235     
   196.000000000000      -0.980251472906071     
   197.000000000000      -0.984310223866693     
   198.000000000000      -0.988341316732541     
   199.000000000000      -0.992334867980116     
   200.000000000000      -0.996281443325498     
   201.000000000000       -1.00017209192678     
   202.000000000000       -1.00399837658408     
   203.000000000000       -1.00775240039528     
   204.000000000000       -1.01142682938329     
   205.000000000000       -1.01501491159057     
   206.000000000000       -1.01851049219909     
   207.000000000000       -1.02190802520572     
   208.000000000000       -1.02520258125012     
   209.000000000000       -1.02838985215560     
   210.000000000000       -1.03146615181508     
   211.000000000000       -1.03442841400878     
   212.000000000000       -1.03727418681641     
   213.000000000000       -1.04000162423238     
   214.000000000000       -1.04260947467262     
   215.000000000000       -1.04509706699886     
   216.000000000000       -1.04746429376987     
   217.000000000000       -1.04971159235826     
   218.000000000000       -1.05183992365842     
   219.000000000000       -1.05385074903197     
   220.000000000000       -1.05574600522784     
   221.000000000000       -1.05752807792664     
   222.000000000000       -1.05919977365306     
   223.000000000000       -1.06076429070488     
   224.000000000000       -1.06222518884500     
   225.000000000000       -1.06358635839931     
   226.000000000000       -1.06485198850569     
   227.000000000000       -1.06602653514756     
   228.000000000000       -1.06711468871212     
   229.000000000000       -1.06812134169419     
   230.000000000000       -1.06905155627740     
   231.000000000000       -1.06991053239789     
   232.000000000000       -1.07070357601141     
   233.000000000000       -1.07143606815058     
   234.000000000000       -1.07211343448007     
   235.000000000000       -1.07274111591617     
   236.000000000000       -1.07332454000328     
   237.000000000000       -1.07386909359226     
   238.000000000000       -1.07438009649673     
   239.000000000000       -1.07486277664941     
   240.000000000000       -1.07532224641736     
   241.000000000000       -1.07576348057514     
   242.000000000000       -1.07619129557697     
   243.000000000000       -1.07661033060363     
   244.000000000000       -1.07702503000777     
   245.000000000000       -1.07743962761028     
   246.000000000000       -1.07785813245445     
   247.000000000000       -1.07828431644835     
   248.000000000000       -1.07872170348610     
   249.000000000000       -1.07917356045722     
   250.000000000000       -1.07964288971983     
   251.000000000000       -1.08013242342721     
   252.000000000000       -1.08064461927016     
   253.000000000000       -1.08118165800620     
   254.000000000000       -1.08174544232678     
   255.000000000000       -1.08233759741696     
   256.000000000000       -1.08295947274914     
   257.000000000000       -1.08361214545072     
   258.000000000000       -1.08429642477976     
   259.000000000000       -1.08501285803630     
   260.000000000000       -1.08576173743734     
   261.000000000000       -1.08654310827360     
   262.000000000000       -1.08735677787208     
   263.000000000000       -1.08820232567465     
   264.000000000000       -1.08907911395554     
   265.000000000000       -1.08998629948158     
   266.000000000000       -1.09092284563888     
   267.000000000000       -1.09188753532612     
   268.000000000000       -1.09287898414040     
   269.000000000000       -1.09389565415375     
   270.000000000000       -1.09493586781089     
   271.000000000000       -1.09599782224590     
   272.000000000000       -1.09707960355429     
   273.000000000000       -1.09817920131963     
   274.000000000000       -1.09929452293861     
   275.000000000000       -1.10042340804622     
   276.000000000000       -1.10156364259386     
   277.000000000000       -1.10271297288585     
   278.000000000000       -1.10386911913676     
   279.000000000000       -1.10502978885999     
   280.000000000000       -1.10619268966060     
   281.000000000000       -1.10735554174842     
   282.000000000000       -1.10851608975528     
   283.000000000000       -1.10967211417887     
   284.000000000000       -1.11082144204859     
   285.000000000000       -1.11196195714188     
   286.000000000000       -1.11309160935858     
   287.000000000000       -1.11420842358815     
   288.000000000000       -1.11531050768877     
   289.000000000000       -1.11639605991988     
   290.000000000000       -1.11746337545846     
   291.000000000000       -1.11851085234677     
   292.000000000000       -1.11953699651294     
   293.000000000000       -1.12054042621789     
   294.000000000000       -1.12151987558041     
   295.000000000000       -1.12247419753914     
   296.000000000000       -1.12340236591308     
   297.000000000000       -1.12430347692386     
   298.000000000000       -1.12517674985057     
   299.000000000000       -1.12602152718395     
   300.000000000000       -1.12683727395909     
   301.000000000000       -1.12762357663631     
   302.000000000000       -1.12838014121660     
   303.000000000000       -1.12910679096330     
   304.000000000000       -1.12980346342296     
   305.000000000000       -1.13047020711779     
   306.000000000000       -1.13110717760816     
   307.000000000000       -1.13171463329793     
   308.000000000000       -1.13229293068522     
   309.000000000000       -1.13284251943063     
   310.000000000000       -1.13336393694930     
   311.000000000000       -1.13385780289681     
   312.000000000000       -1.13432481325822     
   313.000000000000       -1.13476573440755     
   314.000000000000       -1.13518139684881     
   315.000000000000       -1.13557268900281     
   316.000000000000       -1.13594055075162     
   317.000000000000       -1.13628596710102     
   318.000000000000       -1.13660996167326     
   319.000000000000       -1.13691359038572     
   320.000000000000       -1.13719793502763     
   321.000000000000       -1.13746409708534     
   322.000000000000       -1.13771319152741     
   323.000000000000       -1.13794634089468     
   324.000000000000       -1.13816466940518     
   325.000000000000       -1.13836929741337     
   326.000000000000       -1.13856133593202     
   327.000000000000       -1.13874188154998     
   328.000000000000       -1.13891201145282     
   329.000000000000       -1.13907277887300     
   330.000000000000       -1.13922520867474     
   331.000000000000       -1.13937029339437     
   332.000000000000       -1.13950898943907     
   333.000000000000       -1.13964221375871     
   334.000000000000       -1.13977084069195     
   335.000000000000       -1.13989569929520     
   336.000000000000       -1.14001757085389     
   337.000000000000       -1.14013718687878     
   338.000000000000       -1.14025522728536     
   339.000000000000       -1.14037231905339     
   340.000000000000       -1.14048903506337     
   341.000000000000       -1.14060589340178     
   342.000000000000       -1.14072335683110     
   343.000000000000       -1.14084183271105     
   344.000000000000       -1.14096167306705     
   345.000000000000       -1.14108317508755     
   346.000000000000       -1.14120658174603     
   347.000000000000       -1.14133208282515     
   348.000000000000       -1.14145981603928     
   349.000000000000       -1.14158986852904     
   350.000000000000       -1.14172227842464     
   351.000000000000       -1.14185703674861     
   352.000000000000       -1.14199408935557     
   353.000000000000       -1.14213333917685     
   354.000000000000       -1.14227464846907     
   355.000000000000       -1.14241784133195     
   356.000000000000       -1.14256270619644     
   357.000000000000       -1.14270899854647     
   358.000000000000       -1.14285644357729     
   359.000000000000       -1.14300473905228     
   360.000000000000       -1.14315355806368     
   361.000000000000       -1.14330255195783     
   362.000000000000       -1.14345135313299     
   363.000000000000       -1.14359957796952     
   364.000000000000       -1.14374682960348     
   365.000000000000       -1.14389270080265     
   366.000000000000       -1.14403677665931     
   367.000000000000       -1.14417863735816     
   368.000000000000       -1.14431786073746     
   369.000000000000       -1.14445402490103     
   370.000000000000       -1.14458671060297     
   371.000000000000       -1.14471550366245     
   372.000000000000       -1.14483999713419     
   373.000000000000       -1.14495979349168     
   374.000000000000       -1.14507450655247     
   375.000000000000       -1.14518376340274     
   376.000000000000       -1.14528720605380     
   377.000000000000       -1.14538449308790     
   378.000000000000       -1.14547530102954     
   379.000000000000       -1.14555932569962     
   380.000000000000       -1.14563628329224     
   381.000000000000       -1.14570591143116     
   382.000000000000       -1.14576796994928     
   383.000000000000       -1.14582224164799     
   384.000000000000       -1.14586853278302     
   385.000000000000       -1.14590667353318     
   386.000000000000       -1.14593651820189     
   387.000000000000       -1.14595794540746     
   388.000000000000       -1.14597085801490     
   389.000000000000       -1.14597518306462     
   390.000000000000       -1.14597087145365     
   391.000000000000       -1.14595789762381     
   392.000000000000       -1.14593625901519     
   393.000000000000       -1.14590597553848     
   394.000000000000       -1.14586708882667     
   395.000000000000       -1.14581966151864     
   396.000000000000       -1.14576377633749     
   397.000000000000       -1.14569953521469     
   398.000000000000       -1.14562705822472     
   399.000000000000       -1.14554648258026     
   400.000000000000       -1.14545796145402     
   401.000000000000       -1.14536166287573     
   402.000000000000       -1.14525776847208     
   403.000000000000       -1.14514647229637     
   404.000000000000       -1.14502797951696     
   405.000000000000       -1.14490250520946     
   406.000000000000       -1.14477027302311     
   407.000000000000       -1.14463151396413     
   408.000000000000       -1.14448646506787     
   409.000000000000       -1.14433536820000     
   410.000000000000       -1.14417846876009     
   411.000000000000       -1.14401601452538     
   412.000000000000       -1.14384825440891     
   413.000000000000       -1.14367543736778     
   414.000000000000       -1.14349781123640     
   415.000000000000       -1.14331562171829     
   416.000000000000       -1.14312911131200     
   417.000000000000       -1.14293851840243     
   418.000000000000       -1.14274407629393     
   419.000000000000       -1.14254601241384     
   420.000000000000       -1.14234454746397     
   421.000000000000       -1.14213989474617     
   422.000000000000       -1.14193225944004     
   423.000000000000       -1.14172183805694     
   424.000000000000       -1.14150881784890     
   425.000000000000       -1.14129337639429     
   426.000000000000       -1.14107568113986     
   427.000000000000       -1.14085588911848     
   428.000000000000       -1.14063414662317     
   429.000000000000       -1.14041058905463     
   430.000000000000       -1.14018534072361     
   431.000000000000       -1.13995851482339     
   432.000000000000       -1.13973021335448     
   433.000000000000       -1.13950052721485     
   434.000000000000       -1.13926953623896     
   435.000000000000       -1.13903730939674     
   436.000000000000       -1.13880390493705     
   437.000000000000       -1.13856937068473     
   438.000000000000       -1.13833374427723     
   439.000000000000       -1.13809705354791     
   440.000000000000       -1.13785931684323     
   441.000000000000       -1.13762054347962     
   442.000000000000       -1.13738073412804     
   443.000000000000       -1.13713988133074     
   444.000000000000       -1.13689796993977     
   445.000000000000       -1.13665497767995     
   446.000000000000       -1.13641087562726     
   447.000000000000       -1.13616562880441     
   448.000000000000       -1.13591919668560     
   449.000000000000       -1.13567153381101     
   450.000000000000       -1.13542259030486     
   451.000000000000       -1.13517231249601     
   452.000000000000       -1.13492064343657     
   453.000000000000       -1.13466752351650     
   454.000000000000       -1.13441289097123     
   455.000000000000       -1.13415668247902     
   456.000000000000       -1.13389883364692     
   457.000000000000       -1.13363927958099     
   458.000000000000       -1.13337795534103     
   459.000000000000       -1.13311479647489     
   460.000000000000       -1.13284973943400     
   461.000000000000       -1.13258272206417     
   462.000000000000       -1.13231368397526     
   463.000000000000       -1.13204256698247     
   464.000000000000       -1.13176931542470     
   465.000000000000       -1.13149387655186     
   466.000000000000       -1.13121620078807     
   467.000000000000       -1.13093624206169     
   468.000000000000       -1.13065395801090     
   469.000000000000       -1.13036931025480     
   470.000000000000       -1.13008226454012     
   471.000000000000       -1.12979279095293     
   472.000000000000       -1.12950086400681     
   473.000000000000       -1.12920646279587     
   474.000000000000       -1.12890957102567     
   475.000000000000       -1.12861017710955     
   476.000000000000       -1.12830827414488     
   477.000000000000       -1.12800385995543     
   478.000000000000       -1.12769693701648     
   479.000000000000       -1.12738751244718     
   480.000000000000       -1.12707559788852     
   481.000000000000       -1.12676120945047     
   482.000000000000       -1.12644436754761     
   483.000000000000       -1.12612509680624     
   484.000000000000       -1.12580342586325     
   485.000000000000       -1.12547938723866     
   486.000000000000       -1.12515301710360     
   487.000000000000       -1.12482435512436     
   488.000000000000       -1.12449344420538     
   489.000000000000       -1.12416033031091     
   490.000000000000       -1.12382506218927     
   491.000000000000       -1.12348769117818     
   492.000000000000       -1.12314827091642     
   493.000000000000       -1.12280685713887     
   494.000000000000       -1.12246350738151     
   495.000000000000       -1.12211828077188     
   496.000000000000       -1.12177123773317     
   497.000000000000       -1.12142243977579     
   498.000000000000       -1.12107194920548     
   499.000000000000       -1.12071982892124     
   500.000000000000       -1.12036614213240     
   501.000000000000       -1.12001095216734     
   502.000000000000       -1.11965432220398     
   503.000000000000       -1.11929631509321     
   504.000000000000       -1.11893699310658     
   505.000000000000       -1.11857641777799     
   506.000000000000       -1.11821464967163     
   507.000000000000       -1.11785174824475     
   508.000000000000       -1.11748777163838     
   509.000000000000       -1.11712277656338     
   510.000000000000       -1.11675681811586     
   511.000000000000       -1.11638994968805     
   512.000000000000       -1.11602222280950     
   513.000000000000       -1.11565368708381     
   514.000000000000       -1.11528439005642     
   515.000000000000       -1.11491437717732     
   516.000000000000       -1.11454369169547     
   517.000000000000       -1.11417237464730     
   518.000000000000       -1.11380046477730     
   519.000000000000       -1.11342799855158     
   520.000000000000       -1.11305501010351     
   521.000000000000       -1.11268153127121     
   522.000000000000       -1.11230759156683     
   523.000000000000       -1.11193321823636     
   524.000000000000       -1.11155843625060     
   525.000000000000       -1.11118326838536     
   526.000000000000       -1.11080773523217     
   527.000000000000       -1.11043185529635     
   528.000000000000       -1.11005564502522     
   529.000000000000       -1.10967911892167     
   530.000000000000       -1.10930228958702     
   531.000000000000       -1.10892516784771     
   532.000000000000       -1.10854776281012     
   533.000000000000       -1.10817008199742     
   534.000000000000       -1.10779213141391     
   535.000000000000       -1.10741391568923     
   536.000000000000       -1.10703543814930     
   537.000000000000       -1.10665670096540     
   538.000000000000       -1.10627770522899     
   539.000000000000       -1.10589845110296     
   540.000000000000       -1.10551893789784     
   541.000000000000       -1.10513916422271     
   542.000000000000       -1.10475912806046     
   543.000000000000       -1.10437882691603     
   544.000000000000       -1.10399825788837     
   545.000000000000       -1.10361741781409     
   546.000000000000       -1.10323630333415     
   547.000000000000       -1.10285491103091     
   548.000000000000       -1.10247323748790     
   549.000000000000       -1.10209127941869     
   550.000000000000       -1.10170903371827     
   551.000000000000       -1.10132649758242     
   552.000000000000       -1.10094366854948     
   553.000000000000       -1.10056054460914     
   554.000000000000       -1.10017712423385     
   555.000000000000       -1.09979340647618     
   556.000000000000       -1.09940939098921     
   557.000000000000       -1.09902507811212     
   558.000000000000       -1.09864046887906     
   559.000000000000       -1.09825556509282     
   560.000000000000       -1.09787036932216     
   561.000000000000       -1.09748488496361     
   562.000000000000       -1.09709911622735     
   563.000000000000       -1.09671306818743     
   564.000000000000       -1.09632674675667     
   565.000000000000       -1.09594015872576     
   566.000000000000       -1.09555331172776     
   567.000000000000       -1.09516621426677     
   568.000000000000       -1.09477887567284     
   569.000000000000       -1.09439130612103     
   570.000000000000       -1.09400351657762     
   571.000000000000       -1.09361551881062     
   572.000000000000       -1.09322732532828     
   573.000000000000       -1.09283894938204     
   574.000000000000       -1.09245040489864     
   575.000000000000       -1.09206170647655     
   576.000000000000       -1.09167286931288     
   577.000000000000       -1.09128390919458     
   578.000000000000       -1.09089484242115     
   579.000000000000       -1.09050568579210     
   580.000000000000       -1.09011645652659     
   581.000000000000       -1.08972717224814     
   582.000000000000       -1.08933785090273     
   583.000000000000       -1.08894851074184     
   584.000000000000       -1.08855917023996     
   585.000000000000       -1.08816984807728     
   586.000000000000       -1.08778056305770     
   587.000000000000       -1.08739133409221     
   588.000000000000       -1.08700218011828     
   589.000000000000       -1.08661312008496     
   590.000000000000       -1.08622417287467     
   591.000000000000       -1.08583535729069     
   592.000000000000       -1.08544669198228     
   593.000000000000       -1.08505819543524     
   594.000000000000       -1.08466988590103     
   595.000000000000       -1.08428178139108     
   596.000000000000       -1.08389389961039     
   597.000000000000       -1.08350625795615     
   598.000000000000       -1.08311887345620     
   599.000000000000       -1.08273176277232     
   600.000000000000       -1.08234494214389     
   601.000000000000       -1.08195842739612     
   602.000000000000       -1.08157223388902     
   603.000000000000       -1.08118637653067     
   604.000000000000       -1.08080086973166     
   605.000000000000       -1.08041572742333     
   606.000000000000       -1.08003096301763     
   607.000000000000       -1.07964658943027     
   608.000000000000       -1.07926261904584     
   609.000000000000       -1.07887906374561     
   610.000000000000       -1.07849593487767     
   611.000000000000       -1.07811324328919     
   612.000000000000       -1.07773099930114     
   613.000000000000       -1.07734921274468     
   614.000000000000       -1.07696789294012     
   615.000000000000       -1.07658704873696     
   616.000000000000       -1.07620668849666     
   617.000000000000       -1.07582682013582     
   618.000000000000       -1.07544745111225     
   619.000000000000       -1.07506858847084     
   620.000000000000       -1.07469023883247     
   621.000000000000       -1.07431240844192     
   622.000000000000       -1.07393510315898     
   623.000000000000       -1.07355832850814     
   624.000000000000       -1.07318208967125     
   625.000000000000       -1.07280639153823     
   626.000000000000       -1.07243123870099     
   627.000000000000       -1.07205663550464     
   628.000000000000       -1.07168258604198     
   629.000000000000       -1.07130909420473     
   630.000000000000       -1.07093616367832     
   631.000000000000       -1.07056379799243     
   632.000000000000       -1.07019200051564     
   633.000000000000       -1.06982077450506     
   634.000000000000       -1.06945012310010     
   635.000000000000       -1.06908004937099     
   636.000000000000       -1.06871055631135     
   637.000000000000       -1.06834164688513     
   638.000000000000       -1.06797332401778     
   639.000000000000       -1.06760559064123     
   640.000000000000       -1.06723844968340     
   641.000000000000       -1.06687190411102     
   642.000000000000       -1.06650595691732     
   643.000000000000       -1.06614061116250     
   644.000000000000       -1.06577586995934     
   645.000000000000       -1.06541173651128     
   646.000000000000       -1.06504821409592     
   647.000000000000       -1.06468530610061     
   648.000000000000       -1.06432301600369     
   649.000000000000       -1.06396134740767     
   650.000000000000       -1.06360030401831     
   651.000000000000       -1.06323988967525     
   652.000000000000       -1.06288010832906     
   653.000000000000       -1.06252096406946     
   654.000000000000       -1.06216246110038     
   655.000000000000       -1.06180460376590     
   656.000000000000       -1.06144739652343     
   657.000000000000       -1.06109084396756     
   658.000000000000       -1.06073495080159     
   659.000000000000       -1.06037972185937     
   660.000000000000       -1.06002516207538     
   661.000000000000       -1.05967127650482     
   662.000000000000       -1.05931807029245     
   663.000000000000       -1.05896554869118     
   664.000000000000       -1.05861371702981     
   665.000000000000       -1.05826258073038     
   666.000000000000       -1.05791214527518     
   667.000000000000       -1.05756241622299     
   668.000000000000       -1.05721339917547     
   669.000000000000       -1.05686509979278     
   670.000000000000       -1.05651752375955     
   671.000000000000       -1.05617067679998     
   672.000000000000       -1.05582456464369     
   673.000000000000       -1.05547919304051     
   674.000000000000       -1.05513456772652     
   675.000000000000       -1.05479069443872     
   676.000000000000       -1.05444757888136     
   677.000000000000       -1.05410522674072     
   678.000000000000       -1.05376364365204     
   679.000000000000       -1.05342283521454     
   680.000000000000       -1.05308280695904     
   681.000000000000       -1.05274356436337     
   682.000000000000       -1.05240511282090     
   683.000000000000       -1.05206745765658     
   684.000000000000       -1.05173060409629     
   685.000000000000       -1.05139455728365     
   686.000000000000       -1.05105932225044     
   687.000000000000       -1.05072490393415     
   688.000000000000       -1.05039130714955     
   689.000000000000       -1.05005853660697     
   690.000000000000       -1.04972659688518     
   691.000000000000       -1.04939549245056     
   692.000000000000       -1.04906522763104     
   693.000000000000       -1.04873580663621     
   694.000000000000       -1.04840723353247     
   695.000000000000       -1.04807951226394     
   696.000000000000       -1.04775264662888     
   697.000000000000       -1.04742664030145     
   698.000000000000       -1.04710149680914     
   699.000000000000       -1.04677721955540     
   700.000000000000       -1.04645381179812     
   701.000000000000       -1.04613127667300     
   702.000000000000       -1.04580961717303     
   703.000000000000       -1.04548883617244     
   704.000000000000       -1.04516893640721     
   705.000000000000       -1.04484992049953     
   706.000000000000       -1.04453179093902     
   707.000000000000       -1.04421455010778     
   708.000000000000       -1.04389820026234     
   709.000000000000       -1.04358274355892     
   710.000000000000       -1.04326818203611     
   711.000000000000       -1.04295451764039     
   712.000000000000       -1.04264175220921     
   713.000000000000       -1.04232988749671     
   714.000000000000       -1.04201892515717     
   715.000000000000       -1.04170886677084     
   716.000000000000       -1.04139971382759     
   717.000000000000       -1.04109146775268     
   718.000000000000       -1.04078412989060     
   719.000000000000       -1.04047770153070     
   720.000000000000       -1.04017218389115     
   721.000000000000       -1.03986757814423     
   722.000000000000       -1.03956388540033     
   723.000000000000       -1.03926110673293     
   724.000000000000       -1.03895924316251     
   725.000000000000       -1.03865829568109     
   726.000000000000       -1.03835826523604     
   727.000000000000       -1.03805915275409     
   728.000000000000       -1.03776095912508     
   729.000000000000       -1.03746368522528     
   730.000000000000       -1.03716733190093     
   731.000000000000       -1.03687189999111     
   732.000000000000       -1.03657739031089     
   733.000000000000       -1.03628380367364     
   734.000000000000       -1.03599114087394     
   735.000000000000       -1.03569940270917     
   736.000000000000       -1.03540858996211     
   737.000000000000       -1.03511870342203     
   738.000000000000       -1.03482974386686     
   739.000000000000       -1.03454171208375     
   740.000000000000       -1.03425460885080     
   741.000000000000       -1.03396843495721     
   742.000000000000       -1.03368319118464     
   743.000000000000       -1.03339887832662     
   744.000000000000       -1.03311549716989     
   745.000000000000       -1.03283304851311     
   746.000000000000       -1.03255153314796     
   747.000000000000       -1.03227095187736     
   748.000000000000       -1.03199130549640     
   749.000000000000       -1.03171259481001     
   750.000000000000       -1.03143482061386     
   751.000000000000       -1.03115798371153     
   752.000000000000       -1.03088208489508     
   753.000000000000       -1.03060712496216     
   754.000000000000       -1.03033310469635     
   755.000000000000       -1.03006002488392     
   756.000000000000       -1.02978788629423     
   757.000000000000       -1.02951668969606     
   758.000000000000       -1.02924643583818     
   759.000000000000       -1.02897712546541     
   760.000000000000       -1.02870875929917     
   761.000000000000       -1.02844133805339     
   762.000000000000       -1.02817486241522     
   763.000000000000       -1.02790933306073     
   764.000000000000       -1.02764475063583     
   765.000000000000       -1.02738111577180     
   766.000000000000       -1.02711842906642     
   767.000000000000       -1.02685669109954     
   768.000000000000       -1.02659590241426     
   769.000000000000       -1.02633606353258     
   770.000000000000       -1.02607717493683     
   771.000000000000       -1.02581923708524     
   772.000000000000       -1.02556225039377     
   773.000000000000       -1.02530621525161     
   774.000000000000       -1.02505113200338     
   775.000000000000       -1.02479700096462     
   776.000000000000       -1.02454382240426     
   777.000000000000       -1.02429159656035     
   778.000000000000       -1.02404032362267     
   779.000000000000       -1.02379000374860     
   780.000000000000       -1.02354063704611     
   781.000000000000       -1.02329222358959     
   782.000000000000       -1.02304476340332     
   783.000000000000       -1.02279825647724     
   784.000000000000       -1.02255270275080     
   785.000000000000       -1.02230810212887     
   786.000000000000       -1.02206445446579     
   787.000000000000       -1.02182175958146     
   788.000000000000       -1.02158001724565     
   789.000000000000       -1.02133922719408     
   790.000000000000       -1.02109938911315     
   791.000000000000       -1.02086050265597     
   792.000000000000       -1.02062256742743     
   793.000000000000       -1.02038558300023     
   794.000000000000       -1.02014954890021     
   795.000000000000       -1.01991446462237     
   796.000000000000       -1.01968032961647     
   797.000000000000       -1.01944714330300     
   798.000000000000       -1.01921490505907     
   799.000000000000       -1.01898361423430     
   800.000000000000       -1.01875327013684     
   801.000000000000       -1.01852387204938     
   802.000000000000       -1.01829541921521     
   803.000000000000       -1.01806791085414     
   804.000000000000       -1.01784134614880     
   805.000000000000       -1.01761572426044     
   806.000000000000       -1.01739104431536     
   807.000000000000       -1.01716730542055     
   808.000000000000       -1.01694450665029     
   809.000000000000       -1.01672264706161     
   810.000000000000       -1.01650172568105     
   811.000000000000       -1.01628174151993     
   812.000000000000       -1.01606269356122     
   813.000000000000       -1.01584458077455     
   814.000000000000       -1.01562740210322     
   815.000000000000       -1.01541115647909     
   816.000000000000       -1.01519584280951     
   817.000000000000       -1.01498145999213     
   818.000000000000       -1.01476800690187     
   819.000000000000       -1.01455548240539     
   820.000000000000       -1.01434388534823     
   821.000000000000       -1.01413321456907     
   822.000000000000       -1.01392346888684     
   823.000000000000       -1.01371464711483     
   824.000000000000       -1.01350674804778     
   825.000000000000       -1.01329977047573     
   826.000000000000       -1.01309371317133     
   827.000000000000       -1.01288857490323     
   828.000000000000       -1.01268435442358     
   829.000000000000       -1.01248105048119     
   830.000000000000       -1.01227866180893     
   831.000000000000       -1.01207718713687     
   832.000000000000       -1.01187662517957     
   833.000000000000       -1.01167697464906     
   834.000000000000       -1.01147823424222     
   835.000000000000       -1.01128040265348     
   836.000000000000       -1.01108347856230     
   837.000000000000       -1.01088746064565     
   838.000000000000       -1.01069234756555     
   839.000000000000       -1.01049813798135     
   840.000000000000       -1.01030483053742     
   841.000000000000       -1.01011242387516     
   842.000000000000       -1.00992091662074     
   843.000000000000       -1.00973030739705     
   844.000000000000       -1.00954059481143     
   845.000000000000       -1.00935177746755     
   846.000000000000       -1.00916385395318     
   847.000000000000       -1.00897682285186     
   848.000000000000       -1.00879068273090     
   849.000000000000       -1.00860543215284     
   850.000000000000       -1.00842106966353     
   851.000000000000       -1.00823759380357     
   852.000000000000       -1.00805500309642     
   853.000000000000       -1.00787329605970     
   854.000000000000       -1.00769247119347     
   855.000000000000       -1.00751252699148     
   856.000000000000       -1.00733346192947     
   857.000000000000       -1.00715527447637     
   858.000000000000       -1.00697796308278     
   859.000000000000       -1.00680152619200     
   860.000000000000       -1.00662596222870     
   861.000000000000       -1.00645126960975     
   862.000000000000       -1.00627744673329     
   863.000000000000       -1.00610449198925     
   864.000000000000       -1.00593240374857     
   865.000000000000       -1.00576118037383     
   866.000000000000       -1.00559082020842     
   867.000000000000       -1.00542132158718     
   868.000000000000       -1.00525268282572     
   869.000000000000       -1.00508490223098     
   870.000000000000       -1.00491797809078     
   871.000000000000       -1.00475190868411     
   872.000000000000       -1.00458669227101     
   873.000000000000       -1.00442232710280     
   874.000000000000       -1.00425881141194     
   875.000000000000       -1.00409614342229     
   876.000000000000       -1.00393432133913     
   877.000000000000       -1.00377334335932     
   878.000000000000       -1.00361320766157     
   879.000000000000       -1.00345391241635     
   880.000000000000       -1.00329545577633     
   881.000000000000       -1.00313783588635     
   882.000000000000       -1.00298105087387     
   883.000000000000       -1.00282509885884     
   884.000000000000       -1.00266997794446     
   885.000000000000       -1.00251568622675     
   886.000000000000       -1.00236222178553     
   887.000000000000       -1.00220958269394     
   888.000000000000       -1.00205776700947     
   889.000000000000       -1.00190677278348     
   890.000000000000       -1.00175659805222     
   891.000000000000       -1.00160724084635     
   892.000000000000       -1.00145869918205     
   893.000000000000       -1.00131097107045     
   894.000000000000       -1.00116405450881     
   895.000000000000       -1.00101794748987     
   896.000000000000       -1.00087264799323     
   897.000000000000       -1.00072815399438     
   898.000000000000       -1.00058446345631     
   899.000000000000       -1.00044157433845     
   900.000000000000       -1.00029948458841     
   901.000000000000       -1.00015819215070     
   902.000000000000       -1.00001769495857     
   903.000000000000      -0.999877990942674     
   904.000000000000      -0.999739078023002     
   905.000000000000      -0.999600954117388     
   906.000000000000      -0.999463617133552     
   907.000000000000      -0.999327064977463     
   908.000000000000      -0.999191295545473     
   909.000000000000      -0.999056306732659     
   910.000000000000      -0.998922096424913     
   911.000000000000      -0.998788662507145     
   912.000000000000      -0.998656002855536     
   913.000000000000      -0.998524115345665     
   914.000000000000      -0.998392997844756     
   915.000000000000      -0.998262648219671     
   916.000000000000      -0.998133064329302     
   917.000000000000      -0.998004244032381     
   918.000000000000      -0.997876185180060     
   919.000000000000      -0.997748885623430     
   920.000000000000      -0.997622343206352     
   921.000000000000      -0.997496555772799     
   922.000000000000      -0.997371521159732     
   923.000000000000      -0.997247237204325     
   924.000000000000      -0.997123701736975     
   925.000000000000      -0.997000912588406     
   926.000000000000      -0.996878867582714     
   927.000000000000      -0.996757564544414     
   928.000000000000      -0.996637001291527     
   929.000000000000      -0.996517175642535     
   930.000000000000      -0.996398085409583     
   931.000000000000      -0.996279728405256     
   932.000000000000      -0.996162102435899     
   933.000000000000      -0.996045205308340     
   934.000000000000      -0.995929034823251     
   935.000000000000      -0.995813588781774     
   936.000000000000      -0.995698864978946     
   937.000000000000      -0.995584861210268     
   938.000000000000      -0.995471575265235     
   939.000000000000      -0.995359004933680     
   940.000000000000      -0.995247147999607     
   941.000000000000      -0.995136002247303     
   942.000000000000      -0.995025565455230     
   943.000000000000      -0.994915835402124     
   944.000000000000      -0.994806809860980     
   945.000000000000      -0.994698486604993     
   946.000000000000      -0.994590863401731     
   947.000000000000      -0.994483938018946     
   948.000000000000      -0.994377708218786     
   949.000000000000      -0.994272171763583     
   950.000000000000      -0.994167326410187     
   951.000000000000      -0.994063169915585     
   952.000000000000      -0.993959700031380     
   953.000000000000      -0.993856914509304     
   954.000000000000      -0.993754811095880     
   955.000000000000      -0.993653387537703     
   956.000000000000      -0.993552641576261     
   957.000000000000      -0.993452570953247     
   958.000000000000      -0.993353173405352     
   959.000000000000      -0.993254446669398     
   960.000000000000      -0.993156388477484     
   961.000000000000      -0.993058996561901     
   962.000000000000      -0.992962268650258     
   963.000000000000      -0.992866202470537     
   964.000000000000      -0.992770795746241     
   965.000000000000      -0.992676046201202     
   966.000000000000      -0.992581951555069     
   967.000000000000      -0.992488509527893     
   968.000000000000      -0.992395717835681     
   969.000000000000      -0.992303574195055     
   970.000000000000      -0.992212076318816     
   971.000000000000      -0.992121221920347     
   972.000000000000      -0.992031008709475     
   973.000000000000      -0.991941434396882     
   974.000000000000      -0.991852496689838     
   975.000000000000      -0.991764193296542     
   976.000000000000      -0.991676521922107     
   977.000000000000      -0.991589480272605     
   978.000000000000      -0.991503066051385     
   979.000000000000      -0.991417276962884     
   980.000000000000      -0.991332110708957     
   981.000000000000      -0.991247564992762     
   982.000000000000      -0.991163637515124     
   983.000000000000      -0.991080325978315     
   984.000000000000      -0.990997628082522     
   985.000000000000      -0.990915541529484     
   986.000000000000      -0.990834064019147     
   987.000000000000      -0.990753193253149     
   988.000000000000      -0.990672926931519     
   989.000000000000      -0.990593262756174     
   990.000000000000      -0.990514198427630     
   991.000000000000      -0.990435731648426     
   992.000000000000      -0.990357860119935     
   993.000000000000      -0.990280581545665     
   994.000000000000      -0.990203893628202     
   995.000000000000      -0.990127794072399     
   996.000000000000      -0.990052280582367     
   997.000000000000      -0.989977350864633     
   998.000000000000      -0.989903002625082     
   999.000000000000      -0.989829233572233     
   1000.00000000000      -0.989756041414199     
   1001.00000000000      -0.989683423861655     
   1002.00000000000      -0.989611378625224     
   1003.00000000000      -0.989539903418082     
   1004.00000000000      -0.989468995953505     
   1005.00000000000      -0.989398653947467     
   1006.00000000000      -0.989328875116242     
   1007.00000000000      -0.989259657178801     
   1008.00000000000      -0.989190997854584     
   1009.00000000000      -0.989122894865806     
   1010.00000000000      -0.989055345935299     
   1011.00000000000      -0.988988348788747     
   1012.00000000000      -0.988921901152547     
   1013.00000000000      -0.988856000756015     
   1014.00000000000      -0.988790645329307     
   1015.00000000000      -0.988725832605489     
   1016.00000000000      -0.988661560318681     
   1017.00000000000      -0.988597826205970     
   1018.00000000000      -0.988534628005496     
   1019.00000000000      -0.988471963458491     
   1020.00000000000      -0.988409830307331     
   1021.00000000000      -0.988348226297435     
   1022.00000000000      -0.988287149175571     
   1023.00000000000      -0.988226596691515     
   1024.00000000000      -0.988166566596513     
   1025.00000000000      -0.988107056644856     
   1026.00000000000      -0.988048064592377     
   1027.00000000000      -0.987989588197993     
   1028.00000000000      -0.987931625222240     
   1029.00000000000      -0.987874173428688     
   1030.00000000000      -0.987817230582767     
   1031.00000000000      -0.987760794452813     
   1032.00000000000      -0.987704862809157     
   1033.00000000000      -0.987649433425153     
   1034.00000000000      -0.987594504076085     
   1035.00000000000      -0.987540072540341     
   1036.00000000000      -0.987486136598346     
   1037.00000000000      -0.987432694033632     
   1038.00000000000      -0.987379742631846     
   1039.00000000000      -0.987327280181697     
   1040.00000000000      -0.987275304474225     
   1041.00000000000      -0.987223813303520     
   1042.00000000000      -0.987172804466000     
   1043.00000000000      -0.987122275761273     
   1044.00000000000      -0.987072224991295     
   1045.00000000000      -0.987022649961153     
   1046.00000000000      -0.986973548478581     
   1047.00000000000      -0.986924918354348     
   1048.00000000000      -0.986876757401975     
   1049.00000000000      -0.986829063437987     
   1050.00000000000      -0.986781834281848     
   1051.00000000000      -0.986735067756041     
   1052.00000000000      -0.986688761686002     
   1053.00000000000      -0.986642913900273     
   1054.00000000000      -0.986597522230594     
   1055.00000000000      -0.986552584511621     
   1056.00000000000      -0.986508098581304     
   1057.00000000000      -0.986464062280689     
   1058.00000000000      -0.986420473454159     
   1059.00000000000      -0.986377329949247     
   1060.00000000000      -0.986334629616949     
   1061.00000000000      -0.986292370311320     
   1062.00000000000      -0.986250549890071     
   1063.00000000000      -0.986209166214038     
   1064.00000000000      -0.986168217147776     
   1065.00000000000      -0.986127700558991     
   1066.00000000000      -0.986087614319187     
   1067.00000000000      -0.986047956303170     
   1068.00000000000      -0.986008724389590     
   1069.00000000000      -0.985969916460336     
   1070.00000000000      -0.985931530401370     
   1071.00000000000      -0.985893564101893     
   1072.00000000000      -0.985856015455271     
   1073.00000000000      -0.985818882358174     
   1074.00000000000      -0.985782162711465     
   1075.00000000000      -0.985745854419401     
   1076.00000000000      -0.985709955390592     
   1077.00000000000      -0.985674463536964     
   1078.00000000000      -0.985639376774907     
   1079.00000000000      -0.985604693024206     
   1080.00000000000      -0.985570410209233     
   1081.00000000000      -0.985536526257738     
   1082.00000000000      -0.985503039102113     
   1083.00000000000      -0.985469946678184     
   1084.00000000000      -0.985437246926626     
   1085.00000000000      -0.985404937791355     
   1086.00000000000      -0.985373017221373     
   1087.00000000000      -0.985341483168922     
   1088.00000000000      -0.985310333591438     
   1089.00000000000      -0.985279566449606     
   1090.00000000000      -0.985249179709288     
   1091.00000000000      -0.985219171339770     
   1092.00000000000      -0.985189539315475     
   1093.00000000000      -0.985160281614330     
   1094.00000000000      -0.985131396219486     
   1095.00000000000      -0.985102881117556     
   1096.00000000000      -0.985074734300547     
   1097.00000000000      -0.985046953763806     
   1098.00000000000      -0.985019537508238     
   1099.00000000000      -0.984992483538057     
   1100.00000000000      -0.984965789863121     
   1101.00000000000      -0.984939454496643     
   1102.00000000000      -0.984913475457526     
   1103.00000000000      -0.984887850767976     
   1104.00000000000      -0.984862578456020     
   1105.00000000000      -0.984837656552993     
   1106.00000000000      -0.984813083096079     
   1107.00000000000      -0.984788856125720     
   1108.00000000000      -0.984764973688419     
   1109.00000000000      -0.984741433833798     
   1110.00000000000      -0.984718234617625     
   1111.00000000000      -0.984695374098866     
   1112.00000000000      -0.984672850342629     
   1113.00000000000      -0.984650661417217     
   1114.00000000000      -0.984628805397133     
   1115.00000000000      -0.984607280360133     
   1116.00000000000      -0.984586084390091     
   1117.00000000000      -0.984565215574180     
   1118.00000000000      -0.984544672005890     
   1119.00000000000      -0.984524451781804     
   1120.00000000000      -0.984504553004969     
   1121.00000000000      -0.984484973781544     
   1122.00000000000      -0.984465712224217     
   1123.00000000000      -0.984446766448636     
   1124.00000000000      -0.984428134577129     
   1125.00000000000      -0.984409814735010     
   1126.00000000000      -0.984391805054238     
   1127.00000000000      -0.984374103669859     
   1128.00000000000      -0.984356708723587     
   1129.00000000000      -0.984339618360128     
   1130.00000000000      -0.984322830730943     
   1131.00000000000      -0.984306343990492     
   1132.00000000000      -0.984290156300027     
   1133.00000000000      -0.984274265823844     
   1134.00000000000      -0.984258670733060     
   1135.00000000000      -0.984243369201790     
   1136.00000000000      -0.984228359410989     
   1137.00000000000      -0.984213639544643     
   1138.00000000000      -0.984199207793704     
   1139.00000000000      -0.984185062352027     
   1140.00000000000      -0.984171201420513     
   1141.00000000000      -0.984157623202985     
   1142.00000000000      -0.984144325910329     
   1143.00000000000      -0.984131307756361     
   1144.00000000000      -0.984118566962040     
   1145.00000000000      -0.984106101751231     
   1146.00000000000      -0.984093910354885     
   1147.00000000000      -0.984081991006929     
   1148.00000000000      -0.984070341948572     
   1149.00000000000      -0.984058961423676     
   1150.00000000000      -0.984047847683641     
   1151.00000000000      -0.984036998982540     
   1152.00000000000      -0.984026413581938     
   1153.00000000000      -0.984016089746065     
   1154.00000000000      -0.984006025746674     
   1155.00000000000      -0.983996219858235     
   1156.00000000000      -0.983986670362772     
   1157.00000000000      -0.983977375544942     
   1158.00000000000      -0.983968333697071     
   1159.00000000000      -0.983959543114145     
   1160.00000000000      -0.983951002098801     
   1161.00000000000      -0.983942708956309     
   1162.00000000000      -0.983934661999711     
   1163.00000000000      -0.983926859544483     
   1164.00000000000      -0.983919299914055     
   1165.00000000000      -0.983911981434457     
   1166.00000000000      -0.983904902439405     
   1167.00000000000      -0.983898061265301     
   1168.00000000000      -0.983891456256348     
   1169.00000000000      -0.983885085759266     
   1170.00000000000      -0.983878948128791     
   1171.00000000000      -0.983873041722132     
   1172.00000000000      -0.983867364904436     
   1173.00000000000      -0.983861916043345     
   1174.00000000000      -0.983856693514535     
   1175.00000000000      -0.983851695696211     
   1176.00000000000      -0.983846920974525     
   1177.00000000000      -0.983842367738083     
   1178.00000000000      -0.983838034383709     
   1179.00000000000      -0.983833919310539     
   1180.00000000000      -0.983830020925819     
   1181.00000000000      -0.983826337639270     
   1182.00000000000      -0.983822867868781     
   1183.00000000000      -0.983819610034560     
   1184.00000000000      -0.983816562565073     
   1185.00000000000      -0.983813723891058     
   1186.00000000000      -0.983811092451616     
   1187.00000000000      -0.983808666688048     
   1188.00000000000      -0.983806445050016     
   1189.00000000000      -0.983804425989464     
   1190.00000000000      -0.983802607966630     
   1191.00000000000      -0.983800989443984     
   1192.00000000000      -0.983799568892474     
   1193.00000000000      -0.983798344785078     
   1194.00000000000      -0.983797315603355     
   1195.00000000000      -0.983796479830903     
   1196.00000000000      -0.983795835959910     
   1197.00000000000      -0.983795382484531     
   1198.00000000000      -0.983795117907540     
   1199.00000000000      -0.983795040733803     
   1200.00000000000      -0.983795149476621     
   1201.00000000000      -0.983795442651456     
   1202.00000000000      -0.983795918782203     
   1203.00000000000      -0.983796576394882     
   1204.00000000000      -0.983797414024094     
   1205.00000000000      -0.983798430206402     
   1206.00000000000      -0.983799623487026     
   1207.00000000000      -0.983800992413055     
   1208.00000000000      -0.983802535540423     
   1209.00000000000      -0.983804251426685     
   1210.00000000000      -0.983806138638371     
   1211.00000000000      -0.983808195743643     
   1212.00000000000      -0.983810421319543     
   1213.00000000000      -0.983812813944860     
   1214.00000000000      -0.983815372207294     
   1215.00000000000      -0.983818094696076     
   1216.00000000000      -0.983820980009461     
   1217.00000000000      -0.983824026747345     
   1218.00000000000      -0.983827233518372     
   1219.00000000000      -0.983830598932984     
   1220.00000000000      -0.983834121610521     
   1221.00000000000      -0.983837800171933     
   1222.00000000000      -0.983841633247019     
   1223.00000000000      -0.983845619467225     
   1224.00000000000      -0.983849757472908     
   1225.00000000000      -0.983854045906016     
   1226.00000000000      -0.983858483417445     
   1227.00000000000      -0.983863068659577     
   1228.00000000000      -0.983867800293844     
   1229.00000000000      -0.983872676983104     
   1230.00000000000      -0.983877697399236     
   1231.00000000000      -0.983882860215591     
   1232.00000000000      -0.983888164114551     
   1233.00000000000      -0.983893607779815     
   1234.00000000000      -0.983899189904269     
   1235.00000000000      -0.983904909182123     
   1236.00000000000      -0.983910764316657     
   1237.00000000000      -0.983916754012453     
   1238.00000000000      -0.983922876983277     
   1239.00000000000      -0.983929131944068     
   1240.00000000000      -0.983935517619022     
   1241.00000000000      -0.983942032733471     
   1242.00000000000      -0.983948676021965     
   1243.00000000000      -0.983955446220190     
   1244.00000000000      -0.983962342073145     
   1245.00000000000      -0.983969362326867     
   1246.00000000000      -0.983976505736626     
   1247.00000000000      -0.983983771058770     
   1248.00000000000      -0.983991157059002     
   1249.00000000000      -0.983998662503990     
   1250.00000000000      -0.984006286169720     
   1251.00000000000      -0.984014026833099     
   1252.00000000000      -0.984021883280465     
   1253.00000000000      -0.984029854298987     
   1254.00000000000      -0.984037938685243     
   1255.00000000000      -0.984046135236706     
   1256.00000000000      -0.984054442760201     
   1257.00000000000      -0.984062860063414     
   1258.00000000000      -0.984071385963366     
   1259.00000000000      -0.984080019277964     
   1260.00000000000      -0.984088758834498     
   1261.00000000000      -0.984097603460937     
   1262.00000000000      -0.984106551994820     
   1263.00000000000      -0.984115603274281     
   1264.00000000000      -0.984124756147017     
   1265.00000000000      -0.984134009461289     
   1266.00000000000      -0.984143362074907     
   1267.00000000000      -0.984152812846301     
   1268.00000000000      -0.984162360643295     
   1269.00000000000      -0.984172004334396     
   1270.00000000000      -0.984181742797635     
   1271.00000000000      -0.984191574911468     
   1272.00000000000      -0.984201499563964     
   1273.00000000000      -0.984211515643666     
   1274.00000000000      -0.984221622048646     
   1275.00000000000      -0.984231817677377     
   1276.00000000000      -0.984242101438014     
   1277.00000000000      -0.984252472238967     
   1278.00000000000      -0.984262928998296     
   1279.00000000000      -0.984273470634407     
   1280.00000000000      -0.984284096075331     
   1281.00000000000      -0.984294804249311     
   1282.00000000000      -0.984305594094291     
   1283.00000000000      -0.984316464548425     
   1284.00000000000      -0.984327414559498     
   1285.00000000000      -0.984338443075498     
   1286.00000000000      -0.984349549054069     
   1287.00000000000      -0.984360731452984     
   1288.00000000000      -0.984371989239743     
   1289.00000000000      -0.984383321381879     
   1290.00000000000      -0.984394726856629     
   1291.00000000000      -0.984406204641257     
   1292.00000000000      -0.984417753722794     
   1293.00000000000      -0.984429373088220     
   1294.00000000000      -0.984441061734196     
   1295.00000000000      -0.984452818657403     
   1296.00000000000      -0.984464642864266     
   1297.00000000000      -0.984476533361053     
   1298.00000000000      -0.984488489163789     
   1299.00000000000      -0.984500509288340     
   1300.00000000000      -0.984512592760378     
   1301.00000000000      -0.984524738605272     
   1302.00000000000      -0.984536945858361     
   1303.00000000000      -0.984549213554480     
   1304.00000000000      -0.984561540738489     
   1305.00000000000      -0.984573926454752     
   1306.00000000000      -0.984586369757608     
   1307.00000000000      -0.984598869700894     
   1308.00000000000      -0.984611425348304     
   1309.00000000000      -0.984624035763243     
   1310.00000000000      -0.984636700018780     
   1311.00000000000      -0.984649417187579     
   1312.00000000000      -0.984662186352224     
   1313.00000000000      -0.984675006594751     
   1314.00000000000      -0.984687877007008     
   1315.00000000000      -0.984700796680344     
   1316.00000000000      -0.984713764716001     
   1317.00000000000      -0.984726780214481     
   1318.00000000000      -0.984739842286300     
   1319.00000000000      -0.984752950041266     
   1320.00000000000      -0.984766102599024     
   1321.00000000000      -0.984779299078620     
   1322.00000000000      -0.984792538608940     
   1323.00000000000      -0.984805820318113     
   1324.00000000000      -0.984819143344176     
   1325.00000000000      -0.984832506824393     
   1326.00000000000      -0.984845909905943     
   1327.00000000000      -0.984859351735114     
   1328.00000000000      -0.984872831468125     
   1329.00000000000      -0.984886348260322     
   1330.00000000000      -0.984899901276946     
   1331.00000000000      -0.984913489682368     
   1332.00000000000      -0.984927112650821     
   1333.00000000000      -0.984940769355605     
   1334.00000000000      -0.984954458979903     
   1335.00000000000      -0.984968180705841     
   1336.00000000000      -0.984981933725569     
   1337.00000000000      -0.984995717230178     
   1338.00000000000      -0.985009530420570     
   1339.00000000000      -0.985023372496664     
   1340.00000000000      -0.985037242668253     
   1341.00000000000      -0.985051140143913     
   1342.00000000000      -0.985065064142320     
   1343.00000000000      -0.985079013880814     
   1344.00000000000      -0.985092988586721     
   1345.00000000000      -0.985106987486129     
   1346.00000000000      -0.985121009815068     
   1347.00000000000      -0.985135054808286     
   1348.00000000000      -0.985149121710412     
   1349.00000000000      -0.985163209764800     
   1350.00000000000      -0.985177318224807     
   1351.00000000000      -0.985191446342312     
   1352.00000000000      -0.985205593379136     
   1353.00000000000      -0.985219758595737     
   1354.00000000000      -0.985233941262542     
   1355.00000000000      -0.985248140648449     
   1356.00000000000      -0.985262356032348     
   1357.00000000000      -0.985276586691586     
   1358.00000000000      -0.985290831913443     
   1359.00000000000      -0.985305090983689     
   1360.00000000000      -0.985319363198061     
   1361.00000000000      -0.985333647850581     
   1362.00000000000      -0.985347944245400     
   1363.00000000000      -0.985362251684842     
   1364.00000000000      -0.985376569481323     
   1365.00000000000      -0.985390896945483     
   1366.00000000000      -0.985405233397998     
   1367.00000000000      -0.985419578157638     
   1368.00000000000      -0.985433930553386     
   1369.00000000000      -0.985448289912153     
   1370.00000000000      -0.985462655571064     
   1371.00000000000      -0.985477026865231     
   1372.00000000000      -0.985491403139807     
   1373.00000000000      -0.985505783738039     
   1374.00000000000      -0.985520168013206     
   1375.00000000000      -0.985534555316576     
   1376.00000000000      -0.985548945009362     
   1377.00000000000      -0.985563336450883     
   1378.00000000000      -0.985577729010393     
   1379.00000000000      -0.985592122055081     
   1380.00000000000      -0.985606514962177     
   1381.00000000000      -0.985620907106827     
   1382.00000000000      -0.985635297874076     
   1383.00000000000      -0.985649686646933     
   1384.00000000000      -0.985664072818317     
   1385.00000000000      -0.985678455779022     
   1386.00000000000      -0.985692834929829     
   1387.00000000000      -0.985707209669273     
   1388.00000000000      -0.985721579405798     
   1389.00000000000      -0.985735943545739     
   1390.00000000000      -0.985750301505314     
   1391.00000000000      -0.985764652698418     
   1392.00000000000      -0.985778996548926     
   1393.00000000000      -0.985793332478488     
   1394.00000000000      -0.985807659918524     
   1395.00000000000      -0.985821978298190     
   1396.00000000000      -0.985836287056640     
   1397.00000000000      -0.985850585630447     
   1398.00000000000      -0.985864873466242     
   1399.00000000000      -0.985879150008181     
   1400.00000000000      -0.985893414710305     
   1401.00000000000      -0.985907667024261     
   1402.00000000000      -0.985921906411557     
   1403.00000000000      -0.985936132331164     
   1404.00000000000      -0.985950344252001     
   1405.00000000000      -0.985964541640313     
   1406.00000000000      -0.985978723972487     
   1407.00000000000      -0.985992890722053     
   1408.00000000000      -0.986007027842528     
   1409.00000000000      -0.986021134866951     
   1410.00000000000      -0.986035225011432     
   1411.00000000000      -0.986049297948709     
   1412.00000000000      -0.986063353339998     
   1413.00000000000      -0.986077390827459     
   1414.00000000000      -0.986091410049065     
   1415.00000000000      -0.986105410626933     
   1416.00000000000      -0.986119392180879     
   1417.00000000000      -0.986133354315971     
   1418.00000000000      -0.986147296635745     
   1419.00000000000      -0.986161218516710     
   1420.00000000000      -0.986175119748698     
   1421.00000000000      -0.986188999907931     
   1422.00000000000      -0.986202858569969     
   1423.00000000000      -0.986216695297127     
   1424.00000000000      -0.986230509651616     
   1425.00000000000      -0.986244301183062     
   1426.00000000000      -0.986258069441769     
   1427.00000000000      -0.986271813966043     
   1428.00000000000      -0.986285534295616     
   1429.00000000000      -0.986299229959031     
   1430.00000000000      -0.986312900487227     
   1431.00000000000      -0.986326545400674     
   1432.00000000000      -0.986340164223191     
   1433.00000000000      -0.986353756663643     
   1434.00000000000      -0.986367322181097     
   1435.00000000000      -0.986380860155051     
   1436.00000000000      -0.986394370098579     
   1437.00000000000      -0.986407851517558     
   1438.00000000000      -0.986421303924314     
   1439.00000000000      -0.986434726824865     
   1440.00000000000      -0.986448119732740     
   1441.00000000000      -0.986461482156122     
   1442.00000000000      -0.986474813611695     
   1443.00000000000      -0.986488113611787     
   1444.00000000000      -0.986501381678200     
   1445.00000000000      -0.986514617329264     
   1446.00000000000      -0.986527820093677     
   1447.00000000000      -0.986540989497532     
   1448.00000000000      -0.986554125078097     
   1449.00000000000      -0.986567226370804     
   1450.00000000000      -0.986580292923025     
   1451.00000000000      -0.986593324280941     
   1452.00000000000      -0.986606320003346     
   1453.00000000000      -0.986619279648382     
   1454.00000000000      -0.986632202787351     
   1455.00000000000      -0.986645088991384     
   1456.00000000000      -0.986657937845212     
   1457.00000000000      -0.986670748933733     
   1458.00000000000      -0.986683521855775     
   1459.00000000000      -0.986696256210595     
   1460.00000000000      -0.986708951611570     
   1461.00000000000      -0.986721607672691     
   1462.00000000000      -0.986734224022190     
   1463.00000000000      -0.986746800288887     
   1464.00000000000      -0.986759336115899     
   1465.00000000000      -0.986771831146884     
   1466.00000000000      -0.986784285039713     
   1467.00000000000      -0.986796697452630     
   1468.00000000000      -0.986809068057948     
   1469.00000000000      -0.986821396528145     
   1470.00000000000      -0.986833682549474     
   1471.00000000000      -0.986845925808074     
   1472.00000000000      -0.986858126003583     
   1473.00000000000      -0.986870282835140     
   1474.00000000000      -0.986882396015029     
   1475.00000000000      -0.986894465254618     
   1476.00000000000      -0.986906490278008     
   1477.00000000000      -0.986918470807963     
   1478.00000000000      -0.986930406579512     
   1479.00000000000      -0.986942297325868     
   1480.00000000000      -0.986954142792086     
   1481.00000000000      -0.986965942720882     
   1482.00000000000      -0.986977696866342     
   1483.00000000000      -0.986989404979723     
   1484.00000000000      -0.987001066823174     
   1485.00000000000      -0.987012682155519     
   1486.00000000000      -0.987024250746018     
   1487.00000000000      -0.987035772360122     
   1488.00000000000      -0.987047246773259     
   1489.00000000000      -0.987058673756615     
   1490.00000000000      -0.987070053090900     
   1491.00000000000      -0.987081384552159     
   1492.00000000000      -0.987092667925590     
   1493.00000000000      -0.987103902991309     
   1494.00000000000      -0.987115089538237     
   1495.00000000000      -0.987126227349856     
   1496.00000000000      -0.987137316218152     
   1497.00000000000      -0.987148355929344     
   1498.00000000000      -0.987159346277891     
   1499.00000000000      -0.987170287052236     
   1500.00000000000      -0.987181178048826     
   1501.00000000000      -0.987192019057862     
   1502.00000000000      -0.987202809877405     
   1503.00000000000      -0.987213550299085     
   1504.00000000000      -0.987224240122279     
   1505.00000000000      -0.987234879139796     
   1506.00000000000      -0.987245467152119     
   1507.00000000000      -0.987256003953090     
   1508.00000000000      -0.987266489344195     
   1509.00000000000      -0.987276923120246     
   1510.00000000000      -0.987287305083706     
   1511.00000000000      -0.987297635030375     
   1512.00000000000      -0.987307912763760     
   1513.00000000000      -0.987318138080750     
   1514.00000000000      -0.987328310786003     
   1515.00000000000      -0.987338430677671     
   1516.00000000000      -0.987348497561776     
   1517.00000000000      -0.987358511237926     
   1518.00000000000      -0.987368471513756     
   1519.00000000000      -0.987378378190614     
   1520.00000000000      -0.987388231078040     
   1521.00000000000      -0.987398029979442     
   1522.00000000000      -0.987407774706573     
   1523.00000000000      -0.987417465065241     
   1524.00000000000      -0.987427100869788     
   1525.00000000000      -0.987436681928763     
   1526.00000000000      -0.987446208059462     
   1527.00000000000      -0.987455679073554     
   1528.00000000000      -0.987465094791646     
   1529.00000000000      -0.987474455028910     
   1530.00000000000      -0.987483759609631     
   1531.00000000000      -0.987493008352841     
   1532.00000000000      -0.987502201086875     
   1533.00000000000      -0.987511337634959     
   1534.00000000000      -0.987520417829798     
   1535.00000000000      -0.987529441499161     
   1536.00000000000      -0.987538408480443     
   1537.00000000000      -0.987547318606231     
   1538.00000000000      -0.987556171718909     
   1539.00000000000      -0.987564967656146     
   1540.00000000000      -0.987573706265526     
   1541.00000000000      -0.987582387390048     
   1542.00000000000      -0.987591010882730     
   1543.00000000000      -0.987599576592066     
   1544.00000000000      -0.987608084376663     
   1545.00000000000      -0.987616534090660     
   1546.00000000000      -0.987624925598392     
   1547.00000000000      -0.987633258759744     
   1548.00000000000      -0.987641533444833     
   1549.00000000000      -0.987649749519364     
   1550.00000000000      -0.987657906859278     
   1551.00000000000      -0.987666005336125     
   1552.00000000000      -0.987674044831666     
   1553.00000000000      -0.987682025223248     
   1554.00000000000      -0.987689946398437     
   1555.00000000000      -0.987697808240319     
   1556.00000000000      -0.987705610642174     
   1557.00000000000      -0.987713353492743     
   1558.00000000000      -0.987721036690894     
   1559.00000000000      -0.987728660130913     
   1560.00000000000      -0.987736223717121     
   1561.00000000000      -0.987743727349177     
   1562.00000000000      -0.987751170936705     
   1563.00000000000      -0.987758554384561     
   1564.00000000000      -0.987765877607488     
   1565.00000000000      -0.987773140515344     
   1566.00000000000      -0.987780343027791     
   1567.00000000000      -0.987787485059474     
   1568.00000000000      -0.987794566534760     
   1569.00000000000      -0.987801587372889     
   1570.00000000000      -0.987808547502697     
   1571.00000000000      -0.987815446847774     
   1572.00000000000      -0.987822285341235     
   1573.00000000000      -0.987829062910810     
   1574.00000000000      -0.987835779493627     
   1575.00000000000      -0.987842435021341     
   1576.00000000000      -0.987849029434896     
   1577.00000000000      -0.987855562669660     
   1578.00000000000      -0.987862034670186     
   1579.00000000000      -0.987868445375322     
   1580.00000000000      -0.987874794733045     
   1581.00000000000      -0.987881082685516     
   1582.00000000000      -0.987887309183916     
   1583.00000000000      -0.987893474173552     
   1584.00000000000      -0.987899577608652     
   1585.00000000000      -0.987905619437492     
   1586.00000000000      -0.987911599617207     
   1587.00000000000      -0.987917518098887     
   1588.00000000000      -0.987923374842444     
   1589.00000000000      -0.987929169801675     
   1590.00000000000      -0.987934902939128     
   1591.00000000000      -0.987940574211197     
   1592.00000000000      -0.987946183583001     
   1593.00000000000      -0.987951731013432     
   1594.00000000000      -0.987957216470079     
   1595.00000000000      -0.987962639914303     
   1596.00000000000      -0.987968001316098     
   1597.00000000000      -0.987973300639215     
   1598.00000000000      -0.987978537856043     
   1599.00000000000      -0.987983712932699     
   1600.00000000000      -0.987988825843916     
   1601.00000000000      -0.987993876558158     
   1602.00000000000      -0.987998865052519     
   1603.00000000000      -0.988003791297792     
   1604.00000000000      -0.988008655273441     
   1605.00000000000      -0.988013456952632     
   1606.00000000000      -0.988018196317179     
   1607.00000000000      -0.988022873342637     
   1608.00000000000      -0.988027488013218     
   1609.00000000000      -0.988032040306892     
   1610.00000000000      -0.988036530210308     
   1611.00000000000      -0.988040957703886     
   1612.00000000000      -0.988045322776752     
   1613.00000000000      -0.988049625411828     
   1614.00000000000      -0.988053865600758     
   1615.00000000000      -0.988058043328988     
   1616.00000000000      -0.988062158590743     
   1617.00000000000      -0.988066211374068     
   1618.00000000000      -0.988070201675809     
   1619.00000000000      -0.988074129486636     
   1620.00000000000      -0.988077994806058     
   1621.00000000000      -0.988081797627435     
   1622.00000000000      -0.988085537952954     
   1623.00000000000      -0.988089215778726     
   1624.00000000000      -0.988092831109705     
   1625.00000000000      -0.988096383944718     
   1626.00000000000      -0.988099874291510     
   1627.00000000000      -0.988103302151725     
   1628.00000000000      -0.988106667535885     
   1629.00000000000      -0.988109970448454     
   1630.00000000000      -0.988113210902788     
   1631.00000000000      -0.988116388906167     
   1632.00000000000      -0.988119504474802     
   1633.00000000000      -0.988122557618811     
   1634.00000000000      -0.988125548357236     
   1635.00000000000      -0.988128476703037     
   1636.00000000000      -0.988131342678100     
   1637.00000000000      -0.988134146298211     
   1638.00000000000      -0.988136887588064     
   1639.00000000000      -0.988139566566282     
   1640.00000000000      -0.988142183260374     
   1641.00000000000      -0.988144737691723     
   1642.00000000000      -0.988147229890617     
   1643.00000000000      -0.988149659881208     
   1644.00000000000      -0.988152027696504     
   1645.00000000000      -0.988154333363392     
   1646.00000000000      -0.988156576917582     
   1647.00000000000      -0.988158758388619     
   1648.00000000000      -0.988160877814857     
   1649.00000000000      -0.988162935228477     
   1650.00000000000      -0.988164930670419     
   1651.00000000000      -0.988166864175424     
   1652.00000000000      -0.988168735786989     
   1653.00000000000      -0.988170545542349     
   1654.00000000000      -0.988172293487460     
   1655.00000000000      -0.988173979662014     
   1656.00000000000      -0.988175604114384     
   1657.00000000000      -0.988177166886626     
   1658.00000000000      -0.988178668029459     
   1659.00000000000      -0.988180107587251     
   1660.00000000000      -0.988181485613024     
   1661.00000000000      -0.988182802153373     
   1662.00000000000      -0.988184057263507     
   1663.00000000000      -0.988185250992215     
   1664.00000000000      -0.988186383396862     
   1665.00000000000      -0.988187454528354     
   1666.00000000000      -0.988188464446123     
   1667.00000000000      -0.988189413203130     
   1668.00000000000      -0.988190300860822     
   1669.00000000000      -0.988191127474156     
   1670.00000000000      -0.988191893106536     
   1671.00000000000      -0.988192597814844     
   1672.00000000000      -0.988193241664381     
   1673.00000000000      -0.988193824713914     
   1674.00000000000      -0.988194347030593     
   1675.00000000000      -0.988194808674991     
   1676.00000000000      -0.988195209716078     
   1677.00000000000      -0.988195550216204     
   1678.00000000000      -0.988195830246087     
   1679.00000000000      -0.988196049869802     
   1680.00000000000      -0.988196209159786     
   1681.00000000000      -0.988196308181818     
   1682.00000000000      -0.988196347009989     
   1683.00000000000      -0.988196325711722     
   1684.00000000000      -0.988196244362765     
   1685.00000000000      -0.988196103032191     
   1686.00000000000      -0.988195901797332     
   1687.00000000000      -0.988195640728851     
   1688.00000000000      -0.988195319905696     
   1689.00000000000      -0.988194939400088     
   1690.00000000000      -0.988194499292508     
   1691.00000000000      -0.988193999656763     
   1692.00000000000      -0.988193440574859     
   1693.00000000000      -0.988192822122120     
   1694.00000000000      -0.988192144382099     
   1695.00000000000      -0.988191407431649     
   1696.00000000000      -0.988190611355811     
   1697.00000000000      -0.988189756232915     
   1698.00000000000      -0.988188842149542     
   1699.00000000000      -0.988187869185507     
   1700.00000000000      -0.988186837428840     
   1701.00000000000      -0.988185746960881     
   1702.00000000000      -0.988184597871113     
   1703.00000000000      -0.988183390242324     
   1704.00000000000      -0.988182124165480     
   1705.00000000000      -0.988180799724835     
   1706.00000000000      -0.988179417012800     
   1707.00000000000      -0.988177976115088     
   1708.00000000000      -0.988176477125541     
   1709.00000000000      -0.988174920131317     
   1710.00000000000      -0.988173305227716     
   1711.00000000000      -0.988171632503300     
   1712.00000000000      -0.988169902054791     
   1713.00000000000      -0.988168113972200     
   1714.00000000000      -0.988166268353649     
   1715.00000000000      -0.988164365290554     
   1716.00000000000      -0.988162404882463     
   1717.00000000000      -0.988160387222181     
   1718.00000000000      -0.988158312410601     
   1719.00000000000      -0.988156180541958     
   1720.00000000000      -0.988153991718505     
   1721.00000000000      -0.988151746035823     
   1722.00000000000      -0.988149443597583     
   1723.00000000000      -0.988147084500693     
   1724.00000000000      -0.988144668850124     
   1725.00000000000      -0.988142196744150     
   1726.00000000000      -0.988139667150161     
   1727.00000000000      -0.988137081030533     
   1728.00000000000      -0.988134438788599     
   1729.00000000000      -0.988131740534520     
   1730.00000000000      -0.988128986385333     
   1731.00000000000      -0.988126176450660     
   1732.00000000000      -0.988123310847181     
   1733.00000000000      -0.988120389684355     
   1734.00000000000      -0.988117413078868     
   1735.00000000000      -0.988114381139998     
   1736.00000000000      -0.988111293984409     
   1737.00000000000      -0.988108151721419     
   1738.00000000000      -0.988104954467652     
   1739.00000000000      -0.988101702332470     
   1740.00000000000      -0.988098395432474     
   1741.00000000000      -0.988095033877174     
   1742.00000000000      -0.988091617783252     
   1743.00000000000      -0.988088147260178     
   1744.00000000000      -0.988084622424826     
   1745.00000000000      -0.988081043386832     
   1746.00000000000      -0.988077410263239     
   1747.00000000000      -0.988073723163880     
   1748.00000000000      -0.988069982206013     
   1749.00000000000      -0.988066187499703     
   1750.00000000000      -0.988062339162694     
   1751.00000000000      -0.988058437305399     
   1752.00000000000      -0.988054482045834     
   1753.00000000000      -0.988050473494859     
   1754.00000000000      -0.988046411770897     
   1755.00000000000      -0.988042296985508     
   1756.00000000000      -0.988038129257638     
   1757.00000000000      -0.988033908699397     
   1758.00000000000      -0.988029635430429     
   1759.00000000000      -0.988025309563463     
   1760.00000000000      -0.988020931218938     
   1761.00000000000      -0.988016500510318     
   1762.00000000000      -0.988012017558845     
   1763.00000000000      -0.988007482478897     
   1764.00000000000      -0.988002895392547     
   1765.00000000000      -0.987998256415053     
   1766.00000000000      -0.987993565669475     
   1767.00000000000      -0.987988823272069     
   1768.00000000000      -0.987984029346849     
   1769.00000000000      -0.987979184011044     
   1770.00000000000      -0.987974287389790     
   1771.00000000000      -0.987969339601476     
   1772.00000000000      -0.987964340772193     
   1773.00000000000      -0.987959291021418     
   1774.00000000000      -0.987954190476425     
   1775.00000000000      -0.987949039257746     
   1776.00000000000      -0.987943840548263     
   1777.00000000000      -0.987938595985926     
   1778.00000000000      -0.987933301065373     
   1779.00000000000      -0.987927955856762     
   1780.00000000000      -0.987922560444308     
   1781.00000000000      -0.987917114910241     
   1782.00000000000      -0.987911619348541     
   1783.00000000000      -0.987906073850196     
   1784.00000000000      -0.987900478517373     
   1785.00000000000      -0.987894833448976     
   1786.00000000000      -0.987889138754857     
   1787.00000000000      -0.987883394541308     
   1788.00000000000      -0.987877600925440     
   1789.00000000000      -0.987871758020744     
   1790.00000000000      -0.987865865951294     
   1791.00000000000      -0.987859924837270     
   1792.00000000000      -0.987853934809337     
   1793.00000000000      -0.987847895994166     
   1794.00000000000      -0.987841808528539     
   1795.00000000000      -0.987835672545060     
   1796.00000000000      -0.987829488186197     
   1797.00000000000      -0.987823255589937     
   1798.00000000000      -0.987816974903919     
   1799.00000000000      -0.987810646270989     
   1800.00000000000      -0.987804269843347     
   1801.00000000000      -0.987797845768149     
   1802.00000000000      -0.987791374201478     
   1803.00000000000      -0.987784855294122     
   1804.00000000000      -0.987778289205500     
   1805.00000000000      -0.987771676089394     
   1806.00000000000      -0.987765016107827     
   1807.00000000000      -0.987758309416881     
   1808.00000000000      -0.987751556180703     
   1809.00000000000      -0.987744756556984     
   1810.00000000000      -0.987737910711235     
   1811.00000000000      -0.987731018802267     
   1812.00000000000      -0.987724080996311     
   1813.00000000000      -0.987717097452676     
   1814.00000000000      -0.987710068337749     
   1815.00000000000      -0.987702993810858     
   1816.00000000000      -0.987695874038001     
   1817.00000000000      -0.987688709177965     
   1818.00000000000      -0.987681499395955     
   1819.00000000000      -0.987674244849691     
   1820.00000000000      -0.987666945703153     
   1821.00000000000      -0.987659602112690     
   1822.00000000000      -0.987652214240685     
   1823.00000000000      -0.987644782241766     
   1824.00000000000      -0.987637306276566     
   1825.00000000000      -0.987629786497582     
   1826.00000000000      -0.987622223063293     
   1827.00000000000      -0.987614616124140     
   1828.00000000000      -0.987606965836342     
   1829.00000000000      -0.987599272347973     
   1830.00000000000      -0.987591535812959     
   1831.00000000000      -0.987583756376986     
   1832.00000000000      -0.987575934191481     
   1833.00000000000      -0.987568069399769     
   1834.00000000000      -0.987560162150955     
   1835.00000000000      -0.987552212586043     
   1836.00000000000      -0.987544220851786     
   1837.00000000000      -0.987536187086912     
   1838.00000000000      -0.987528111435941     
   1839.00000000000      -0.987519994035538     
   1840.00000000000      -0.987511835028205     
   1841.00000000000      -0.987503634548669     
   1842.00000000000      -0.987495392737537     
   1843.00000000000      -0.987487109727816     
   1844.00000000000      -0.987478785658471     
   1845.00000000000      -0.987470420661058     
   1846.00000000000      -0.987462014873135     
   1847.00000000000      -0.987453568424933     
   1848.00000000000      -0.987445081452948     
   1849.00000000000      -0.987436554086357     
   1850.00000000000      -0.987427986460793     
   1851.00000000000      -0.987419378704742     
   1852.00000000000      -0.987410730953124     
   1853.00000000000      -0.987402043334070     
   1854.00000000000      -0.987393315982123     
   1855.00000000000      -0.987384549025087     
   1856.00000000000      -0.987375742597585     
   1857.00000000000      -0.987366896827341     
   1858.00000000000      -0.987358011849042     
   1859.00000000000      -0.987349087790792     
   1860.00000000000      -0.987340124787620     
   1861.00000000000      -0.987331122967961     
   1862.00000000000      -0.987322082467438     
   1863.00000000000      -0.987313003415294     
   1864.00000000000      -0.987303885947677     
   1865.00000000000      -0.987294730194683     
   1866.00000000000      -0.987285536293364     
   1867.00000000000      -0.987276304374717     
   1868.00000000000      -0.987267034576795     
   1869.00000000000      -0.987257727031591     
   1870.00000000000      -0.987248381878296     
   1871.00000000000      -0.987238999249974     
   1872.00000000000      -0.987229579286915     
   1873.00000000000      -0.987220122123410     
   1874.00000000000      -0.987210627900903     
   1875.00000000000      -0.987201096754821     
   1876.00000000000      -0.987191528827786     
   1877.00000000000      -0.987181924256378     
   1878.00000000000      -0.987172283184396     
   1879.00000000000      -0.987162605749566     
   1880.00000000000      -0.987152892096773     
   1881.00000000000      -0.987143142364851     
   1882.00000000000      -0.987133356699642     
   1883.00000000000      -0.987123535241085     
   1884.00000000000      -0.987113678136026     
   1885.00000000000      -0.987103785525187     
   1886.00000000000      -0.987093857556323     
   1887.00000000000      -0.987083894370979     
   1888.00000000000      -0.987073896117600     
   1889.00000000000      -0.987063862938513     
   1890.00000000000      -0.987053794982821     
   1891.00000000000      -0.987043692393367     
   1892.00000000000      -0.987033555319658     
   1893.00000000000      -0.987023383905127     
   1894.00000000000      -0.987013178299605     
   1895.00000000000      -0.987002938646766     
   1896.00000000000      -0.986992665096777     
   1897.00000000000      -0.986982357793375     
   1898.00000000000      -0.986972016886826     
   1899.00000000000      -0.986961642521045     
   1900.00000000000      -0.986951234846233     
   1901.00000000000      -0.986940794006104     
   1902.00000000000      -0.986930320150786     
   1903.00000000000      -0.986919813423830     
   1904.00000000000      -0.986909273975110     
   1905.00000000000      -0.986898701947845     
   1906.00000000000      -0.986888097491402     
   1907.00000000000      -0.986877460748726     
   1908.00000000000      -0.986866791868795     
   1909.00000000000      -0.986856090993961     
   1910.00000000000      -0.986845358272627     
   1911.00000000000      -0.986834593846610     
   1912.00000000000      -0.986823797863659     
   1913.00000000000      -0.986812970465013     
   1914.00000000000      -0.986802111797832     
   1915.00000000000      -0.986791222002507     
   1916.00000000000      -0.986780301225562     
   1917.00000000000      -0.986769349606661     
   1918.00000000000      -0.986758367291556     
   1919.00000000000      -0.986747354419227     
   1920.00000000000      -0.986736311134612     
   1921.00000000000      -0.986725237575910     
   1922.00000000000      -0.986714133887310     
   1923.00000000000      -0.986703000206301     
   1924.00000000000      -0.986691836676219     
   1925.00000000000      -0.986680643433817     
   1926.00000000000      -0.986669420621682     
   1927.00000000000      -0.986658168375872     
   1928.00000000000      -0.986646886838229     
   1929.00000000000      -0.986635576144080     
   1930.00000000000      -0.986624236434655     
   1931.00000000000      -0.986612867844524     
   1932.00000000000      -0.986601470514200     
   1933.00000000000      -0.986590044577681     
   1934.00000000000      -0.986578590174882     
   1935.00000000000      -0.986567107439198     
   1936.00000000000      -0.986555596509920     
   1937.00000000000      -0.986544057519920     
   1938.00000000000      -0.986532490607949     
   1939.00000000000      -0.986520895906395     
   1940.00000000000      -0.986509273553502     
   1941.00000000000      -0.986497623681219     
   1942.00000000000      -0.986485946427319     
   1943.00000000000      -0.986474241923420     
   1944.00000000000      -0.986462510306873     
   1945.00000000000      -0.986450751708924     
   1946.00000000000      -0.986438966266595     
   1947.00000000000      -0.986427154110777     
   1948.00000000000      -0.986415315378230     
   1949.00000000000      -0.986403450199485     
   1950.00000000000      -0.986391558711121     
   1951.00000000000      -0.986379641043488     
   1952.00000000000      -0.986367697332771     
   1953.00000000000      -0.986355727709155     
   1954.00000000000      -0.986343732308679     
   1955.00000000000      -0.986331711261250     
   1956.00000000000      -0.986319664702769     
   1957.00000000000      -0.986307592763009     
   1958.00000000000      -0.986295495577657     
   1959.00000000000      -0.986283373276387     
   1960.00000000000      -0.986271225994648     
   1961.00000000000      -0.986259053861905     
   1962.00000000000      -0.986246857013603     
   1963.00000000000      -0.986234635579014     
   1964.00000000000      -0.986222389693382     
   1965.00000000000      -0.986210119485875     
   1966.00000000000      -0.986197825091483     
   1967.00000000000      -0.986185506639379     
   1968.00000000000      -0.986173164264356     
   1969.00000000000      -0.986160798095319     
   1970.00000000000      -0.986148408266883     
   1971.00000000000      -0.986135994907814     
   1972.00000000000      -0.986123558152596     
   1973.00000000000      -0.986111098129738     
   1974.00000000000      -0.986098614973440     
   1975.00000000000      -0.986086108812024     
   1976.00000000000      -0.986073579779416     
   1977.00000000000      -0.986061028003718     
   1978.00000000000      -0.986048453618645     
   1979.00000000000      -0.986035856751914     
   1980.00000000000      -0.986023237536996     
   1981.00000000000      -0.986010596101251     
   1982.00000000000      -0.985997932577763     
   1983.00000000000      -0.985985247093779     
   1984.00000000000      -0.985972539781906     
   1985.00000000000      -0.985959810768972     
   1986.00000000000      -0.985947060187169     
   1987.00000000000      -0.985934288162983     
   1988.00000000000      -0.985921494828215     
   1989.00000000000      -0.985908680308898     
   1990.00000000000      -0.985895844736393     
   1991.00000000000      -0.985882988236254     
   1992.00000000000      -0.985870110939427     
   1993.00000000000      -0.985857212970950     
   1994.00000000000      -0.985844294461271     
   1995.00000000000      -0.985831355535001     
   1996.00000000000      -0.985818396321875     
   1997.00000000000      -0.985805416946156     
   1998.00000000000      -0.985792417537050     
   1999.00000000000      -0.985779398218201     
   2000.00000000000      -0.985766359118266     
