    0.0000000000D+00    0.1000000000D+01    0.1000000000D+01
    0.5000000000D+00    0.9992289079D+00    0.1000000000D+01
    0.1000000000D+01    0.9969210437D+00    0.1000000000D+01
    0.1500000000D+01    0.9931435992D+00    0.1000000000D+01
    0.2000000000D+01    0.9882842359D+00    0.1000000000D+01
    0.2500000000D+01    0.9833317777D+00    0.1000000000D+01
    0.3000000000D+01    0.9788956538D+00    0.1000000000D+01
    0.3500000000D+01    0.9750476612D+00    0.1000000000D+01
    0.4000000000D+01    0.9717227580D+00    0.1000000000D+01
    0.4500000000D+01    0.9688661313D+00    0.1000000000D+01
    0.5000000000D+01    0.9664393926D+00    0.1000000000D+01
    0.5500000000D+01    0.9644090862D+00    0.1000000000D+01
    0.6000000000D+01    0.9627393550D+00    0.1000000000D+01
    0.6500000000D+01    0.9613900118D+00    0.1000000000D+01
    0.7000000000D+01    0.9603206732D+00    0.1000000000D+01
    0.7500000000D+01    0.9594899230D+00    0.1000000000D+01
    0.8000000000D+01    0.9588600753D+00    0.1000000000D+01
    0.8500000000D+01    0.9583960365D+00    0.1000000000D+01
    0.9000000000D+01    0.9580671584D+00    0.1000000000D+01
    0.9500000000D+01    0.9578477821D+00    0.1000000000D+01
    0.1000000000D+02    0.9577146393D+00    0.1000000000D+01
    0.1050000000D+02    0.9576507748D+00    0.1000000000D+01
    0.1100000000D+02    0.9576398125D+00    0.1000000000D+01
    0.1150000000D+02    0.9576696655D+00    0.1000000000D+01
    0.1200000000D+02    0.9577307489D+00    0.1000000000D+01
    0.1250000000D+02    0.9578130495D+00    0.1000000000D+01
    0.1300000000D+02    0.9579112043D+00    0.1000000000D+01
    0.1350000000D+02    0.9580181369D+00    0.1000000000D+01
    0.1400000000D+02    0.9581302378D+00    0.1000000000D+01
    0.1450000000D+02    0.9582449176D+00    0.1000000000D+01
    0.1500000000D+02    0.9583584376D+00    0.1000000000D+01
    0.1550000000D+02    0.9584709026D+00    0.1000000000D+01
    0.1600000000D+02    0.9585801733D+00    0.1000000000D+01
    0.1650000000D+02    0.9586856585D+00    0.1000000000D+01
    0.1700000000D+02    0.9587877712D+00    0.1000000000D+01
    0.1750000000D+02    0.9588855540D+00    0.1000000000D+01
    0.1800000000D+02    0.9589793018D+00    0.1000000000D+01
    0.1850000000D+02    0.9590690073D+00    0.1000000000D+01
    0.1900000000D+02    0.9591540141D+00    0.1000000000D+01
    0.1950000000D+02    0.9592340761D+00    0.1000000000D+01
    0.2000000000D+02    0.9593094015D+00    0.1000000000D+01
    0.2050000000D+02    0.9593785630D+00    0.1000000000D+01
    0.2100000000D+02    0.9594432884D+00    0.1000000000D+01
    0.2150000000D+02    0.9595040041D+00    0.1000000000D+01
    0.2200000000D+02    0.9595596630D+00    0.1000000000D+01
    0.2250000000D+02    0.9596136064D+00    0.1000000000D+01
    0.2300000000D+02    0.9596641285D+00    0.1000000000D+01
    0.2350000000D+02    0.9597118695D+00    0.1000000000D+01
    0.2400000000D+02    0.9597588547D+00    0.1000000000D+01
    0.2450000000D+02    0.9598021077D+00    0.1000000000D+01
    0.2500000000D+02    0.9598435449D+00    0.1000000000D+01
    0.2550000000D+02    0.9598829548D+00    0.1000000000D+01
    0.2600000000D+02    0.9599185101D+00    0.1000000000D+01
    0.2650000000D+02    0.9599516260D+00    0.1000000000D+01
    0.2700000000D+02    0.9599820623D+00    0.1000000000D+01
    0.2750000000D+02    0.9600091096D+00    0.1000000000D+01
    0.2800000000D+02    0.9600342308D+00    0.1000000000D+01
    0.2850000000D+02    0.9600586299D+00    0.1000000000D+01
    0.2900000000D+02    0.9600812693D+00    0.1000000000D+01
    0.2950000000D+02    0.9601039943D+00    0.1000000000D+01
    0.3000000000D+02    0.9601269820D+00    0.1000000000D+01
    0.3050000000D+02    0.9601481343D+00    0.1000000000D+01
    0.3100000000D+02    0.9601690205D+00    0.1000000000D+01
    0.3150000000D+02    0.9601890099D+00    0.1000000000D+01
    0.3200000000D+02    0.9602065721D+00    0.1000000000D+01
    0.3250000000D+02    0.9602226994D+00    0.1000000000D+01
    0.3300000000D+02    0.9602379970D+00    0.1000000000D+01
    0.3350000000D+02    0.9602508413D+00    0.1000000000D+01
    0.3400000000D+02    0.9602627696D+00    0.1000000000D+01
    0.3450000000D+02    0.9602762003D+00    0.1000000000D+01
    0.3500000000D+02    0.9602883097D+00    0.1000000000D+01
    0.3550000000D+02    0.9603017439D+00    0.1000000000D+01
    0.3600000000D+02    0.9603166732D+00    0.1000000000D+01
    0.3650000000D+02    0.9603285074D+00    0.1000000000D+01
    0.3700000000D+02    0.9603403336D+00    0.1000000000D+01
    0.3750000000D+02    0.9603514690D+00    0.1000000000D+01
    0.3800000000D+02    0.9603600352D+00    0.1000000000D+01
    0.3850000000D+02    0.9603687908D+00    0.1000000000D+01
    0.3900000000D+02    0.9603778687D+00    0.1000000000D+01
    0.3950000000D+02    0.9603864384D+00    0.1000000000D+01
    0.4000000000D+02    0.9603950132D+00    0.1000000000D+01
    0.4050000000D+02    0.9604043552D+00    0.1000000000D+01
    0.4100000000D+02    0.9604128450D+00    0.1000000000D+01
    0.4150000000D+02    0.9604199963D+00    0.1000000000D+01
    0.4200000000D+02    0.9604274057D+00    0.1000000000D+01
    0.4250000000D+02    0.9604351992D+00    0.1000000000D+01
    0.4300000000D+02    0.9604425541D+00    0.1000000000D+01
    0.4350000000D+02    0.9604508499D+00    0.1000000000D+01
    0.4400000000D+02    0.9604600237D+00    0.1000000000D+01
    0.4450000000D+02    0.9604659875D+00    0.1000000000D+01
    0.4500000000D+02    0.9604717921D+00    0.1000000000D+01
    0.4550000000D+02    0.9604789321D+00    0.1000000000D+01
    0.4600000000D+02    0.9604832767D+00    0.1000000000D+01
    0.4650000000D+02    0.9604883516D+00    0.1000000000D+01
    0.4700000000D+02    0.9604942632D+00    0.1000000000D+01
    0.4750000000D+02    0.9604983272D+00    0.1000000000D+01
    0.4800000000D+02    0.9605031160D+00    0.1000000000D+01
    0.4850000000D+02    0.9605098487D+00    0.1000000000D+01
    0.4900000000D+02    0.9605166586D+00    0.1000000000D+01
    0.4950000000D+02    0.9605223412D+00    0.1000000000D+01
    0.5000000000D+02    0.9605291107D+00    0.1000000000D+01
    0.5050000000D+02    0.9605355723D+00    0.1000000000D+01
    0.5100000000D+02    0.9605396681D+00    0.1000000000D+01
    0.5150000000D+02    0.9605434675D+00    0.1000000000D+01
    0.5200000000D+02    0.9605467395D+00    0.1000000000D+01
    0.5250000000D+02    0.9605488879D+00    0.1000000000D+01
    0.5300000000D+02    0.9605517533D+00    0.1000000000D+01
    0.5350000000D+02    0.9605570610D+00    0.1000000000D+01
    0.5400000000D+02    0.9605628265D+00    0.1000000000D+01
    0.5450000000D+02    0.9605675165D+00    0.1000000000D+01
    0.5500000000D+02    0.9605728941D+00    0.1000000000D+01
    0.5550000000D+02    0.9605782741D+00    0.1000000000D+01
    0.5600000000D+02    0.9605813831D+00    0.1000000000D+01
    0.5650000000D+02    0.9605840190D+00    0.1000000000D+01
    0.5700000000D+02    0.9605894647D+00    0.1000000000D+01
    0.5750000000D+02    0.9605932759D+00    0.1000000000D+01
    0.5800000000D+02    0.9605947573D+00    0.1000000000D+01
    0.5850000000D+02    0.9605991848D+00    0.1000000000D+01
    0.5900000000D+02    0.9606015863D+00    0.1000000000D+01
    0.5950000000D+02    0.9606025476D+00    0.1000000000D+01
    0.6000000000D+02    0.9606078512D+00    0.1000000000D+01
    0.6050000000D+02    0.9606135564D+00    0.1000000000D+01
    0.6100000000D+02    0.9606177980D+00    0.1000000000D+01
    0.6150000000D+02    0.9606219082D+00    0.1000000000D+01
    0.6200000000D+02    0.9606257162D+00    0.1000000000D+01
    0.6250000000D+02    0.9606281704D+00    0.1000000000D+01
    0.6300000000D+02    0.9606296216D+00    0.1000000000D+01
    0.6350000000D+02    0.9606325921D+00    0.1000000000D+01
    0.6400000000D+02    0.9606364917D+00    0.1000000000D+01
    0.6450000000D+02    0.9606382746D+00    0.1000000000D+01
    0.6500000000D+02    0.9606393552D+00    0.1000000000D+01
    0.6550000000D+02    0.9606426142D+00    0.1000000000D+01
    0.6600000000D+02    0.9606452865D+00    0.1000000000D+01
    0.6650000000D+02    0.9606476894D+00    0.1000000000D+01
    0.6700000000D+02    0.9606531623D+00    0.1000000000D+01
    0.6750000000D+02    0.9606587302D+00    0.1000000000D+01
    0.6800000000D+02    0.9606608615D+00    0.1000000000D+01
    0.6850000000D+02    0.9606620212D+00    0.1000000000D+01
    0.6900000000D+02    0.9606661510D+00    0.1000000000D+01
    0.6950000000D+02    0.9606691497D+00    0.1000000000D+01
    0.7000000000D+02    0.9606694696D+00    0.1000000000D+01
    0.7050000000D+02    0.9606725659D+00    0.1000000000D+01
    0.7100000000D+02    0.9606749697D+00    0.1000000000D+01
    0.7150000000D+02    0.9606739933D+00    0.1000000000D+01
    0.7200000000D+02    0.9606748601D+00    0.1000000000D+01
    0.7250000000D+02    0.9606789254D+00    0.1000000000D+01
    0.7300000000D+02    0.9606825641D+00    0.1000000000D+01
    0.7350000000D+02    0.9606852940D+00    0.1000000000D+01
    0.7400000000D+02    0.9606902255D+00    0.1000000000D+01
    0.7450000000D+02    0.9606948238D+00    0.1000000000D+01
    0.7500000000D+02    0.9606959561D+00    0.1000000000D+01
    0.7550000000D+02    0.9606966728D+00    0.1000000000D+01
    0.7600000000D+02    0.9606988750D+00    0.1000000000D+01
    0.7650000000D+02    0.9607004475D+00    0.1000000000D+01
    0.7700000000D+02    0.9607003653D+00    0.1000000000D+01
    0.7750000000D+02    0.9607011677D+00    0.1000000000D+01
    0.7800000000D+02    0.9607041508D+00    0.1000000000D+01
    0.7850000000D+02    0.9607072752D+00    0.1000000000D+01
    0.7900000000D+02    0.9607089577D+00    0.1000000000D+01
    0.7950000000D+02    0.9607135186D+00    0.1000000000D+01
    0.8000000000D+02    0.9607198676D+00    0.1000000000D+01
    0.8050000000D+02    0.9607198516D+00    0.1000000000D+01
    0.8100000000D+02    0.9607190809D+00    0.1000000000D+01
    0.8150000000D+02    0.9607219204D+00    0.1000000000D+01
    0.8200000000D+02    0.9607215525D+00    0.1000000000D+01
    0.8250000000D+02    0.9607200698D+00    0.1000000000D+01
    0.8300000000D+02    0.9607224370D+00    0.1000000000D+01
    0.8350000000D+02    0.9607268217D+00    0.1000000000D+01
    0.8400000000D+02    0.9607291392D+00    0.1000000000D+01
    0.8450000000D+02    0.9607303387D+00    0.1000000000D+01
    0.8500000000D+02    0.9607338615D+00    0.1000000000D+01
    0.8550000000D+02    0.9607369776D+00    0.1000000000D+01
    0.8600000000D+02    0.9607372764D+00    0.1000000000D+01
    0.8650000000D+02    0.9607379182D+00    0.1000000000D+01
    0.8700000000D+02    0.9607413770D+00    0.1000000000D+01
    0.8750000000D+02    0.9607440439D+00    0.1000000000D+01
    0.8800000000D+02    0.9607437843D+00    0.1000000000D+01
    0.8850000000D+02    0.9607442312D+00    0.1000000000D+01
    0.8900000000D+02    0.9607465174D+00    0.1000000000D+01
    0.8950000000D+02    0.9607474047D+00    0.1000000000D+01
    0.9000000000D+02    0.9607464497D+00    0.1000000000D+01
    0.9050000000D+02    0.9607487937D+00    0.1000000000D+01
    0.9100000000D+02    0.9607531888D+00    0.1000000000D+01
    0.9150000000D+02    0.9607540780D+00    0.1000000000D+01
    0.9200000000D+02    0.9607542840D+00    0.1000000000D+01
    0.9250000000D+02    0.9607581499D+00    0.1000000000D+01
    0.9300000000D+02    0.9607631788D+00    0.1000000000D+01
    0.9350000000D+02    0.9607635672D+00    0.1000000000D+01
    0.9400000000D+02    0.9607632611D+00    0.1000000000D+01
    0.9450000000D+02    0.9607668253D+00    0.1000000000D+01
    0.9500000000D+02    0.9607665283D+00    0.1000000000D+01
    0.9550000000D+02    0.9607624023D+00    0.1000000000D+01
    0.9600000000D+02    0.9607625619D+00    0.1000000000D+01
    0.9650000000D+02    0.9607662682D+00    0.1000000000D+01
    0.9700000000D+02    0.9607686164D+00    0.1000000000D+01
    0.9750000000D+02    0.9607704118D+00    0.1000000000D+01
    0.9800000000D+02    0.9607747230D+00    0.1000000000D+01
    0.9850000000D+02    0.9607795063D+00    0.1000000000D+01
    0.9900000000D+02    0.9607813106D+00    0.1000000000D+01
    0.9950000000D+02    0.9607811406D+00    0.1000000000D+01
    0.1000000000D+03    0.9607818516D+00    0.1000000000D+01
    0.1005000000D+03    0.9607821697D+00    0.1000000000D+01
    0.1010000000D+03    0.9607799032D+00    0.1000000000D+01
    0.1015000000D+03    0.9607769021D+00    0.1000000000D+01
    0.1020000000D+03    0.9607779414D+00    0.1000000000D+01
    0.1025000000D+03    0.9607837514D+00    0.1000000000D+01
    0.1030000000D+03    0.9607859608D+00    0.1000000000D+01
    0.1035000000D+03    0.9607857299D+00    0.1000000000D+01
    0.1040000000D+03    0.9607910644D+00    0.1000000000D+01
    0.1045000000D+03    0.9607948669D+00    0.1000000000D+01
    0.1050000000D+03    0.9607932035D+00    0.1000000000D+01
    0.1055000000D+03    0.9607930741D+00    0.1000000000D+01
    0.1060000000D+03    0.9607959286D+00    0.1000000000D+01
    0.1065000000D+03    0.9607971259D+00    0.1000000000D+01
    0.1070000000D+03    0.9607948306D+00    0.1000000000D+01
    0.1075000000D+03    0.9607938204D+00    0.1000000000D+01
    0.1080000000D+03    0.9607963391D+00    0.1000000000D+01
    0.1085000000D+03    0.9607979126D+00    0.1000000000D+01
    0.1090000000D+03    0.9607970213D+00    0.1000000000D+01
    0.1095000000D+03    0.9607985768D+00    0.1000000000D+01
    0.1100000000D+03    0.9608038956D+00    0.1000000000D+01
    0.1105000000D+03    0.9608071674D+00    0.1000000000D+01
    0.1110000000D+03    0.9608072207D+00    0.1000000000D+01
    0.1115000000D+03    0.9608078426D+00    0.1000000000D+01
    0.1120000000D+03    0.9608097373D+00    0.1000000000D+01
    0.1125000000D+03    0.9608102706D+00    0.1000000000D+01
    0.1130000000D+03    0.9608087989D+00    0.1000000000D+01
    0.1135000000D+03    0.9608085909D+00    0.1000000000D+01
    0.1140000000D+03    0.9608111396D+00    0.1000000000D+01
    0.1145000000D+03    0.9608125349D+00    0.1000000000D+01
    0.1150000000D+03    0.9608091267D+00    0.1000000000D+01
    0.1155000000D+03    0.9608089032D+00    0.1000000000D+01
    0.1160000000D+03    0.9608159892D+00    0.1000000000D+01
    0.1165000000D+03    0.9608192144D+00    0.1000000000D+01
    0.1170000000D+03    0.9608183600D+00    0.1000000000D+01
    0.1175000000D+03    0.9608211822D+00    0.1000000000D+01
    0.1180000000D+03    0.9608243158D+00    0.1000000000D+01
    0.1185000000D+03    0.9608218449D+00    0.1000000000D+01
    0.1190000000D+03    0.9608174273D+00    0.1000000000D+01
    0.1195000000D+03    0.9608188070D+00    0.1000000000D+01
    0.1200000000D+03    0.9608227173D+00    0.1000000000D+01
    0.1205000000D+03    0.9608226922D+00    0.1000000000D+01
    0.1210000000D+03    0.9608216321D+00    0.1000000000D+01
    0.1215000000D+03    0.9608232740D+00    0.1000000000D+01
    0.1220000000D+03    0.9608266177D+00    0.1000000000D+01
    0.1225000000D+03    0.9608294174D+00    0.1000000000D+01
    0.1230000000D+03    0.9608301672D+00    0.1000000000D+01
    0.1235000000D+03    0.9608306084D+00    0.1000000000D+01
    0.1240000000D+03    0.9608334613D+00    0.1000000000D+01
    0.1245000000D+03    0.9608331606D+00    0.1000000000D+01
    0.1250000000D+03    0.9608280562D+00    0.1000000000D+01
    0.1255000000D+03    0.9608277336D+00    0.1000000000D+01
    0.1260000000D+03    0.9608332072D+00    0.1000000000D+01
    0.1265000000D+03    0.9608364449D+00    0.1000000000D+01
    0.1270000000D+03    0.9608346345D+00    0.1000000000D+01
    0.1275000000D+03    0.9608346885D+00    0.1000000000D+01
    0.1280000000D+03    0.9608389374D+00    0.1000000000D+01
    0.1285000000D+03    0.9608394632D+00    0.1000000000D+01
    0.1290000000D+03    0.9608375994D+00    0.1000000000D+01
    0.1295000000D+03    0.9608401905D+00    0.1000000000D+01
    0.1300000000D+03    0.9608453082D+00    0.1000000000D+01
    0.1305000000D+03    0.9608458810D+00    0.1000000000D+01
    0.1310000000D+03    0.9608415886D+00    0.1000000000D+01
    0.1315000000D+03    0.9608404884D+00    0.1000000000D+01
    0.1320000000D+03    0.9608433270D+00    0.1000000000D+01
    0.1325000000D+03    0.9608441401D+00    0.1000000000D+01
    0.1330000000D+03    0.9608429368D+00    0.1000000000D+01
    0.1335000000D+03    0.9608435331D+00    0.1000000000D+01
    0.1340000000D+03    0.9608461718D+00    0.1000000000D+01
    0.1345000000D+03    0.9608478851D+00    0.1000000000D+01
    0.1350000000D+03    0.9608476534D+00    0.1000000000D+01
    0.1355000000D+03    0.9608479044D+00    0.1000000000D+01
    0.1360000000D+03    0.9608511728D+00    0.1000000000D+01
    0.1365000000D+03    0.9608547438D+00    0.1000000000D+01
    0.1370000000D+03    0.9608541714D+00    0.1000000000D+01
    0.1375000000D+03    0.9608497945D+00    0.1000000000D+01
    0.1380000000D+03    0.9608483659D+00    0.1000000000D+01
    0.1385000000D+03    0.9608530237D+00    0.1000000000D+01
    0.1390000000D+03    0.9608536991D+00    0.1000000000D+01
    0.1395000000D+03    0.9608510414D+00    0.1000000000D+01
    0.1400000000D+03    0.9608560228D+00    0.1000000000D+01
    0.1405000000D+03    0.9608606942D+00    0.1000000000D+01
    0.1410000000D+03    0.9608579087D+00    0.1000000000D+01
    0.1415000000D+03    0.9608560226D+00    0.1000000000D+01
    0.1420000000D+03    0.9608587376D+00    0.1000000000D+01
    0.1425000000D+03    0.9608618767D+00    0.1000000000D+01
    0.1430000000D+03    0.9608622988D+00    0.1000000000D+01
    0.1435000000D+03    0.9608612999D+00    0.1000000000D+01
    0.1440000000D+03    0.9608606835D+00    0.1000000000D+01
    0.1445000000D+03    0.9608613727D+00    0.1000000000D+01
    0.1450000000D+03    0.9608621223D+00    0.1000000000D+01
    0.1455000000D+03    0.9608616231D+00    0.1000000000D+01
    0.1460000000D+03    0.9608619503D+00    0.1000000000D+01
    0.1465000000D+03    0.9608652657D+00    0.1000000000D+01
    0.1470000000D+03    0.9608686496D+00    0.1000000000D+01
    0.1475000000D+03    0.9608674147D+00    0.1000000000D+01
    0.1480000000D+03    0.9608647182D+00    0.1000000000D+01
    0.1485000000D+03    0.9608660987D+00    0.1000000000D+01
    0.1490000000D+03    0.9608703306D+00    0.1000000000D+01
    0.1495000000D+03    0.9608707185D+00    0.1000000000D+01
    0.1500000000D+03    0.9608667125D+00    0.1000000000D+01
    0.1505000000D+03    0.9608667954D+00    0.1000000000D+01
    0.1510000000D+03    0.9608704374D+00    0.1000000000D+01
    0.1515000000D+03    0.9608700209D+00    0.1000000000D+01
    0.1520000000D+03    0.9608674063D+00    0.1000000000D+01
    0.1525000000D+03    0.9608693378D+00    0.1000000000D+01
    0.1530000000D+03    0.9608756236D+00    0.1000000000D+01
    0.1535000000D+03    0.9608779433D+00    0.1000000000D+01
    0.1540000000D+03    0.9608751023D+00    0.1000000000D+01
    0.1545000000D+03    0.9608753014D+00    0.1000000000D+01
    0.1550000000D+03    0.9608786877D+00    0.1000000000D+01
    0.1555000000D+03    0.9608792567D+00    0.1000000000D+01
    0.1560000000D+03    0.9608761386D+00    0.1000000000D+01
    0.1565000000D+03    0.9608730587D+00    0.1000000000D+01
    0.1570000000D+03    0.9608728885D+00    0.1000000000D+01
    0.1575000000D+03    0.9608746040D+00    0.1000000000D+01
    0.1580000000D+03    0.9608762982D+00    0.1000000000D+01
    0.1585000000D+03    0.9608776335D+00    0.1000000000D+01
    0.1590000000D+03    0.9608795115D+00    0.1000000000D+01
    0.1595000000D+03    0.9608850454D+00    0.1000000000D+01
    0.1600000000D+03    0.9608909625D+00    0.1000000000D+01
    0.1605000000D+03    0.9608866869D+00    0.1000000000D+01
    0.1610000000D+03    0.9608793362D+00    0.1000000000D+01
    0.1615000000D+03    0.9608816197D+00    0.1000000000D+01
    0.1620000000D+03    0.9608837565D+00    0.1000000000D+01
    0.1625000000D+03    0.9608796479D+00    0.1000000000D+01
    0.1630000000D+03    0.9608780691D+00    0.1000000000D+01
    0.1635000000D+03    0.9608825836D+00    0.1000000000D+01
    0.1640000000D+03    0.9608869718D+00    0.1000000000D+01
    0.1645000000D+03    0.9608850826D+00    0.1000000000D+01
    0.1650000000D+03    0.9608832350D+00    0.1000000000D+01
    0.1655000000D+03    0.9608871600D+00    0.1000000000D+01
    0.1660000000D+03    0.9608923702D+00    0.1000000000D+01
    0.1665000000D+03    0.9608934445D+00    0.1000000000D+01
    0.1670000000D+03    0.9608899886D+00    0.1000000000D+01
    0.1675000000D+03    0.9608866722D+00    0.1000000000D+01
    0.1680000000D+03    0.9608880266D+00    0.1000000000D+01
    0.1685000000D+03    0.9608921400D+00    0.1000000000D+01
    0.1690000000D+03    0.9608923037D+00    0.1000000000D+01
    0.1695000000D+03    0.9608893518D+00    0.1000000000D+01
    0.1700000000D+03    0.9608896277D+00    0.1000000000D+01
    0.1705000000D+03    0.9608926007D+00    0.1000000000D+01
    0.1710000000D+03    0.9608929411D+00    0.1000000000D+01
    0.1715000000D+03    0.9608902204D+00    0.1000000000D+01
    0.1720000000D+03    0.9608901148D+00    0.1000000000D+01
    0.1725000000D+03    0.9608949429D+00    0.1000000000D+01
    0.1730000000D+03    0.9609002887D+00    0.1000000000D+01
    0.1735000000D+03    0.9608985686D+00    0.1000000000D+01
    0.1740000000D+03    0.9608930311D+00    0.1000000000D+01
    0.1745000000D+03    0.9608961724D+00    0.1000000000D+01
    0.1750000000D+03    0.9609009985D+00    0.1000000000D+01
    0.1755000000D+03    0.9608964083D+00    0.1000000000D+01
    0.1760000000D+03    0.9608916225D+00    0.1000000000D+01
    0.1765000000D+03    0.9608944925D+00    0.1000000000D+01
    0.1770000000D+03    0.9608996666D+00    0.1000000000D+01
    0.1775000000D+03    0.9608995336D+00    0.1000000000D+01
    0.1780000000D+03    0.9608967330D+00    0.1000000000D+01
    0.1785000000D+03    0.9608978713D+00    0.1000000000D+01
    0.1790000000D+03    0.9609008435D+00    0.1000000000D+01
    0.1795000000D+03    0.9609021823D+00    0.1000000000D+01
    0.1800000000D+03    0.9609017390D+00    0.1000000000D+01
    0.1805000000D+03    0.9609001918D+00    0.1000000000D+01
    0.1810000000D+03    0.9609002110D+00    0.1000000000D+01
    0.1815000000D+03    0.9609042378D+00    0.1000000000D+01
    0.1820000000D+03    0.9609070556D+00    0.1000000000D+01
    0.1825000000D+03    0.9609045394D+00    0.1000000000D+01
    0.1830000000D+03    0.9609011349D+00    0.1000000000D+01
    0.1835000000D+03    0.9609023287D+00    0.1000000000D+01
    0.1840000000D+03    0.9609068261D+00    0.1000000000D+01
    0.1845000000D+03    0.9609053886D+00    0.1000000000D+01
    0.1850000000D+03    0.9609009533D+00    0.1000000000D+01
    0.1855000000D+03    0.9609041334D+00    0.1000000000D+01
    0.1860000000D+03    0.9609099493D+00    0.1000000000D+01
    0.1865000000D+03    0.9609107967D+00    0.1000000000D+01
    0.1870000000D+03    0.9609078743D+00    0.1000000000D+01
    0.1875000000D+03    0.9609056515D+00    0.1000000000D+01
    0.1880000000D+03    0.9609065840D+00    0.1000000000D+01
    0.1885000000D+03    0.9609073329D+00    0.1000000000D+01
    0.1890000000D+03    0.9609054472D+00    0.1000000000D+01
    0.1895000000D+03    0.9609040927D+00    0.1000000000D+01
    0.1900000000D+03    0.9609081116D+00    0.1000000000D+01
    0.1905000000D+03    0.9609141884D+00    0.1000000000D+01
    0.1910000000D+03    0.9609148117D+00    0.1000000000D+01
    0.1915000000D+03    0.9609117843D+00    0.1000000000D+01
    0.1920000000D+03    0.9609112287D+00    0.1000000000D+01
    0.1925000000D+03    0.9609127930D+00    0.1000000000D+01
    0.1930000000D+03    0.9609134448D+00    0.1000000000D+01
    0.1935000000D+03    0.9609125681D+00    0.1000000000D+01
    0.1940000000D+03    0.9609091527D+00    0.1000000000D+01
    0.1945000000D+03    0.9609061595D+00    0.1000000000D+01
    0.1950000000D+03    0.9609091567D+00    0.1000000000D+01
    0.1955000000D+03    0.9609163221D+00    0.1000000000D+01
    0.1960000000D+03    0.9609190721D+00    0.1000000000D+01
    0.1965000000D+03    0.9609150463D+00    0.1000000000D+01
    0.1970000000D+03    0.9609159276D+00    0.1000000000D+01
    0.1975000000D+03    0.9609219865D+00    0.1000000000D+01
    0.1980000000D+03    0.9609190416D+00    0.1000000000D+01
    0.1985000000D+03    0.9609115649D+00    0.1000000000D+01
    0.1990000000D+03    0.9609114122D+00    0.1000000000D+01
    0.1995000000D+03    0.9609156888D+00    0.1000000000D+01
    0.2000000000D+03    0.9609178633D+00    0.1000000000D+01
    0.2005000000D+03    0.9609168923D+00    0.1000000000D+01
    0.2010000000D+03    0.9609162807D+00    0.1000000000D+01
    0.2015000000D+03    0.9609188670D+00    0.1000000000D+01
    0.2020000000D+03    0.9609221028D+00    0.1000000000D+01
    0.2025000000D+03    0.9609227748D+00    0.1000000000D+01
    0.2030000000D+03    0.9609207867D+00    0.1000000000D+01
    0.2035000000D+03    0.9609189064D+00    0.1000000000D+01
    0.2040000000D+03    0.9609201635D+00    0.1000000000D+01
    0.2045000000D+03    0.9609231185D+00    0.1000000000D+01
    0.2050000000D+03    0.9609222081D+00    0.1000000000D+01
    0.2055000000D+03    0.9609174845D+00    0.1000000000D+01
    0.2060000000D+03    0.9609155683D+00    0.1000000000D+01
    0.2065000000D+03    0.9609205471D+00    0.1000000000D+01
    0.2070000000D+03    0.9609265733D+00    0.1000000000D+01
    0.2075000000D+03    0.9609248165D+00    0.1000000000D+01
    0.2080000000D+03    0.9609189592D+00    0.1000000000D+01
    0.2085000000D+03    0.9609193992D+00    0.1000000000D+01
    0.2090000000D+03    0.9609277990D+00    0.1000000000D+01
    0.2095000000D+03    0.9609329617D+00    0.1000000000D+01
    0.2100000000D+03    0.9609282588D+00    0.1000000000D+01
    0.2105000000D+03    0.9609240802D+00    0.1000000000D+01
    0.2110000000D+03    0.9609250282D+00    0.1000000000D+01
    0.2115000000D+03    0.9609248423D+00    0.1000000000D+01
    0.2120000000D+03    0.9609217456D+00    0.1000000000D+01
    0.2125000000D+03    0.9609197940D+00    0.1000000000D+01
    0.2130000000D+03    0.9609226577D+00    0.1000000000D+01
    0.2135000000D+03    0.9609276269D+00    0.1000000000D+01
    0.2140000000D+03    0.9609299796D+00    0.1000000000D+01
    0.2145000000D+03    0.9609290822D+00    0.1000000000D+01
    0.2150000000D+03    0.9609286380D+00    0.1000000000D+01
    0.2155000000D+03    0.9609312379D+00    0.1000000000D+01
    0.2160000000D+03    0.9609334327D+00    0.1000000000D+01
    0.2165000000D+03    0.9609330064D+00    0.1000000000D+01
    0.2170000000D+03    0.9609302192D+00    0.1000000000D+01
    0.2175000000D+03    0.9609238192D+00    0.1000000000D+01
    0.2180000000D+03    0.9609199100D+00    0.1000000000D+01
    0.2185000000D+03    0.9609277795D+00    0.1000000000D+01
    0.2190000000D+03    0.9609349275D+00    0.1000000000D+01
    0.2195000000D+03    0.9609293291D+00    0.1000000000D+01
    0.2200000000D+03    0.9609278422D+00    0.1000000000D+01
    0.2205000000D+03    0.9609372543D+00    0.1000000000D+01
    0.2210000000D+03    0.9609411645D+00    0.1000000000D+01
    0.2215000000D+03    0.9609351973D+00    0.1000000000D+01
    0.2220000000D+03    0.9609294333D+00    0.1000000000D+01
    0.2225000000D+03    0.9609294912D+00    0.1000000000D+01
    0.2230000000D+03    0.9609314634D+00    0.1000000000D+01
    0.2235000000D+03    0.9609311852D+00    0.1000000000D+01
    0.2240000000D+03    0.9609288125D+00    0.1000000000D+01
    0.2245000000D+03    0.9609273572D+00    0.1000000000D+01
    0.2250000000D+03    0.9609306678D+00    0.1000000000D+01
    0.2255000000D+03    0.9609379328D+00    0.1000000000D+01
    0.2260000000D+03    0.9609425798D+00    0.1000000000D+01
    0.2265000000D+03    0.9609408768D+00    0.1000000000D+01
    0.2270000000D+03    0.9609384090D+00    0.1000000000D+01
    0.2275000000D+03    0.9609394507D+00    0.1000000000D+01
    0.2280000000D+03    0.9609401982D+00    0.1000000000D+01
    0.2285000000D+03    0.9609374590D+00    0.1000000000D+01
    0.2290000000D+03    0.9609325151D+00    0.1000000000D+01
    0.2295000000D+03    0.9609293977D+00    0.1000000000D+01
    0.2300000000D+03    0.9609311326D+00    0.1000000000D+01
    0.2305000000D+03    0.9609366080D+00    0.1000000000D+01
    0.2310000000D+03    0.9609381749D+00    0.1000000000D+01
    0.2315000000D+03    0.9609341567D+00    0.1000000000D+01
    0.2320000000D+03    0.9609354777D+00    0.1000000000D+01
    0.2325000000D+03    0.9609443589D+00    0.1000000000D+01
    0.2330000000D+03    0.9609505277D+00    0.1000000000D+01
    0.2335000000D+03    0.9609455829D+00    0.1000000000D+01
    0.2340000000D+03    0.9609366636D+00    0.1000000000D+01
    0.2345000000D+03    0.9609374655D+00    0.1000000000D+01
    0.2350000000D+03    0.9609421460D+00    0.1000000000D+01
    0.2355000000D+03    0.9609400687D+00    0.1000000000D+01
    0.2360000000D+03    0.9609347207D+00    0.1000000000D+01
    0.2365000000D+03    0.9609327609D+00    0.1000000000D+01
    0.2370000000D+03    0.9609361717D+00    0.1000000000D+01
    0.2375000000D+03    0.9609416080D+00    0.1000000000D+01
    0.2380000000D+03    0.9609451445D+00    0.1000000000D+01
    0.2385000000D+03    0.9609466667D+00    0.1000000000D+01
    0.2390000000D+03    0.9609466301D+00    0.1000000000D+01
    0.2395000000D+03    0.9609464507D+00    0.1000000000D+01
    0.2400000000D+03    0.9609484880D+00    0.1000000000D+01
    0.2405000000D+03    0.9609480060D+00    0.1000000000D+01
    0.2410000000D+03    0.9609400330D+00    0.1000000000D+01
    0.2415000000D+03    0.9609328330D+00    0.1000000000D+01
    0.2420000000D+03    0.9609355579D+00    0.1000000000D+01
    0.2425000000D+03    0.9609442560D+00    0.1000000000D+01
    0.2430000000D+03    0.9609462228D+00    0.1000000000D+01
    0.2435000000D+03    0.9609413458D+00    0.1000000000D+01
    0.2440000000D+03    0.9609433338D+00    0.1000000000D+01
    0.2445000000D+03    0.9609508673D+00    0.1000000000D+01
    0.2450000000D+03    0.9609532093D+00    0.1000000000D+01
    0.2455000000D+03    0.9609490116D+00    0.1000000000D+01
    0.2460000000D+03    0.9609438070D+00    0.1000000000D+01
    0.2465000000D+03    0.9609426289D+00    0.1000000000D+01
    0.2470000000D+03    0.9609447878D+00    0.1000000000D+01
    0.2475000000D+03    0.9609464105D+00    0.1000000000D+01
    0.2480000000D+03    0.9609429606D+00    0.1000000000D+01
    0.2485000000D+03    0.9609384705D+00    0.1000000000D+01
    0.2490000000D+03    0.9609414404D+00    0.1000000000D+01
    0.2495000000D+03    0.9609498354D+00    0.1000000000D+01
    0.2500000000D+03    0.9609544899D+00    0.1000000000D+01
    0.2505000000D+03    0.9609528949D+00    0.1000000000D+01
    0.2510000000D+03    0.9609502039D+00    0.1000000000D+01
    0.2515000000D+03    0.9609502109D+00    0.1000000000D+01
    0.2520000000D+03    0.9609520943D+00    0.1000000000D+01
    0.2525000000D+03    0.9609538185D+00    0.1000000000D+01
    0.2530000000D+03    0.9609527998D+00    0.1000000000D+01
    0.2535000000D+03    0.9609448952D+00    0.1000000000D+01
    0.2540000000D+03    0.9609372419D+00    0.1000000000D+01
    0.2545000000D+03    0.9609433878D+00    0.1000000000D+01
    0.2550000000D+03    0.9609522158D+00    0.1000000000D+01
    0.2555000000D+03    0.9609485384D+00    0.1000000000D+01
    0.2560000000D+03    0.9609453587D+00    0.1000000000D+01
    0.2565000000D+03    0.9609524054D+00    0.1000000000D+01
    0.2570000000D+03    0.9609597968D+00    0.1000000000D+01
    0.2575000000D+03    0.9609597402D+00    0.1000000000D+01
    0.2580000000D+03    0.9609544457D+00    0.1000000000D+01
    0.2585000000D+03    0.9609502566D+00    0.1000000000D+01
    0.2590000000D+03    0.9609492612D+00    0.1000000000D+01
    0.2595000000D+03    0.9609497097D+00    0.1000000000D+01
    0.2600000000D+03    0.9609496609D+00    0.1000000000D+01
    0.2605000000D+03    0.9609477725D+00    0.1000000000D+01
    0.2610000000D+03    0.9609464592D+00    0.1000000000D+01
    0.2615000000D+03    0.9609499080D+00    0.1000000000D+01
    0.2620000000D+03    0.9609563286D+00    0.1000000000D+01
    0.2625000000D+03    0.9609603677D+00    0.1000000000D+01
    0.2630000000D+03    0.9609591415D+00    0.1000000000D+01
    0.2635000000D+03    0.9609539318D+00    0.1000000000D+01
    0.2640000000D+03    0.9609531272D+00    0.1000000000D+01
    0.2645000000D+03    0.9609590100D+00    0.1000000000D+01
    0.2650000000D+03    0.9609591459D+00    0.1000000000D+01
    0.2655000000D+03    0.9609507452D+00    0.1000000000D+01
    0.2660000000D+03    0.9609457417D+00    0.1000000000D+01
    0.2665000000D+03    0.9609506563D+00    0.1000000000D+01
    0.2670000000D+03    0.9609589282D+00    0.1000000000D+01
    0.2675000000D+03    0.9609604649D+00    0.1000000000D+01
    0.2680000000D+03    0.9609546773D+00    0.1000000000D+01
    0.2685000000D+03    0.9609496475D+00    0.1000000000D+01
    0.2690000000D+03    0.9609544685D+00    0.1000000000D+01
    0.2695000000D+03    0.9609642407D+00    0.1000000000D+01
    0.2700000000D+03    0.9609652100D+00    0.1000000000D+01
    0.2705000000D+03    0.9609573271D+00    0.1000000000D+01
    0.2710000000D+03    0.9609503789D+00    0.1000000000D+01
    0.2715000000D+03    0.9609512522D+00    0.1000000000D+01
    0.2720000000D+03    0.9609568726D+00    0.1000000000D+01
    0.2725000000D+03    0.9609600130D+00    0.1000000000D+01
    0.2730000000D+03    0.9609585268D+00    0.1000000000D+01
    0.2735000000D+03    0.9609550177D+00    0.1000000000D+01
    0.2740000000D+03    0.9609548233D+00    0.1000000000D+01
    0.2745000000D+03    0.9609593380D+00    0.1000000000D+01
    0.2750000000D+03    0.9609643441D+00    0.1000000000D+01
    0.2755000000D+03    0.9609654086D+00    0.1000000000D+01
    0.2760000000D+03    0.9609610217D+00    0.1000000000D+01
    0.2765000000D+03    0.9609557683D+00    0.1000000000D+01
    0.2770000000D+03    0.9609589089D+00    0.1000000000D+01
    0.2775000000D+03    0.9609649237D+00    0.1000000000D+01
    0.2780000000D+03    0.9609585316D+00    0.1000000000D+01
    0.2785000000D+03    0.9609493476D+00    0.1000000000D+01
    0.2790000000D+03    0.9609533168D+00    0.1000000000D+01
    0.2795000000D+03    0.9609623953D+00    0.1000000000D+01
    0.2800000000D+03    0.9609648895D+00    0.1000000000D+01
    0.2805000000D+03    0.9609621406D+00    0.1000000000D+01
    0.2810000000D+03    0.9609607534D+00    0.1000000000D+01
    0.2815000000D+03    0.9609628797D+00    0.1000000000D+01
    0.2820000000D+03    0.9609649906D+00    0.1000000000D+01
    0.2825000000D+03    0.9609648813D+00    0.1000000000D+01
    0.2830000000D+03    0.9609640648D+00    0.1000000000D+01
    0.2835000000D+03    0.9609614916D+00    0.1000000000D+01
    0.2840000000D+03    0.9609579217D+00    0.1000000000D+01
    0.2845000000D+03    0.9609584970D+00    0.1000000000D+01
    0.2850000000D+03    0.9609611269D+00    0.1000000000D+01
    0.2855000000D+03    0.9609609172D+00    0.1000000000D+01
    0.2860000000D+03    0.9609597500D+00    0.1000000000D+01
    0.2865000000D+03    0.9609608686D+00    0.1000000000D+01
    0.2870000000D+03    0.9609657958D+00    0.1000000000D+01
    0.2875000000D+03    0.9609722458D+00    0.1000000000D+01
    0.2880000000D+03    0.9609734781D+00    0.1000000000D+01
    0.2885000000D+03    0.9609667455D+00    0.1000000000D+01
    0.2890000000D+03    0.9609594310D+00    0.1000000000D+01
    0.2895000000D+03    0.9609601988D+00    0.1000000000D+01
    0.2900000000D+03    0.9609663903D+00    0.1000000000D+01
    0.2905000000D+03    0.9609674208D+00    0.1000000000D+01
    0.2910000000D+03    0.9609593414D+00    0.1000000000D+01
    0.2915000000D+03    0.9609540837D+00    0.1000000000D+01
    0.2920000000D+03    0.9609614606D+00    0.1000000000D+01
    0.2925000000D+03    0.9609710432D+00    0.1000000000D+01
    0.2930000000D+03    0.9609730658D+00    0.1000000000D+01
    0.2935000000D+03    0.9609695900D+00    0.1000000000D+01
    0.2940000000D+03    0.9609646054D+00    0.1000000000D+01
    0.2945000000D+03    0.9609624831D+00    0.1000000000D+01
    0.2950000000D+03    0.9609645825D+00    0.1000000000D+01
    0.2955000000D+03    0.9609680250D+00    0.1000000000D+01
    0.2960000000D+03    0.9609679980D+00    0.1000000000D+01
    0.2965000000D+03    0.9609635641D+00    0.1000000000D+01
    0.2970000000D+03    0.9609615389D+00    0.1000000000D+01
    0.2975000000D+03    0.9609659687D+00    0.1000000000D+01
    0.2980000000D+03    0.9609720568D+00    0.1000000000D+01
    0.2985000000D+03    0.9609735544D+00    0.1000000000D+01
    0.2990000000D+03    0.9609674366D+00    0.1000000000D+01
    0.2995000000D+03    0.9609594862D+00    0.1000000000D+01
    0.3000000000D+03    0.9609639630D+00    0.1000000000D+01
    0.3005000000D+03    0.9609759728D+00    0.1000000000D+01
    0.3010000000D+03    0.9609766701D+00    0.1000000000D+01
    0.3015000000D+03    0.9609686865D+00    0.1000000000D+01
    0.3020000000D+03    0.9609654647D+00    0.1000000000D+01
    0.3025000000D+03    0.9609685608D+00    0.1000000000D+01
    0.3030000000D+03    0.9609721092D+00    0.1000000000D+01
    0.3035000000D+03    0.9609712086D+00    0.1000000000D+01
    0.3040000000D+03    0.9609668308D+00    0.1000000000D+01
    0.3045000000D+03    0.9609634089D+00    0.1000000000D+01
    0.3050000000D+03    0.9609638816D+00    0.1000000000D+01
    0.3055000000D+03    0.9609689983D+00    0.1000000000D+01
    0.3060000000D+03    0.9609751743D+00    0.1000000000D+01
    0.3065000000D+03    0.9609768634D+00    0.1000000000D+01
    0.3070000000D+03    0.9609736346D+00    0.1000000000D+01
    0.3075000000D+03    0.9609698059D+00    0.1000000000D+01
    0.3080000000D+03    0.9609695844D+00    0.1000000000D+01
    0.3085000000D+03    0.9609713227D+00    0.1000000000D+01
    0.3090000000D+03    0.9609708108D+00    0.1000000000D+01
    0.3095000000D+03    0.9609674416D+00    0.1000000000D+01
    0.3100000000D+03    0.9609657905D+00    0.1000000000D+01
    0.3105000000D+03    0.9609689008D+00    0.1000000000D+01
    0.3110000000D+03    0.9609722598D+00    0.1000000000D+01
    0.3115000000D+03    0.9609734151D+00    0.1000000000D+01
    0.3120000000D+03    0.9609717950D+00    0.1000000000D+01
    0.3125000000D+03    0.9609691448D+00    0.1000000000D+01
    0.3130000000D+03    0.9609756764D+00    0.1000000000D+01
    0.3135000000D+03    0.9609861494D+00    0.1000000000D+01
    0.3140000000D+03    0.9609810729D+00    0.1000000000D+01
    0.3145000000D+03    0.9609662390D+00    0.1000000000D+01
    0.3150000000D+03    0.9609630368D+00    0.1000000000D+01
    0.3155000000D+03    0.9609701938D+00    0.1000000000D+01
    0.3160000000D+03    0.9609733462D+00    0.1000000000D+01
    0.3165000000D+03    0.9609703968D+00    0.1000000000D+01
    0.3170000000D+03    0.9609691808D+00    0.1000000000D+01
    0.3175000000D+03    0.9609714546D+00    0.1000000000D+01
    0.3180000000D+03    0.9609744436D+00    0.1000000000D+01
    0.3185000000D+03    0.9609792236D+00    0.1000000000D+01
    0.3190000000D+03    0.9609830367D+00    0.1000000000D+01
    0.3195000000D+03    0.9609797045D+00    0.1000000000D+01
    0.3200000000D+03    0.9609713029D+00    0.1000000000D+01
    0.3205000000D+03    0.9609670172D+00    0.1000000000D+01
    0.3210000000D+03    0.9609699142D+00    0.1000000000D+01
    0.3215000000D+03    0.9609754426D+00    0.1000000000D+01
    0.3220000000D+03    0.9609766073D+00    0.1000000000D+01
    0.3225000000D+03    0.9609716272D+00    0.1000000000D+01
    0.3230000000D+03    0.9609682236D+00    0.1000000000D+01
    0.3235000000D+03    0.9609733032D+00    0.1000000000D+01
    0.3240000000D+03    0.9609830986D+00    0.1000000000D+01
    0.3245000000D+03    0.9609855177D+00    0.1000000000D+01
    0.3250000000D+03    0.9609761879D+00    0.1000000000D+01
    0.3255000000D+03    0.9609676895D+00    0.1000000000D+01
    0.3260000000D+03    0.9609716125D+00    0.1000000000D+01
    0.3265000000D+03    0.9609811364D+00    0.1000000000D+01
    0.3270000000D+03    0.9609839909D+00    0.1000000000D+01
    0.3275000000D+03    0.9609788733D+00    0.1000000000D+01
    0.3280000000D+03    0.9609711905D+00    0.1000000000D+01
    0.3285000000D+03    0.9609672147D+00    0.1000000000D+01
    0.3290000000D+03    0.9609714256D+00    0.1000000000D+01
    0.3295000000D+03    0.9609801181D+00    0.1000000000D+01
    0.3300000000D+03    0.9609831824D+00    0.1000000000D+01
    0.3305000000D+03    0.9609795851D+00    0.1000000000D+01
    0.3310000000D+03    0.9609768776D+00    0.1000000000D+01
    0.3315000000D+03    0.9609783992D+00    0.1000000000D+01
    0.3320000000D+03    0.9609822285D+00    0.1000000000D+01
    0.3325000000D+03    0.9609848687D+00    0.1000000000D+01
    0.3330000000D+03    0.9609840762D+00    0.1000000000D+01
    0.3335000000D+03    0.9609761167D+00    0.1000000000D+01
    0.3340000000D+03    0.9609660090D+00    0.1000000000D+01
    0.3345000000D+03    0.9609679807D+00    0.1000000000D+01
    0.3350000000D+03    0.9609792067D+00    0.1000000000D+01
    0.3355000000D+03    0.9609829144D+00    0.1000000000D+01
    0.3360000000D+03    0.9609769791D+00    0.1000000000D+01
    0.3365000000D+03    0.9609749823D+00    0.1000000000D+01
    0.3370000000D+03    0.9609815294D+00    0.1000000000D+01
    0.3375000000D+03    0.9609871564D+00    0.1000000000D+01
    0.3380000000D+03    0.9609841865D+00    0.1000000000D+01
    0.3385000000D+03    0.9609788091D+00    0.1000000000D+01
    0.3390000000D+03    0.9609780152D+00    0.1000000000D+01
    0.3395000000D+03    0.9609779299D+00    0.1000000000D+01
    0.3400000000D+03    0.9609779427D+00    0.1000000000D+01
    0.3405000000D+03    0.9609783156D+00    0.1000000000D+01
    0.3410000000D+03    0.9609776123D+00    0.1000000000D+01
    0.3415000000D+03    0.9609782186D+00    0.1000000000D+01
    0.3420000000D+03    0.9609806512D+00    0.1000000000D+01
    0.3425000000D+03    0.9609823903D+00    0.1000000000D+01
    0.3430000000D+03    0.9609848596D+00    0.1000000000D+01
    0.3435000000D+03    0.9609886192D+00    0.1000000000D+01
    0.3440000000D+03    0.9609873882D+00    0.1000000000D+01
    0.3445000000D+03    0.9609809144D+00    0.1000000000D+01
    0.3450000000D+03    0.9609766547D+00    0.1000000000D+01
    0.3455000000D+03    0.9609778105D+00    0.1000000000D+01
    0.3460000000D+03    0.9609816367D+00    0.1000000000D+01
    0.3465000000D+03    0.9609823284D+00    0.1000000000D+01
    0.3470000000D+03    0.9609783563D+00    0.1000000000D+01
    0.3475000000D+03    0.9609764681D+00    0.1000000000D+01
    0.3480000000D+03    0.9609801420D+00    0.1000000000D+01
    0.3485000000D+03    0.9609841334D+00    0.1000000000D+01
    0.3490000000D+03    0.9609857112D+00    0.1000000000D+01
    0.3495000000D+03    0.9609863466D+00    0.1000000000D+01
    0.3500000000D+03    0.9609853711D+00    0.1000000000D+01
    0.3505000000D+03    0.9609844275D+00    0.1000000000D+01
    0.3510000000D+03    0.9609853850D+00    0.1000000000D+01
    0.3515000000D+03    0.9609860776D+00    0.1000000000D+01
    0.3520000000D+03    0.9609841622D+00    0.1000000000D+01
    0.3525000000D+03    0.9609790669D+00    0.1000000000D+01
    0.3530000000D+03    0.9609746283D+00    0.1000000000D+01
    0.3535000000D+03    0.9609758987D+00    0.1000000000D+01
    0.3540000000D+03    0.9609809064D+00    0.1000000000D+01
    0.3545000000D+03    0.9609848936D+00    0.1000000000D+01
    0.3550000000D+03    0.9609864007D+00    0.1000000000D+01
    0.3555000000D+03    0.9609889613D+00    0.1000000000D+01
    0.3560000000D+03    0.9609929339D+00    0.1000000000D+01
    0.3565000000D+03    0.9609917331D+00    0.1000000000D+01
    0.3570000000D+03    0.9609877389D+00    0.1000000000D+01
    0.3575000000D+03    0.9609862608D+00    0.1000000000D+01
    0.3580000000D+03    0.9609802524D+00    0.1000000000D+01
    0.3585000000D+03    0.9609727876D+00    0.1000000000D+01
    0.3590000000D+03    0.9609781835D+00    0.1000000000D+01
    0.3595000000D+03    0.9609881446D+00    0.1000000000D+01
    0.3600000000D+03    0.9609883726D+00    0.1000000000D+01
    0.3605000000D+03    0.9609836321D+00    0.1000000000D+01
    0.3610000000D+03    0.9609822669D+00    0.1000000000D+01
    0.3615000000D+03    0.9609857231D+00    0.1000000000D+01
    0.3620000000D+03    0.9609894030D+00    0.1000000000D+01
    0.3625000000D+03    0.9609899596D+00    0.1000000000D+01
    0.3630000000D+03    0.9609884391D+00    0.1000000000D+01
    0.3635000000D+03    0.9609863802D+00    0.1000000000D+01
    0.3640000000D+03    0.9609841834D+00    0.1000000000D+01
    0.3645000000D+03    0.9609827457D+00    0.1000000000D+01
    0.3650000000D+03    0.9609846904D+00    0.1000000000D+01
    0.3655000000D+03    0.9609872673D+00    0.1000000000D+01
    0.3660000000D+03    0.9609861268D+00    0.1000000000D+01
    0.3665000000D+03    0.9609844633D+00    0.1000000000D+01
    0.3670000000D+03    0.9609868948D+00    0.1000000000D+01
    0.3675000000D+03    0.9609922513D+00    0.1000000000D+01
    0.3680000000D+03    0.9609938897D+00    0.1000000000D+01
    0.3685000000D+03    0.9609901983D+00    0.1000000000D+01
    0.3690000000D+03    0.9609867095D+00    0.1000000000D+01
    0.3695000000D+03    0.9609848780D+00    0.1000000000D+01
    0.3700000000D+03    0.9609840210D+00    0.1000000000D+01
    0.3705000000D+03    0.9609858110D+00    0.1000000000D+01
    0.3710000000D+03    0.9609871040D+00    0.1000000000D+01
    0.3715000000D+03    0.9609838244D+00    0.1000000000D+01
    0.3720000000D+03    0.9609814180D+00    0.1000000000D+01
    0.3725000000D+03    0.9609851241D+00    0.1000000000D+01
    0.3730000000D+03    0.9609929123D+00    0.1000000000D+01
    0.3735000000D+03    0.9609989546D+00    0.1000000000D+01
    0.3740000000D+03    0.9609960576D+00    0.1000000000D+01
    0.3745000000D+03    0.9609872583D+00    0.1000000000D+01
    0.3750000000D+03    0.9609835530D+00    0.1000000000D+01
    0.3755000000D+03    0.9609872052D+00    0.1000000000D+01
    0.3760000000D+03    0.9609908526D+00    0.1000000000D+01
    0.3765000000D+03    0.9609892010D+00    0.1000000000D+01
    0.3770000000D+03    0.9609863828D+00    0.1000000000D+01
    0.3775000000D+03    0.9609868745D+00    0.1000000000D+01
    0.3780000000D+03    0.9609878215D+00    0.1000000000D+01
    0.3785000000D+03    0.9609882637D+00    0.1000000000D+01
    0.3790000000D+03    0.9609906489D+00    0.1000000000D+01
    0.3795000000D+03    0.9609931835D+00    0.1000000000D+01
    0.3800000000D+03    0.9609920979D+00    0.1000000000D+01
    0.3805000000D+03    0.9609883800D+00    0.1000000000D+01
    0.3810000000D+03    0.9609872721D+00    0.1000000000D+01
    0.3815000000D+03    0.9609905361D+00    0.1000000000D+01
    0.3820000000D+03    0.9609929361D+00    0.1000000000D+01
    0.3825000000D+03    0.9609900646D+00    0.1000000000D+01
    0.3830000000D+03    0.9609864060D+00    0.1000000000D+01
    0.3835000000D+03    0.9609871537D+00    0.1000000000D+01
    0.3840000000D+03    0.9609906390D+00    0.1000000000D+01
    0.3845000000D+03    0.9609918863D+00    0.1000000000D+01
    0.3850000000D+03    0.9609892091D+00    0.1000000000D+01
    0.3855000000D+03    0.9609880380D+00    0.1000000000D+01
    0.3860000000D+03    0.9609921796D+00    0.1000000000D+01
    0.3865000000D+03    0.9609967012D+00    0.1000000000D+01
    0.3870000000D+03    0.9609965738D+00    0.1000000000D+01
    0.3875000000D+03    0.9609934116D+00    0.1000000000D+01
    0.3880000000D+03    0.9609898673D+00    0.1000000000D+01
    0.3885000000D+03    0.9609872628D+00    0.1000000000D+01
    0.3890000000D+03    0.9609877239D+00    0.1000000000D+01
    0.3895000000D+03    0.9609897894D+00    0.1000000000D+01
    0.3900000000D+03    0.9609902084D+00    0.1000000000D+01
    0.3905000000D+03    0.9609900395D+00    0.1000000000D+01
    0.3910000000D+03    0.9609915317D+00    0.1000000000D+01
    0.3915000000D+03    0.9609956029D+00    0.1000000000D+01
    0.3920000000D+03    0.9609986206D+00    0.1000000000D+01
    0.3925000000D+03    0.9609955587D+00    0.1000000000D+01
    0.3930000000D+03    0.9609933027D+00    0.1000000000D+01
    0.3935000000D+03    0.9609966485D+00    0.1000000000D+01
    0.3940000000D+03    0.9609941496D+00    0.1000000000D+01
    0.3945000000D+03    0.9609846923D+00    0.1000000000D+01
    0.3950000000D+03    0.9609834085D+00    0.1000000000D+01
    0.3955000000D+03    0.9609904661D+00    0.1000000000D+01
    0.3960000000D+03    0.9609950794D+00    0.1000000000D+01
    0.3965000000D+03    0.9609948936D+00    0.1000000000D+01
    0.3970000000D+03    0.9609929198D+00    0.1000000000D+01
    0.3975000000D+03    0.9609929621D+00    0.1000000000D+01
    0.3980000000D+03    0.9609942450D+00    0.1000000000D+01
    0.3985000000D+03    0.9609950519D+00    0.1000000000D+01
    0.3990000000D+03    0.9609948966D+00    0.1000000000D+01
    0.3995000000D+03    0.9609928060D+00    0.1000000000D+01
    0.4000000000D+03    0.9609916548D+00    0.1000000000D+01
    0.4005000000D+03    0.9609921998D+00    0.1000000000D+01
    0.4010000000D+03    0.9609921937D+00    0.1000000000D+01
    0.4015000000D+03    0.9609929833D+00    0.1000000000D+01
    0.4020000000D+03    0.9609957310D+00    0.1000000000D+01
    0.4025000000D+03    0.9609976195D+00    0.1000000000D+01
    0.4030000000D+03    0.9609951974D+00    0.1000000000D+01
    0.4035000000D+03    0.9609901158D+00    0.1000000000D+01
    0.4040000000D+03    0.9609899936D+00    0.1000000000D+01
    0.4045000000D+03    0.9609965002D+00    0.1000000000D+01
    0.4050000000D+03    0.9609995850D+00    0.1000000000D+01
    0.4055000000D+03    0.9609970882D+00    0.1000000000D+01
    0.4060000000D+03    0.9609976643D+00    0.1000000000D+01
    0.4065000000D+03    0.9609989919D+00    0.1000000000D+01
    0.4070000000D+03    0.9609950602D+00    0.1000000000D+01
    0.4075000000D+03    0.9609918569D+00    0.1000000000D+01
    0.4080000000D+03    0.9609922544D+00    0.1000000000D+01
    0.4085000000D+03    0.9609897941D+00    0.1000000000D+01
    0.4090000000D+03    0.9609877902D+00    0.1000000000D+01
    0.4095000000D+03    0.9609923903D+00    0.1000000000D+01
    0.4100000000D+03    0.9609974162D+00    0.1000000000D+01
    0.4105000000D+03    0.9609974927D+00    0.1000000000D+01
    0.4110000000D+03    0.9609960922D+00    0.1000000000D+01
    0.4115000000D+03    0.9609987606D+00    0.1000000000D+01
    0.4120000000D+03    0.9610026012D+00    0.1000000000D+01
    0.4125000000D+03    0.9609989881D+00    0.1000000000D+01
    0.4130000000D+03    0.9609913747D+00    0.1000000000D+01
    0.4135000000D+03    0.9609897266D+00    0.1000000000D+01
    0.4140000000D+03    0.9609941096D+00    0.1000000000D+01
    0.4145000000D+03    0.9609982570D+00    0.1000000000D+01
    0.4150000000D+03    0.9609971473D+00    0.1000000000D+01
    0.4155000000D+03    0.9609945549D+00    0.1000000000D+01
    0.4160000000D+03    0.9609979537D+00    0.1000000000D+01
    0.4165000000D+03    0.9610024501D+00    0.1000000000D+01
    0.4170000000D+03    0.9610003271D+00    0.1000000000D+01
    0.4175000000D+03    0.9609951164D+00    0.1000000000D+01
    0.4180000000D+03    0.9609923713D+00    0.1000000000D+01
    0.4185000000D+03    0.9609947768D+00    0.1000000000D+01
    0.4190000000D+03    0.9610004370D+00    0.1000000000D+01
    0.4195000000D+03    0.9609995416D+00    0.1000000000D+01
    0.4200000000D+03    0.9609927400D+00    0.1000000000D+01
    0.4205000000D+03    0.9609914627D+00    0.1000000000D+01
    0.4210000000D+03    0.9609942241D+00    0.1000000000D+01
    0.4215000000D+03    0.9609948652D+00    0.1000000000D+01
    0.4220000000D+03    0.9609959557D+00    0.1000000000D+01
    0.4225000000D+03    0.9609994060D+00    0.1000000000D+01
    0.4230000000D+03    0.9610025179D+00    0.1000000000D+01
    0.4235000000D+03    0.9610030575D+00    0.1000000000D+01
    0.4240000000D+03    0.9610001444D+00    0.1000000000D+01
    0.4245000000D+03    0.9609965260D+00    0.1000000000D+01
    0.4250000000D+03    0.9609955621D+00    0.1000000000D+01
    0.4255000000D+03    0.9609946981D+00    0.1000000000D+01
    0.4260000000D+03    0.9609945635D+00    0.1000000000D+01
    0.4265000000D+03    0.9609968895D+00    0.1000000000D+01
    0.4270000000D+03    0.9609970015D+00    0.1000000000D+01
    0.4275000000D+03    0.9609968099D+00    0.1000000000D+01
    0.4280000000D+03    0.9610013035D+00    0.1000000000D+01
    0.4285000000D+03    0.9610048889D+00    0.1000000000D+01
    0.4290000000D+03    0.9610026518D+00    0.1000000000D+01
    0.4295000000D+03    0.9609991698D+00    0.1000000000D+01
    0.4300000000D+03    0.9609979600D+00    0.1000000000D+01
    0.4305000000D+03    0.9609980098D+00    0.1000000000D+01
    0.4310000000D+03    0.9609982045D+00    0.1000000000D+01
    0.4315000000D+03    0.9609984160D+00    0.1000000000D+01
    0.4320000000D+03    0.9609977175D+00    0.1000000000D+01
    0.4325000000D+03    0.9609965538D+00    0.1000000000D+01
    0.4330000000D+03    0.9609978859D+00    0.1000000000D+01
    0.4335000000D+03    0.9609987583D+00    0.1000000000D+01
    0.4340000000D+03    0.9609960522D+00    0.1000000000D+01
    0.4345000000D+03    0.9609963448D+00    0.1000000000D+01
    0.4350000000D+03    0.9610009406D+00    0.1000000000D+01
    0.4355000000D+03    0.9610037086D+00    0.1000000000D+01
    0.4360000000D+03    0.9610040647D+00    0.1000000000D+01
    0.4365000000D+03    0.9610035069D+00    0.1000000000D+01
    0.4370000000D+03    0.9610033380D+00    0.1000000000D+01
    0.4375000000D+03    0.9610033359D+00    0.1000000000D+01
    0.4380000000D+03    0.9609985233D+00    0.1000000000D+01
    0.4385000000D+03    0.9609897598D+00    0.1000000000D+01
    0.4390000000D+03    0.9609880553D+00    0.1000000000D+01
    0.4395000000D+03    0.9609956025D+00    0.1000000000D+01
    0.4400000000D+03    0.9610025538D+00    0.1000000000D+01
    0.4405000000D+03    0.9610044849D+00    0.1000000000D+01
    0.4410000000D+03    0.9610037860D+00    0.1000000000D+01
    0.4415000000D+03    0.9610032203D+00    0.1000000000D+01
    0.4420000000D+03    0.9610044831D+00    0.1000000000D+01
    0.4425000000D+03    0.9610057032D+00    0.1000000000D+01
    0.4430000000D+03    0.9610045140D+00    0.1000000000D+01
    0.4435000000D+03    0.9610018570D+00    0.1000000000D+01
    0.4440000000D+03    0.9609981087D+00    0.1000000000D+01
    0.4445000000D+03    0.9609955346D+00    0.1000000000D+01
    0.4450000000D+03    0.9609972229D+00    0.1000000000D+01
    0.4455000000D+03    0.9610003280D+00    0.1000000000D+01
    0.4460000000D+03    0.9610011639D+00    0.1000000000D+01
    0.4465000000D+03    0.9610012211D+00    0.1000000000D+01
    0.4470000000D+03    0.9610023535D+00    0.1000000000D+01
    0.4475000000D+03    0.9610049514D+00    0.1000000000D+01
    0.4480000000D+03    0.9610063105D+00    0.1000000000D+01
    0.4485000000D+03    0.9610028907D+00    0.1000000000D+01
    0.4490000000D+03    0.9610004782D+00    0.1000000000D+01
    0.4495000000D+03    0.9610020043D+00    0.1000000000D+01
    0.4500000000D+03    0.9610018754D+00    0.1000000000D+01
    0.4505000000D+03    0.9609996795D+00    0.1000000000D+01
    0.4510000000D+03    0.9609969977D+00    0.1000000000D+01
    0.4515000000D+03    0.9609967821D+00    0.1000000000D+01
    0.4520000000D+03    0.9610013205D+00    0.1000000000D+01
    0.4525000000D+03    0.9610040391D+00    0.1000000000D+01
    0.4530000000D+03    0.9610024868D+00    0.1000000000D+01
    0.4535000000D+03    0.9610042172D+00    0.1000000000D+01
    0.4540000000D+03    0.9610067707D+00    0.1000000000D+01
    0.4545000000D+03    0.9610044545D+00    0.1000000000D+01
    0.4550000000D+03    0.9610041321D+00    0.1000000000D+01
    0.4555000000D+03    0.9610065642D+00    0.1000000000D+01
    0.4560000000D+03    0.9610064487D+00    0.1000000000D+01
    0.4565000000D+03    0.9610043215D+00    0.1000000000D+01
    0.4570000000D+03    0.9610017497D+00    0.1000000000D+01
    0.4575000000D+03    0.9609997018D+00    0.1000000000D+01
    0.4580000000D+03    0.9609998863D+00    0.1000000000D+01
    0.4585000000D+03    0.9610013230D+00    0.1000000000D+01
    0.4590000000D+03    0.9610024071D+00    0.1000000000D+01
    0.4595000000D+03    0.9610053224D+00    0.1000000000D+01
    0.4600000000D+03    0.9610086161D+00    0.1000000000D+01
    0.4605000000D+03    0.9610069766D+00    0.1000000000D+01
    0.4610000000D+03    0.9610027047D+00    0.1000000000D+01
    0.4615000000D+03    0.9610001148D+00    0.1000000000D+01
    0.4620000000D+03    0.9609995557D+00    0.1000000000D+01
    0.4625000000D+03    0.9610009519D+00    0.1000000000D+01
    0.4630000000D+03    0.9610026617D+00    0.1000000000D+01
    0.4635000000D+03    0.9610023989D+00    0.1000000000D+01
    0.4640000000D+03    0.9610016486D+00    0.1000000000D+01
    0.4645000000D+03    0.9610043440D+00    0.1000000000D+01
    0.4650000000D+03    0.9610088188D+00    0.1000000000D+01
    0.4655000000D+03    0.9610099606D+00    0.1000000000D+01
    0.4660000000D+03    0.9610102406D+00    0.1000000000D+01
    0.4665000000D+03    0.9610097446D+00    0.1000000000D+01
    0.4670000000D+03    0.9610035592D+00    0.1000000000D+01
    0.4675000000D+03    0.9609998396D+00    0.1000000000D+01
    0.4680000000D+03    0.9610029232D+00    0.1000000000D+01
    0.4685000000D+03    0.9610039845D+00    0.1000000000D+01
    0.4690000000D+03    0.9610037566D+00    0.1000000000D+01
    0.4695000000D+03    0.9610054393D+00    0.1000000000D+01
    0.4700000000D+03    0.9610038120D+00    0.1000000000D+01
    0.4705000000D+03    0.9609990357D+00    0.1000000000D+01
    0.4710000000D+03    0.9610002252D+00    0.1000000000D+01
    0.4715000000D+03    0.9610111876D+00    0.1000000000D+01
    0.4720000000D+03    0.9610198084D+00    0.1000000000D+01
    0.4725000000D+03    0.9610125042D+00    0.1000000000D+01
    0.4730000000D+03    0.9610002026D+00    0.1000000000D+01
    0.4735000000D+03    0.9610007822D+00    0.1000000000D+01
    0.4740000000D+03    0.9610055411D+00    0.1000000000D+01
    0.4745000000D+03    0.9610012501D+00    0.1000000000D+01
    0.4750000000D+03    0.9609971321D+00    0.1000000000D+01
    0.4755000000D+03    0.9610013241D+00    0.1000000000D+01
    0.4760000000D+03    0.9610052244D+00    0.1000000000D+01
    0.4765000000D+03    0.9610052249D+00    0.1000000000D+01
    0.4770000000D+03    0.9610079841D+00    0.1000000000D+01
    0.4775000000D+03    0.9610144766D+00    0.1000000000D+01
    0.4780000000D+03    0.9610161331D+00    0.1000000000D+01
    0.4785000000D+03    0.9610098565D+00    0.1000000000D+01
    0.4790000000D+03    0.9610033757D+00    0.1000000000D+01
    0.4795000000D+03    0.9610011283D+00    0.1000000000D+01
    0.4800000000D+03    0.9610013025D+00    0.1000000000D+01
    0.4805000000D+03    0.9610036335D+00    0.1000000000D+01
    0.4810000000D+03    0.9610044559D+00    0.1000000000D+01
    0.4815000000D+03    0.9610020064D+00    0.1000000000D+01
    0.4820000000D+03    0.9610030157D+00    0.1000000000D+01
    0.4825000000D+03    0.9610071665D+00    0.1000000000D+01
    0.4830000000D+03    0.9610091103D+00    0.1000000000D+01
    0.4835000000D+03    0.9610121394D+00    0.1000000000D+01
    0.4840000000D+03    0.9610128818D+00    0.1000000000D+01
    0.4845000000D+03    0.9610059903D+00    0.1000000000D+01
    0.4850000000D+03    0.9610002082D+00    0.1000000000D+01
    0.4855000000D+03    0.9610005705D+00    0.1000000000D+01
    0.4860000000D+03    0.9610039940D+00    0.1000000000D+01
    0.4865000000D+03    0.9610077799D+00    0.1000000000D+01
    0.4870000000D+03    0.9610065391D+00    0.1000000000D+01
    0.4875000000D+03    0.9610011743D+00    0.1000000000D+01
    0.4880000000D+03    0.9610002067D+00    0.1000000000D+01
    0.4885000000D+03    0.9610053832D+00    0.1000000000D+01
    0.4890000000D+03    0.9610117448D+00    0.1000000000D+01
    0.4895000000D+03    0.9610143951D+00    0.1000000000D+01
    0.4900000000D+03    0.9610130650D+00    0.1000000000D+01
    0.4905000000D+03    0.9610110377D+00    0.1000000000D+01
    0.4910000000D+03    0.9610085108D+00    0.1000000000D+01
    0.4915000000D+03    0.9610051792D+00    0.1000000000D+01
    0.4920000000D+03    0.9610036894D+00    0.1000000000D+01
    0.4925000000D+03    0.9610042636D+00    0.1000000000D+01
    0.4930000000D+03    0.9610043017D+00    0.1000000000D+01
    0.4935000000D+03    0.9610019042D+00    0.1000000000D+01
    0.4940000000D+03    0.9609991161D+00    0.1000000000D+01
    0.4945000000D+03    0.9610016261D+00    0.1000000000D+01
    0.4950000000D+03    0.9610092897D+00    0.1000000000D+01
    0.4955000000D+03    0.9610178082D+00    0.1000000000D+01
    0.4960000000D+03    0.9610213094D+00    0.1000000000D+01
    0.4965000000D+03    0.9610138788D+00    0.1000000000D+01
    0.4970000000D+03    0.9610026155D+00    0.1000000000D+01
    0.4975000000D+03    0.9610006315D+00    0.1000000000D+01
    0.4980000000D+03    0.9610050103D+00    0.1000000000D+01
    0.4985000000D+03    0.9610051605D+00    0.1000000000D+01
    0.4990000000D+03    0.9610050413D+00    0.1000000000D+01
    0.4995000000D+03    0.9610073485D+00    0.1000000000D+01
    0.5000000000D+03    0.9610060391D+00    0.1000000000D+01
