    0.0000000000D+00    0.1000000000D+01    0.1000000000D+01
    0.5000000000D+00    0.9992650103D+00    0.1000000000D+01
    0.1000000000D+01    0.9974731255D+00    0.1000000000D+01
    0.1500000000D+01    0.9953437898D+00    0.1000000000D+01
    0.2000000000D+01    0.9933949494D+00    0.1000000000D+01
    0.2500000000D+01    0.9918541008D+00    0.1000000000D+01
    0.3000000000D+01    0.9907468614D+00    0.1000000000D+01
    0.3500000000D+01    0.9900072553D+00    0.1000000000D+01
    0.4000000000D+01    0.9895459960D+00    0.1000000000D+01
    0.4500000000D+01    0.9892812332D+00    0.1000000000D+01
    0.5000000000D+01    0.9891480783D+00    0.1000000000D+01
    0.5500000000D+01    0.9890993453D+00    0.1000000000D+01
    0.6000000000D+01    0.9891023746D+00    0.1000000000D+01
    0.6500000000D+01    0.9891352118D+00    0.1000000000D+01
    0.7000000000D+01    0.9891834600D+00    0.1000000000D+01
    0.7500000000D+01    0.9892379491D+00    0.1000000000D+01
    0.8000000000D+01    0.9892931174D+00    0.1000000000D+01
    0.8500000000D+01    0.9893458947D+00    0.1000000000D+01
    0.9000000000D+01    0.9893948171D+00    0.1000000000D+01
    0.9500000000D+01    0.9894392084D+00    0.1000000000D+01
    0.1000000000D+02    0.9894788271D+00    0.1000000000D+01
    0.1050000000D+02    0.9895139421D+00    0.1000000000D+01
    0.1100000000D+02    0.9895448077D+00    0.1000000000D+01
    0.1150000000D+02    0.9895717403D+00    0.1000000000D+01
    0.1200000000D+02    0.9895953874D+00    0.1000000000D+01
    0.1250000000D+02    0.9896163752D+00    0.1000000000D+01
    0.1300000000D+02    0.9896349262D+00    0.1000000000D+01
    0.1350000000D+02    0.9896512064D+00    0.1000000000D+01
    0.1400000000D+02    0.9896656228D+00    0.1000000000D+01
    0.1450000000D+02    0.9896785024D+00    0.1000000000D+01
    0.1500000000D+02    0.9896898825D+00    0.1000000000D+01
    0.1550000000D+02    0.9896999871D+00    0.1000000000D+01
    0.1600000000D+02    0.9897092831D+00    0.1000000000D+01
    0.1650000000D+02    0.9897175870D+00    0.1000000000D+01
    0.1700000000D+02    0.9897248793D+00    0.1000000000D+01
    0.1750000000D+02    0.9897316952D+00    0.1000000000D+01
    0.1800000000D+02    0.9897379138D+00    0.1000000000D+01
    0.1850000000D+02    0.9897433457D+00    0.1000000000D+01
    0.1900000000D+02    0.9897483993D+00    0.1000000000D+01
    0.1950000000D+02    0.9897533130D+00    0.1000000000D+01
    0.2000000000D+02    0.9897579238D+00    0.1000000000D+01
    0.2050000000D+02    0.9897622865D+00    0.1000000000D+01
    0.2100000000D+02    0.9897662270D+00    0.1000000000D+01
    0.2150000000D+02    0.9897697398D+00    0.1000000000D+01
    0.2200000000D+02    0.9897735478D+00    0.1000000000D+01
    0.2250000000D+02    0.9897772167D+00    0.1000000000D+01
    0.2300000000D+02    0.9897801521D+00    0.1000000000D+01
    0.2350000000D+02    0.9897830577D+00    0.1000000000D+01
    0.2400000000D+02    0.9897859908D+00    0.1000000000D+01
    0.2450000000D+02    0.9897887238D+00    0.1000000000D+01
    0.2500000000D+02    0.9897916598D+00    0.1000000000D+01
    0.2550000000D+02    0.9897941181D+00    0.1000000000D+01
    0.2600000000D+02    0.9897962121D+00    0.1000000000D+01
    0.2650000000D+02    0.9897987199D+00    0.1000000000D+01
    0.2700000000D+02    0.9898009045D+00    0.1000000000D+01
    0.2750000000D+02    0.9898032487D+00    0.1000000000D+01
    0.2800000000D+02    0.9898054418D+00    0.1000000000D+01
    0.2850000000D+02    0.9898072075D+00    0.1000000000D+01
    0.2900000000D+02    0.9898094864D+00    0.1000000000D+01
    0.2950000000D+02    0.9898113720D+00    0.1000000000D+01
    0.3000000000D+02    0.9898129048D+00    0.1000000000D+01
    0.3050000000D+02    0.9898148182D+00    0.1000000000D+01
    0.3100000000D+02    0.9898163940D+00    0.1000000000D+01
    0.3150000000D+02    0.9898182939D+00    0.1000000000D+01
    0.3200000000D+02    0.9898200342D+00    0.1000000000D+01
    0.3250000000D+02    0.9898216076D+00    0.1000000000D+01
    0.3300000000D+02    0.9898233723D+00    0.1000000000D+01
    0.3350000000D+02    0.9898244525D+00    0.1000000000D+01
    0.3400000000D+02    0.9898258123D+00    0.1000000000D+01
    0.3450000000D+02    0.9898269926D+00    0.1000000000D+01
    0.3500000000D+02    0.9898281841D+00    0.1000000000D+01
    0.3550000000D+02    0.9898297402D+00    0.1000000000D+01
    0.3600000000D+02    0.9898305860D+00    0.1000000000D+01
    0.3650000000D+02    0.9898318443D+00    0.1000000000D+01
    0.3700000000D+02    0.9898327900D+00    0.1000000000D+01
    0.3750000000D+02    0.9898338684D+00    0.1000000000D+01
    0.3800000000D+02    0.9898352961D+00    0.1000000000D+01
    0.3850000000D+02    0.9898364034D+00    0.1000000000D+01
    0.3900000000D+02    0.9898379556D+00    0.1000000000D+01
    0.3950000000D+02    0.9898385544D+00    0.1000000000D+01
    0.4000000000D+02    0.9898397535D+00    0.1000000000D+01
    0.4050000000D+02    0.9898406681D+00    0.1000000000D+01
    0.4100000000D+02    0.9898410268D+00    0.1000000000D+01
    0.4150000000D+02    0.9898423384D+00    0.1000000000D+01
    0.4200000000D+02    0.9898429024D+00    0.1000000000D+01
    0.4250000000D+02    0.9898439484D+00    0.1000000000D+01
    0.4300000000D+02    0.9898444825D+00    0.1000000000D+01
    0.4350000000D+02    0.9898454876D+00    0.1000000000D+01
    0.4400000000D+02    0.9898463682D+00    0.1000000000D+01
    0.4450000000D+02    0.9898470782D+00    0.1000000000D+01
    0.4500000000D+02    0.9898484399D+00    0.1000000000D+01
    0.4550000000D+02    0.9898489929D+00    0.1000000000D+01
    0.4600000000D+02    0.9898501192D+00    0.1000000000D+01
    0.4650000000D+02    0.9898503729D+00    0.1000000000D+01
    0.4700000000D+02    0.9898513752D+00    0.1000000000D+01
    0.4750000000D+02    0.9898518876D+00    0.1000000000D+01
    0.4800000000D+02    0.9898523955D+00    0.1000000000D+01
    0.4850000000D+02    0.9898534638D+00    0.1000000000D+01
    0.4900000000D+02    0.9898540774D+00    0.1000000000D+01
    0.4950000000D+02    0.9898549702D+00    0.1000000000D+01
    0.5000000000D+02    0.9898552049D+00    0.1000000000D+01
    0.5050000000D+02    0.9898557174D+00    0.1000000000D+01
    0.5100000000D+02    0.9898558549D+00    0.1000000000D+01
    0.5150000000D+02    0.9898574341D+00    0.1000000000D+01
    0.5200000000D+02    0.9898579856D+00    0.1000000000D+01
    0.5250000000D+02    0.9898588807D+00    0.1000000000D+01
    0.5300000000D+02    0.9898594857D+00    0.1000000000D+01
    0.5350000000D+02    0.9898599751D+00    0.1000000000D+01
    0.5400000000D+02    0.9898606000D+00    0.1000000000D+01
    0.5450000000D+02    0.9898608336D+00    0.1000000000D+01
    0.5500000000D+02    0.9898617383D+00    0.1000000000D+01
    0.5550000000D+02    0.9898617744D+00    0.1000000000D+01
    0.5600000000D+02    0.9898627379D+00    0.1000000000D+01
    0.5650000000D+02    0.9898628309D+00    0.1000000000D+01
    0.5700000000D+02    0.9898638343D+00    0.1000000000D+01
    0.5750000000D+02    0.9898637357D+00    0.1000000000D+01
    0.5800000000D+02    0.9898650396D+00    0.1000000000D+01
    0.5850000000D+02    0.9898653010D+00    0.1000000000D+01
    0.5900000000D+02    0.9898657839D+00    0.1000000000D+01
    0.5950000000D+02    0.9898661562D+00    0.1000000000D+01
    0.6000000000D+02    0.9898667153D+00    0.1000000000D+01
    0.6050000000D+02    0.9898673629D+00    0.1000000000D+01
    0.6100000000D+02    0.9898680352D+00    0.1000000000D+01
    0.6150000000D+02    0.9898685471D+00    0.1000000000D+01
    0.6200000000D+02    0.9898687351D+00    0.1000000000D+01
    0.6250000000D+02    0.9898690311D+00    0.1000000000D+01
    0.6300000000D+02    0.9898690828D+00    0.1000000000D+01
    0.6350000000D+02    0.9898696959D+00    0.1000000000D+01
    0.6400000000D+02    0.9898697119D+00    0.1000000000D+01
    0.6450000000D+02    0.9898704587D+00    0.1000000000D+01
    0.6500000000D+02    0.9898707333D+00    0.1000000000D+01
    0.6550000000D+02    0.9898720659D+00    0.1000000000D+01
    0.6600000000D+02    0.9898720402D+00    0.1000000000D+01
    0.6650000000D+02    0.9898726807D+00    0.1000000000D+01
    0.6700000000D+02    0.9898724968D+00    0.1000000000D+01
    0.6750000000D+02    0.9898733805D+00    0.1000000000D+01
    0.6800000000D+02    0.9898734927D+00    0.1000000000D+01
    0.6850000000D+02    0.9898746765D+00    0.1000000000D+01
    0.6900000000D+02    0.9898739199D+00    0.1000000000D+01
    0.6950000000D+02    0.9898750075D+00    0.1000000000D+01
    0.7000000000D+02    0.9898743546D+00    0.1000000000D+01
    0.7050000000D+02    0.9898753269D+00    0.1000000000D+01
    0.7100000000D+02    0.9898754548D+00    0.1000000000D+01
    0.7150000000D+02    0.9898764247D+00    0.1000000000D+01
    0.7200000000D+02    0.9898762305D+00    0.1000000000D+01
    0.7250000000D+02    0.9898771268D+00    0.1000000000D+01
    0.7300000000D+02    0.9898768033D+00    0.1000000000D+01
    0.7350000000D+02    0.9898779210D+00    0.1000000000D+01
    0.7400000000D+02    0.9898777197D+00    0.1000000000D+01
    0.7450000000D+02    0.9898787389D+00    0.1000000000D+01
    0.7500000000D+02    0.9898781786D+00    0.1000000000D+01
    0.7550000000D+02    0.9898791497D+00    0.1000000000D+01
    0.7600000000D+02    0.9898786175D+00    0.1000000000D+01
    0.7650000000D+02    0.9898798292D+00    0.1000000000D+01
    0.7700000000D+02    0.9898796216D+00    0.1000000000D+01
    0.7750000000D+02    0.9898802575D+00    0.1000000000D+01
    0.7800000000D+02    0.9898804681D+00    0.1000000000D+01
    0.7850000000D+02    0.9898811125D+00    0.1000000000D+01
    0.7900000000D+02    0.9898809384D+00    0.1000000000D+01
    0.7950000000D+02    0.9898818621D+00    0.1000000000D+01
    0.8000000000D+02    0.9898811504D+00    0.1000000000D+01
    0.8050000000D+02    0.9898827087D+00    0.1000000000D+01
    0.8100000000D+02    0.9898821281D+00    0.1000000000D+01
    0.8150000000D+02    0.9898833767D+00    0.1000000000D+01
    0.8200000000D+02    0.9898825877D+00    0.1000000000D+01
    0.8250000000D+02    0.9898833128D+00    0.1000000000D+01
    0.8300000000D+02    0.9898827117D+00    0.1000000000D+01
    0.8350000000D+02    0.9898836787D+00    0.1000000000D+01
    0.8400000000D+02    0.9898835422D+00    0.1000000000D+01
    0.8450000000D+02    0.9898846565D+00    0.1000000000D+01
    0.8500000000D+02    0.9898844944D+00    0.1000000000D+01
    0.8550000000D+02    0.9898850457D+00    0.1000000000D+01
    0.8600000000D+02    0.9898850481D+00    0.1000000000D+01
    0.8650000000D+02    0.9898853488D+00    0.1000000000D+01
    0.8700000000D+02    0.9898852548D+00    0.1000000000D+01
    0.8750000000D+02    0.9898862265D+00    0.1000000000D+01
    0.8800000000D+02    0.9898856495D+00    0.1000000000D+01
    0.8850000000D+02    0.9898860359D+00    0.1000000000D+01
    0.8900000000D+02    0.9898862044D+00    0.1000000000D+01
    0.8950000000D+02    0.9898865080D+00    0.1000000000D+01
    0.9000000000D+02    0.9898871115D+00    0.1000000000D+01
    0.9050000000D+02    0.9898867210D+00    0.1000000000D+01
    0.9100000000D+02    0.9898872883D+00    0.1000000000D+01
    0.9150000000D+02    0.9898865537D+00    0.1000000000D+01
    0.9200000000D+02    0.9898878506D+00    0.1000000000D+01
    0.9250000000D+02    0.9898873078D+00    0.1000000000D+01
    0.9300000000D+02    0.9898884304D+00    0.1000000000D+01
    0.9350000000D+02    0.9898879596D+00    0.1000000000D+01
    0.9400000000D+02    0.9898886377D+00    0.1000000000D+01
    0.9450000000D+02    0.9898883503D+00    0.1000000000D+01
    0.9500000000D+02    0.9898888506D+00    0.1000000000D+01
    0.9550000000D+02    0.9898885465D+00    0.1000000000D+01
    0.9600000000D+02    0.9898884890D+00    0.1000000000D+01
    0.9650000000D+02    0.9898892449D+00    0.1000000000D+01
    0.9700000000D+02    0.9898890191D+00    0.1000000000D+01
    0.9750000000D+02    0.9898898784D+00    0.1000000000D+01
    0.9800000000D+02    0.9898889342D+00    0.1000000000D+01
    0.9850000000D+02    0.9898899961D+00    0.1000000000D+01
    0.9900000000D+02    0.9898891627D+00    0.1000000000D+01
    0.9950000000D+02    0.9898901395D+00    0.1000000000D+01
    0.1000000000D+03    0.9898896821D+00    0.1000000000D+01
    0.1005000000D+03    0.9898904201D+00    0.1000000000D+01
    0.1010000000D+03    0.9898901999D+00    0.1000000000D+01
    0.1015000000D+03    0.9898903952D+00    0.1000000000D+01
    0.1020000000D+03    0.9898900422D+00    0.1000000000D+01
    0.1025000000D+03    0.9898905242D+00    0.1000000000D+01
    0.1030000000D+03    0.9898906448D+00    0.1000000000D+01
    0.1035000000D+03    0.9898907442D+00    0.1000000000D+01
    0.1040000000D+03    0.9898913758D+00    0.1000000000D+01
    0.1045000000D+03    0.9898906797D+00    0.1000000000D+01
    0.1050000000D+03    0.9898914535D+00    0.1000000000D+01
    0.1055000000D+03    0.9898906412D+00    0.1000000000D+01
    0.1060000000D+03    0.9898915195D+00    0.1000000000D+01
    0.1065000000D+03    0.9898907844D+00    0.1000000000D+01
    0.1070000000D+03    0.9898916709D+00    0.1000000000D+01
    0.1075000000D+03    0.9898912441D+00    0.1000000000D+01
    0.1080000000D+03    0.9898913156D+00    0.1000000000D+01
    0.1085000000D+03    0.9898917132D+00    0.1000000000D+01
    0.1090000000D+03    0.9898912161D+00    0.1000000000D+01
    0.1095000000D+03    0.9898923274D+00    0.1000000000D+01
    0.1100000000D+03    0.9898916894D+00    0.1000000000D+01
    0.1105000000D+03    0.9898924260D+00    0.1000000000D+01
    0.1110000000D+03    0.9898914103D+00    0.1000000000D+01
    0.1115000000D+03    0.9898924418D+00    0.1000000000D+01
    0.1120000000D+03    0.9898917252D+00    0.1000000000D+01
    0.1125000000D+03    0.9898921665D+00    0.1000000000D+01
    0.1130000000D+03    0.9898918339D+00    0.1000000000D+01
    0.1135000000D+03    0.9898922236D+00    0.1000000000D+01
    0.1140000000D+03    0.9898924821D+00    0.1000000000D+01
    0.1145000000D+03    0.9898919482D+00    0.1000000000D+01
    0.1150000000D+03    0.9898926421D+00    0.1000000000D+01
    0.1155000000D+03    0.9898912183D+00    0.1000000000D+01
    0.1160000000D+03    0.9898926434D+00    0.1000000000D+01
    0.1165000000D+03    0.9898915935D+00    0.1000000000D+01
    0.1170000000D+03    0.9898929445D+00    0.1000000000D+01
    0.1175000000D+03    0.9898919921D+00    0.1000000000D+01
    0.1180000000D+03    0.9898925502D+00    0.1000000000D+01
    0.1185000000D+03    0.9898925556D+00    0.1000000000D+01
    0.1190000000D+03    0.9898919475D+00    0.1000000000D+01
    0.1195000000D+03    0.9898929803D+00    0.1000000000D+01
    0.1200000000D+03    0.9898916414D+00    0.1000000000D+01
    0.1205000000D+03    0.9898931361D+00    0.1000000000D+01
    0.1210000000D+03    0.9898916431D+00    0.1000000000D+01
    0.1215000000D+03    0.9898930163D+00    0.1000000000D+01
    0.1220000000D+03    0.9898919796D+00    0.1000000000D+01
    0.1225000000D+03    0.9898923772D+00    0.1000000000D+01
    0.1230000000D+03    0.9898925744D+00    0.1000000000D+01
    0.1235000000D+03    0.9898918380D+00    0.1000000000D+01
    0.1240000000D+03    0.9898931864D+00    0.1000000000D+01
    0.1245000000D+03    0.9898917388D+00    0.1000000000D+01
    0.1250000000D+03    0.9898931492D+00    0.1000000000D+01
    0.1255000000D+03    0.9898920505D+00    0.1000000000D+01
    0.1260000000D+03    0.9898922793D+00    0.1000000000D+01
    0.1265000000D+03    0.9898925805D+00    0.1000000000D+01
    0.1270000000D+03    0.9898914134D+00    0.1000000000D+01
    0.1275000000D+03    0.9898929840D+00    0.1000000000D+01
    0.1280000000D+03    0.9898916617D+00    0.1000000000D+01
    0.1285000000D+03    0.9898931189D+00    0.1000000000D+01
    0.1290000000D+03    0.9898920260D+00    0.1000000000D+01
    0.1295000000D+03    0.9898924904D+00    0.1000000000D+01
    0.1300000000D+03    0.9898924351D+00    0.1000000000D+01
    0.1305000000D+03    0.9898915377D+00    0.1000000000D+01
    0.1310000000D+03    0.9898925479D+00    0.1000000000D+01
    0.1315000000D+03    0.9898914427D+00    0.1000000000D+01
    0.1320000000D+03    0.9898927451D+00    0.1000000000D+01
    0.1325000000D+03    0.9898915393D+00    0.1000000000D+01
    0.1330000000D+03    0.9898924555D+00    0.1000000000D+01
    0.1335000000D+03    0.9898921689D+00    0.1000000000D+01
    0.1340000000D+03    0.9898914369D+00    0.1000000000D+01
    0.1345000000D+03    0.9898925856D+00    0.1000000000D+01
    0.1350000000D+03    0.9898911168D+00    0.1000000000D+01
    0.1355000000D+03    0.9898922663D+00    0.1000000000D+01
    0.1360000000D+03    0.9898915968D+00    0.1000000000D+01
    0.1365000000D+03    0.9898922063D+00    0.1000000000D+01
    0.1370000000D+03    0.9898921472D+00    0.1000000000D+01
    0.1375000000D+03    0.9898914077D+00    0.1000000000D+01
    0.1380000000D+03    0.9898923669D+00    0.1000000000D+01
    0.1385000000D+03    0.9898903443D+00    0.1000000000D+01
    0.1390000000D+03    0.9898927641D+00    0.1000000000D+01
    0.1395000000D+03    0.9898908792D+00    0.1000000000D+01
    0.1400000000D+03    0.9898915668D+00    0.1000000000D+01
    0.1405000000D+03    0.9898915100D+00    0.1000000000D+01
    0.1410000000D+03    0.9898909893D+00    0.1000000000D+01
    0.1415000000D+03    0.9898918946D+00    0.1000000000D+01
    0.1420000000D+03    0.9898909382D+00    0.1000000000D+01
    0.1425000000D+03    0.9898915388D+00    0.1000000000D+01
    0.1430000000D+03    0.9898909842D+00    0.1000000000D+01
    0.1435000000D+03    0.9898906735D+00    0.1000000000D+01
    0.1440000000D+03    0.9898921900D+00    0.1000000000D+01
    0.1445000000D+03    0.9898896712D+00    0.1000000000D+01
    0.1450000000D+03    0.9898921576D+00    0.1000000000D+01
    0.1455000000D+03    0.9898899599D+00    0.1000000000D+01
    0.1460000000D+03    0.9898912553D+00    0.1000000000D+01
    0.1465000000D+03    0.9898910164D+00    0.1000000000D+01
    0.1470000000D+03    0.9898903006D+00    0.1000000000D+01
    0.1475000000D+03    0.9898908892D+00    0.1000000000D+01
    0.1480000000D+03    0.9898903274D+00    0.1000000000D+01
    0.1485000000D+03    0.9898909841D+00    0.1000000000D+01
    0.1490000000D+03    0.9898908481D+00    0.1000000000D+01
    0.1495000000D+03    0.9898895879D+00    0.1000000000D+01
    0.1500000000D+03    0.9898914610D+00    0.1000000000D+01
    0.1505000000D+03    0.9898888629D+00    0.1000000000D+01
    0.1510000000D+03    0.9898910705D+00    0.1000000000D+01
    0.1515000000D+03    0.9898896387D+00    0.1000000000D+01
    0.1520000000D+03    0.9898903317D+00    0.1000000000D+01
    0.1525000000D+03    0.9898908122D+00    0.1000000000D+01
    0.1530000000D+03    0.9898895655D+00    0.1000000000D+01
    0.1535000000D+03    0.9898906860D+00    0.1000000000D+01
    0.1540000000D+03    0.9898893705D+00    0.1000000000D+01
    0.1545000000D+03    0.9898901452D+00    0.1000000000D+01
    0.1550000000D+03    0.9898905846D+00    0.1000000000D+01
    0.1555000000D+03    0.9898889812D+00    0.1000000000D+01
    0.1560000000D+03    0.9898914306D+00    0.1000000000D+01
    0.1565000000D+03    0.9898881194D+00    0.1000000000D+01
    0.1570000000D+03    0.9898907996D+00    0.1000000000D+01
    0.1575000000D+03    0.9898892591D+00    0.1000000000D+01
    0.1580000000D+03    0.9898891826D+00    0.1000000000D+01
    0.1585000000D+03    0.9898902373D+00    0.1000000000D+01
    0.1590000000D+03    0.9898885174D+00    0.1000000000D+01
    0.1595000000D+03    0.9898898993D+00    0.1000000000D+01
    0.1600000000D+03    0.9898889998D+00    0.1000000000D+01
    0.1605000000D+03    0.9898888457D+00    0.1000000000D+01
    0.1610000000D+03    0.9898906317D+00    0.1000000000D+01
    0.1615000000D+03    0.9898880464D+00    0.1000000000D+01
    0.1620000000D+03    0.9898906179D+00    0.1000000000D+01
    0.1625000000D+03    0.9898886183D+00    0.1000000000D+01
    0.1630000000D+03    0.9898884073D+00    0.1000000000D+01
    0.1635000000D+03    0.9898898986D+00    0.1000000000D+01
    0.1640000000D+03    0.9898878955D+00    0.1000000000D+01
    0.1645000000D+03    0.9898898668D+00    0.1000000000D+01
    0.1650000000D+03    0.9898886158D+00    0.1000000000D+01
    0.1655000000D+03    0.9898887625D+00    0.1000000000D+01
    0.1660000000D+03    0.9898890394D+00    0.1000000000D+01
    0.1665000000D+03    0.9898878874D+00    0.1000000000D+01
    0.1670000000D+03    0.9898887412D+00    0.1000000000D+01
    0.1675000000D+03    0.9898881808D+00    0.1000000000D+01
    0.1680000000D+03    0.9898884309D+00    0.1000000000D+01
    0.1685000000D+03    0.9898892002D+00    0.1000000000D+01
    0.1690000000D+03    0.9898870361D+00    0.1000000000D+01
    0.1695000000D+03    0.9898894480D+00    0.1000000000D+01
    0.1700000000D+03    0.9898874543D+00    0.1000000000D+01
    0.1705000000D+03    0.9898877258D+00    0.1000000000D+01
    0.1710000000D+03    0.9898891764D+00    0.1000000000D+01
    0.1715000000D+03    0.9898869174D+00    0.1000000000D+01
    0.1720000000D+03    0.9898892788D+00    0.1000000000D+01
    0.1725000000D+03    0.9898873781D+00    0.1000000000D+01
    0.1730000000D+03    0.9898878893D+00    0.1000000000D+01
    0.1735000000D+03    0.9898881232D+00    0.1000000000D+01
    0.1740000000D+03    0.9898866243D+00    0.1000000000D+01
    0.1745000000D+03    0.9898884151D+00    0.1000000000D+01
    0.1750000000D+03    0.9898866584D+00    0.1000000000D+01
    0.1755000000D+03    0.9898877412D+00    0.1000000000D+01
    0.1760000000D+03    0.9898878423D+00    0.1000000000D+01
    0.1765000000D+03    0.9898863547D+00    0.1000000000D+01
    0.1770000000D+03    0.9898879980D+00    0.1000000000D+01
    0.1775000000D+03    0.9898868272D+00    0.1000000000D+01
    0.1780000000D+03    0.9898871354D+00    0.1000000000D+01
    0.1785000000D+03    0.9898868771D+00    0.1000000000D+01
    0.1790000000D+03    0.9898865684D+00    0.1000000000D+01
    0.1795000000D+03    0.9898869868D+00    0.1000000000D+01
    0.1800000000D+03    0.9898874699D+00    0.1000000000D+01
    0.1805000000D+03    0.9898868043D+00    0.1000000000D+01
    0.1810000000D+03    0.9898870661D+00    0.1000000000D+01
    0.1815000000D+03    0.9898866763D+00    0.1000000000D+01
    0.1820000000D+03    0.9898862959D+00    0.1000000000D+01
    0.1825000000D+03    0.9898864682D+00    0.1000000000D+01
    0.1830000000D+03    0.9898861419D+00    0.1000000000D+01
    0.1835000000D+03    0.9898861554D+00    0.1000000000D+01
    0.1840000000D+03    0.9898865343D+00    0.1000000000D+01
    0.1845000000D+03    0.9898859070D+00    0.1000000000D+01
    0.1850000000D+03    0.9898864100D+00    0.1000000000D+01
    0.1855000000D+03    0.9898857114D+00    0.1000000000D+01
    0.1860000000D+03    0.9898854816D+00    0.1000000000D+01
    0.1865000000D+03    0.9898867193D+00    0.1000000000D+01
    0.1870000000D+03    0.9898849057D+00    0.1000000000D+01
    0.1875000000D+03    0.9898862996D+00    0.1000000000D+01
    0.1880000000D+03    0.9898853300D+00    0.1000000000D+01
    0.1885000000D+03    0.9898850898D+00    0.1000000000D+01
    0.1890000000D+03    0.9898863854D+00    0.1000000000D+01
    0.1895000000D+03    0.9898847054D+00    0.1000000000D+01
    0.1900000000D+03    0.9898857382D+00    0.1000000000D+01
    0.1905000000D+03    0.9898856668D+00    0.1000000000D+01
    0.1910000000D+03    0.9898838981D+00    0.1000000000D+01
    0.1915000000D+03    0.9898854673D+00    0.1000000000D+01
    0.1920000000D+03    0.9898841115D+00    0.1000000000D+01
    0.1925000000D+03    0.9898846579D+00    0.1000000000D+01
    0.1930000000D+03    0.9898851952D+00    0.1000000000D+01
    0.1935000000D+03    0.9898833658D+00    0.1000000000D+01
    0.1940000000D+03    0.9898851766D+00    0.1000000000D+01
    0.1945000000D+03    0.9898837381D+00    0.1000000000D+01
    0.1950000000D+03    0.9898836748D+00    0.1000000000D+01
    0.1955000000D+03    0.9898844965D+00    0.1000000000D+01
    0.1960000000D+03    0.9898832793D+00    0.1000000000D+01
    0.1965000000D+03    0.9898839469D+00    0.1000000000D+01
    0.1970000000D+03    0.9898843304D+00    0.1000000000D+01
    0.1975000000D+03    0.9898828016D+00    0.1000000000D+01
    0.1980000000D+03    0.9898844194D+00    0.1000000000D+01
    0.1985000000D+03    0.9898824550D+00    0.1000000000D+01
    0.1990000000D+03    0.9898832235D+00    0.1000000000D+01
    0.1995000000D+03    0.9898831943D+00    0.1000000000D+01
    0.2000000000D+03    0.9898829817D+00    0.1000000000D+01
    0.2005000000D+03    0.9898828398D+00    0.1000000000D+01
    0.2010000000D+03    0.9898833398D+00    0.1000000000D+01
    0.2015000000D+03    0.9898819081D+00    0.1000000000D+01
    0.2020000000D+03    0.9898833485D+00    0.1000000000D+01
    0.2025000000D+03    0.9898818440D+00    0.1000000000D+01
    0.2030000000D+03    0.9898816688D+00    0.1000000000D+01
    0.2035000000D+03    0.9898832843D+00    0.1000000000D+01
    0.2040000000D+03    0.9898806876D+00    0.1000000000D+01
    0.2045000000D+03    0.9898830045D+00    0.1000000000D+01
    0.2050000000D+03    0.9898822424D+00    0.1000000000D+01
    0.2055000000D+03    0.9898807058D+00    0.1000000000D+01
    0.2060000000D+03    0.9898834730D+00    0.1000000000D+01
    0.2065000000D+03    0.9898814154D+00    0.1000000000D+01
    0.2070000000D+03    0.9898809104D+00    0.1000000000D+01
    0.2075000000D+03    0.9898825512D+00    0.1000000000D+01
    0.2080000000D+03    0.9898805321D+00    0.1000000000D+01
    0.2085000000D+03    0.9898810947D+00    0.1000000000D+01
    0.2090000000D+03    0.9898830465D+00    0.1000000000D+01
    0.2095000000D+03    0.9898793892D+00    0.1000000000D+01
    0.2100000000D+03    0.9898824536D+00    0.1000000000D+01
    0.2105000000D+03    0.9898805290D+00    0.1000000000D+01
    0.2110000000D+03    0.9898804820D+00    0.1000000000D+01
    0.2115000000D+03    0.9898818183D+00    0.1000000000D+01
    0.2120000000D+03    0.9898798015D+00    0.1000000000D+01
    0.2125000000D+03    0.9898806099D+00    0.1000000000D+01
    0.2130000000D+03    0.9898807406D+00    0.1000000000D+01
    0.2135000000D+03    0.9898802771D+00    0.1000000000D+01
    0.2140000000D+03    0.9898809885D+00    0.1000000000D+01
    0.2145000000D+03    0.9898800019D+00    0.1000000000D+01
    0.2150000000D+03    0.9898797504D+00    0.1000000000D+01
    0.2155000000D+03    0.9898812403D+00    0.1000000000D+01
    0.2160000000D+03    0.9898798051D+00    0.1000000000D+01
    0.2165000000D+03    0.9898803781D+00    0.1000000000D+01
    0.2170000000D+03    0.9898798583D+00    0.1000000000D+01
    0.2175000000D+03    0.9898793202D+00    0.1000000000D+01
    0.2180000000D+03    0.9898800085D+00    0.1000000000D+01
    0.2185000000D+03    0.9898808392D+00    0.1000000000D+01
    0.2190000000D+03    0.9898785481D+00    0.1000000000D+01
    0.2195000000D+03    0.9898796095D+00    0.1000000000D+01
    0.2200000000D+03    0.9898801074D+00    0.1000000000D+01
    0.2205000000D+03    0.9898784635D+00    0.1000000000D+01
    0.2210000000D+03    0.9898810748D+00    0.1000000000D+01
    0.2215000000D+03    0.9898780957D+00    0.1000000000D+01
    0.2220000000D+03    0.9898791771D+00    0.1000000000D+01
    0.2225000000D+03    0.9898799678D+00    0.1000000000D+01
    0.2230000000D+03    0.9898783928D+00    0.1000000000D+01
    0.2235000000D+03    0.9898792208D+00    0.1000000000D+01
    0.2240000000D+03    0.9898783307D+00    0.1000000000D+01
    0.2245000000D+03    0.9898791714D+00    0.1000000000D+01
    0.2250000000D+03    0.9898792835D+00    0.1000000000D+01
    0.2255000000D+03    0.9898795137D+00    0.1000000000D+01
    0.2260000000D+03    0.9898779271D+00    0.1000000000D+01
    0.2265000000D+03    0.9898791152D+00    0.1000000000D+01
    0.2270000000D+03    0.9898783955D+00    0.1000000000D+01
    0.2275000000D+03    0.9898783286D+00    0.1000000000D+01
    0.2280000000D+03    0.9898787719D+00    0.1000000000D+01
    0.2285000000D+03    0.9898777738D+00    0.1000000000D+01
    0.2290000000D+03    0.9898783986D+00    0.1000000000D+01
    0.2295000000D+03    0.9898793910D+00    0.1000000000D+01
    0.2300000000D+03    0.9898776443D+00    0.1000000000D+01
    0.2305000000D+03    0.9898781988D+00    0.1000000000D+01
    0.2310000000D+03    0.9898779455D+00    0.1000000000D+01
    0.2315000000D+03    0.9898778617D+00    0.1000000000D+01
    0.2320000000D+03    0.9898788294D+00    0.1000000000D+01
    0.2325000000D+03    0.9898772951D+00    0.1000000000D+01
    0.2330000000D+03    0.9898769587D+00    0.1000000000D+01
    0.2335000000D+03    0.9898784129D+00    0.1000000000D+01
    0.2340000000D+03    0.9898786955D+00    0.1000000000D+01
    0.2345000000D+03    0.9898771660D+00    0.1000000000D+01
    0.2350000000D+03    0.9898787576D+00    0.1000000000D+01
    0.2355000000D+03    0.9898764089D+00    0.1000000000D+01
    0.2360000000D+03    0.9898779235D+00    0.1000000000D+01
    0.2365000000D+03    0.9898792279D+00    0.1000000000D+01
    0.2370000000D+03    0.9898760280D+00    0.1000000000D+01
    0.2375000000D+03    0.9898769741D+00    0.1000000000D+01
    0.2380000000D+03    0.9898781466D+00    0.1000000000D+01
    0.2385000000D+03    0.9898770608D+00    0.1000000000D+01
    0.2390000000D+03    0.9898780377D+00    0.1000000000D+01
    0.2395000000D+03    0.9898772375D+00    0.1000000000D+01
    0.2400000000D+03    0.9898758714D+00    0.1000000000D+01
    0.2405000000D+03    0.9898780281D+00    0.1000000000D+01
    0.2410000000D+03    0.9898782753D+00    0.1000000000D+01
    0.2415000000D+03    0.9898765738D+00    0.1000000000D+01
    0.2420000000D+03    0.9898777039D+00    0.1000000000D+01
    0.2425000000D+03    0.9898766517D+00    0.1000000000D+01
    0.2430000000D+03    0.9898771440D+00    0.1000000000D+01
    0.2435000000D+03    0.9898778551D+00    0.1000000000D+01
    0.2440000000D+03    0.9898767507D+00    0.1000000000D+01
    0.2445000000D+03    0.9898763716D+00    0.1000000000D+01
    0.2450000000D+03    0.9898781013D+00    0.1000000000D+01
    0.2455000000D+03    0.9898763949D+00    0.1000000000D+01
    0.2460000000D+03    0.9898769951D+00    0.1000000000D+01
    0.2465000000D+03    0.9898771516D+00    0.1000000000D+01
    0.2470000000D+03    0.9898762555D+00    0.1000000000D+01
    0.2475000000D+03    0.9898777279D+00    0.1000000000D+01
    0.2480000000D+03    0.9898766781D+00    0.1000000000D+01
    0.2485000000D+03    0.9898764740D+00    0.1000000000D+01
    0.2490000000D+03    0.9898778256D+00    0.1000000000D+01
    0.2495000000D+03    0.9898764807D+00    0.1000000000D+01
    0.2500000000D+03    0.9898771030D+00    0.1000000000D+01
    0.2505000000D+03    0.9898768908D+00    0.1000000000D+01
    0.2510000000D+03    0.9898769018D+00    0.1000000000D+01
    0.2515000000D+03    0.9898774968D+00    0.1000000000D+01
    0.2520000000D+03    0.9898778858D+00    0.1000000000D+01
    0.2525000000D+03    0.9898751181D+00    0.1000000000D+01
    0.2530000000D+03    0.9898774951D+00    0.1000000000D+01
    0.2535000000D+03    0.9898776450D+00    0.1000000000D+01
    0.2540000000D+03    0.9898755038D+00    0.1000000000D+01
    0.2545000000D+03    0.9898776855D+00    0.1000000000D+01
    0.2550000000D+03    0.9898770700D+00    0.1000000000D+01
    0.2555000000D+03    0.9898768131D+00    0.1000000000D+01
    0.2560000000D+03    0.9898782923D+00    0.1000000000D+01
    0.2565000000D+03    0.9898767555D+00    0.1000000000D+01
    0.2570000000D+03    0.9898762309D+00    0.1000000000D+01
    0.2575000000D+03    0.9898780160D+00    0.1000000000D+01
    0.2580000000D+03    0.9898778662D+00    0.1000000000D+01
    0.2585000000D+03    0.9898768902D+00    0.1000000000D+01
    0.2590000000D+03    0.9898770926D+00    0.1000000000D+01
    0.2595000000D+03    0.9898774778D+00    0.1000000000D+01
    0.2600000000D+03    0.9898769050D+00    0.1000000000D+01
    0.2605000000D+03    0.9898792178D+00    0.1000000000D+01
    0.2610000000D+03    0.9898764235D+00    0.1000000000D+01
    0.2615000000D+03    0.9898763572D+00    0.1000000000D+01
    0.2620000000D+03    0.9898779005D+00    0.1000000000D+01
    0.2625000000D+03    0.9898773723D+00    0.1000000000D+01
    0.2630000000D+03    0.9898778487D+00    0.1000000000D+01
    0.2635000000D+03    0.9898774093D+00    0.1000000000D+01
    0.2640000000D+03    0.9898765801D+00    0.1000000000D+01
    0.2645000000D+03    0.9898783047D+00    0.1000000000D+01
    0.2650000000D+03    0.9898781918D+00    0.1000000000D+01
    0.2655000000D+03    0.9898773076D+00    0.1000000000D+01
    0.2660000000D+03    0.9898762658D+00    0.1000000000D+01
    0.2665000000D+03    0.9898778834D+00    0.1000000000D+01
    0.2670000000D+03    0.9898779205D+00    0.1000000000D+01
    0.2675000000D+03    0.9898780285D+00    0.1000000000D+01
    0.2680000000D+03    0.9898775467D+00    0.1000000000D+01
    0.2685000000D+03    0.9898767954D+00    0.1000000000D+01
    0.2690000000D+03    0.9898776506D+00    0.1000000000D+01
    0.2695000000D+03    0.9898784062D+00    0.1000000000D+01
    0.2700000000D+03    0.9898771483D+00    0.1000000000D+01
    0.2705000000D+03    0.9898767557D+00    0.1000000000D+01
    0.2710000000D+03    0.9898772524D+00    0.1000000000D+01
    0.2715000000D+03    0.9898780730D+00    0.1000000000D+01
    0.2720000000D+03    0.9898774287D+00    0.1000000000D+01
    0.2725000000D+03    0.9898767652D+00    0.1000000000D+01
    0.2730000000D+03    0.9898769764D+00    0.1000000000D+01
    0.2735000000D+03    0.9898783429D+00    0.1000000000D+01
    0.2740000000D+03    0.9898773560D+00    0.1000000000D+01
    0.2745000000D+03    0.9898765969D+00    0.1000000000D+01
    0.2750000000D+03    0.9898780371D+00    0.1000000000D+01
    0.2755000000D+03    0.9898761595D+00    0.1000000000D+01
    0.2760000000D+03    0.9898782335D+00    0.1000000000D+01
    0.2765000000D+03    0.9898783427D+00    0.1000000000D+01
    0.2770000000D+03    0.9898753212D+00    0.1000000000D+01
    0.2775000000D+03    0.9898776023D+00    0.1000000000D+01
    0.2780000000D+03    0.9898779749D+00    0.1000000000D+01
    0.2785000000D+03    0.9898762333D+00    0.1000000000D+01
    0.2790000000D+03    0.9898772101D+00    0.1000000000D+01
    0.2795000000D+03    0.9898771437D+00    0.1000000000D+01
    0.2800000000D+03    0.9898758320D+00    0.1000000000D+01
    0.2805000000D+03    0.9898777303D+00    0.1000000000D+01
    0.2810000000D+03    0.9898775837D+00    0.1000000000D+01
    0.2815000000D+03    0.9898753837D+00    0.1000000000D+01
    0.2820000000D+03    0.9898780250D+00    0.1000000000D+01
    0.2825000000D+03    0.9898778137D+00    0.1000000000D+01
    0.2830000000D+03    0.9898759045D+00    0.1000000000D+01
    0.2835000000D+03    0.9898780022D+00    0.1000000000D+01
    0.2840000000D+03    0.9898769292D+00    0.1000000000D+01
    0.2845000000D+03    0.9898762872D+00    0.1000000000D+01
    0.2850000000D+03    0.9898769766D+00    0.1000000000D+01
    0.2855000000D+03    0.9898771613D+00    0.1000000000D+01
    0.2860000000D+03    0.9898764731D+00    0.1000000000D+01
    0.2865000000D+03    0.9898779010D+00    0.1000000000D+01
    0.2870000000D+03    0.9898777461D+00    0.1000000000D+01
    0.2875000000D+03    0.9898756330D+00    0.1000000000D+01
    0.2880000000D+03    0.9898769191D+00    0.1000000000D+01
    0.2885000000D+03    0.9898775697D+00    0.1000000000D+01
    0.2890000000D+03    0.9898761941D+00    0.1000000000D+01
    0.2895000000D+03    0.9898773488D+00    0.1000000000D+01
    0.2900000000D+03    0.9898766984D+00    0.1000000000D+01
    0.2905000000D+03    0.9898775930D+00    0.1000000000D+01
    0.2910000000D+03    0.9898765754D+00    0.1000000000D+01
    0.2915000000D+03    0.9898781112D+00    0.1000000000D+01
    0.2920000000D+03    0.9898757157D+00    0.1000000000D+01
    0.2925000000D+03    0.9898761472D+00    0.1000000000D+01
    0.2930000000D+03    0.9898785404D+00    0.1000000000D+01
    0.2935000000D+03    0.9898767764D+00    0.1000000000D+01
    0.2940000000D+03    0.9898753401D+00    0.1000000000D+01
    0.2945000000D+03    0.9898783144D+00    0.1000000000D+01
    0.2950000000D+03    0.9898761526D+00    0.1000000000D+01
    0.2955000000D+03    0.9898767109D+00    0.1000000000D+01
    0.2960000000D+03    0.9898792985D+00    0.1000000000D+01
    0.2965000000D+03    0.9898754273D+00    0.1000000000D+01
    0.2970000000D+03    0.9898751965D+00    0.1000000000D+01
    0.2975000000D+03    0.9898780608D+00    0.1000000000D+01
    0.2980000000D+03    0.9898765485D+00    0.1000000000D+01
    0.2985000000D+03    0.9898753889D+00    0.1000000000D+01
    0.2990000000D+03    0.9898777269D+00    0.1000000000D+01
    0.2995000000D+03    0.9898768132D+00    0.1000000000D+01
    0.3000000000D+03    0.9898750656D+00    0.1000000000D+01
    0.3005000000D+03    0.9898782568D+00    0.1000000000D+01
    0.3010000000D+03    0.9898760536D+00    0.1000000000D+01
    0.3015000000D+03    0.9898748956D+00    0.1000000000D+01
    0.3020000000D+03    0.9898778457D+00    0.1000000000D+01
    0.3025000000D+03    0.9898768155D+00    0.1000000000D+01
    0.3030000000D+03    0.9898752669D+00    0.1000000000D+01
    0.3035000000D+03    0.9898757548D+00    0.1000000000D+01
    0.3040000000D+03    0.9898780924D+00    0.1000000000D+01
    0.3045000000D+03    0.9898758163D+00    0.1000000000D+01
    0.3050000000D+03    0.9898753606D+00    0.1000000000D+01
    0.3055000000D+03    0.9898785950D+00    0.1000000000D+01
    0.3060000000D+03    0.9898720690D+00    0.1000000000D+01
    0.3065000000D+03    0.9898772689D+00    0.1000000000D+01
    0.3070000000D+03    0.9898778540D+00    0.1000000000D+01
    0.3075000000D+03    0.9898742351D+00    0.1000000000D+01
    0.3080000000D+03    0.9898750874D+00    0.1000000000D+01
    0.3085000000D+03    0.9898794732D+00    0.1000000000D+01
    0.3090000000D+03    0.9898742333D+00    0.1000000000D+01
    0.3095000000D+03    0.9898746638D+00    0.1000000000D+01
    0.3100000000D+03    0.9898782092D+00    0.1000000000D+01
    0.3105000000D+03    0.9898743385D+00    0.1000000000D+01
    0.3110000000D+03    0.9898742727D+00    0.1000000000D+01
    0.3115000000D+03    0.9898795057D+00    0.1000000000D+01
    0.3120000000D+03    0.9898740905D+00    0.1000000000D+01
    0.3125000000D+03    0.9898742985D+00    0.1000000000D+01
    0.3130000000D+03    0.9898790329D+00    0.1000000000D+01
    0.3135000000D+03    0.9898754658D+00    0.1000000000D+01
    0.3140000000D+03    0.9898730417D+00    0.1000000000D+01
    0.3145000000D+03    0.9898775623D+00    0.1000000000D+01
    0.3150000000D+03    0.9898768763D+00    0.1000000000D+01
    0.3155000000D+03    0.9898736121D+00    0.1000000000D+01
    0.3160000000D+03    0.9898769530D+00    0.1000000000D+01
    0.3165000000D+03    0.9898768345D+00    0.1000000000D+01
    0.3170000000D+03    0.9898721438D+00    0.1000000000D+01
    0.3175000000D+03    0.9898773367D+00    0.1000000000D+01
    0.3180000000D+03    0.9898770076D+00    0.1000000000D+01
    0.3185000000D+03    0.9898738043D+00    0.1000000000D+01
    0.3190000000D+03    0.9898743262D+00    0.1000000000D+01
    0.3195000000D+03    0.9898781552D+00    0.1000000000D+01
    0.3200000000D+03    0.9898747394D+00    0.1000000000D+01
    0.3205000000D+03    0.9898739069D+00    0.1000000000D+01
    0.3210000000D+03    0.9898772720D+00    0.1000000000D+01
    0.3215000000D+03    0.9898753900D+00    0.1000000000D+01
    0.3220000000D+03    0.9898742758D+00    0.1000000000D+01
    0.3225000000D+03    0.9898782576D+00    0.1000000000D+01
    0.3230000000D+03    0.9898749753D+00    0.1000000000D+01
    0.3235000000D+03    0.9898720537D+00    0.1000000000D+01
    0.3240000000D+03    0.9898783515D+00    0.1000000000D+01
    0.3245000000D+03    0.9898761818D+00    0.1000000000D+01
    0.3250000000D+03    0.9898717532D+00    0.1000000000D+01
    0.3255000000D+03    0.9898764359D+00    0.1000000000D+01
    0.3260000000D+03    0.9898772520D+00    0.1000000000D+01
    0.3265000000D+03    0.9898725332D+00    0.1000000000D+01
    0.3270000000D+03    0.9898763977D+00    0.1000000000D+01
    0.3275000000D+03    0.9898771226D+00    0.1000000000D+01
    0.3280000000D+03    0.9898715062D+00    0.1000000000D+01
    0.3285000000D+03    0.9898769765D+00    0.1000000000D+01
    0.3290000000D+03    0.9898776844D+00    0.1000000000D+01
    0.3295000000D+03    0.9898719738D+00    0.1000000000D+01
    0.3300000000D+03    0.9898736860D+00    0.1000000000D+01
    0.3305000000D+03    0.9898789837D+00    0.1000000000D+01
    0.3310000000D+03    0.9898740436D+00    0.1000000000D+01
    0.3315000000D+03    0.9898736541D+00    0.1000000000D+01
    0.3320000000D+03    0.9898778092D+00    0.1000000000D+01
    0.3325000000D+03    0.9898737154D+00    0.1000000000D+01
    0.3330000000D+03    0.9898732155D+00    0.1000000000D+01
    0.3335000000D+03    0.9898770884D+00    0.1000000000D+01
    0.3340000000D+03    0.9898758146D+00    0.1000000000D+01
    0.3345000000D+03    0.9898718029D+00    0.1000000000D+01
    0.3350000000D+03    0.9898770068D+00    0.1000000000D+01
    0.3355000000D+03    0.9898777103D+00    0.1000000000D+01
    0.3360000000D+03    0.9898726491D+00    0.1000000000D+01
    0.3365000000D+03    0.9898736752D+00    0.1000000000D+01
    0.3370000000D+03    0.9898791005D+00    0.1000000000D+01
    0.3375000000D+03    0.9898732597D+00    0.1000000000D+01
    0.3380000000D+03    0.9898728761D+00    0.1000000000D+01
    0.3385000000D+03    0.9898793845D+00    0.1000000000D+01
    0.3390000000D+03    0.9898750489D+00    0.1000000000D+01
    0.3395000000D+03    0.9898715911D+00    0.1000000000D+01
    0.3400000000D+03    0.9898797504D+00    0.1000000000D+01
    0.3405000000D+03    0.9898771804D+00    0.1000000000D+01
    0.3410000000D+03    0.9898705068D+00    0.1000000000D+01
    0.3415000000D+03    0.9898780382D+00    0.1000000000D+01
    0.3420000000D+03    0.9898778340D+00    0.1000000000D+01
    0.3425000000D+03    0.9898721218D+00    0.1000000000D+01
    0.3430000000D+03    0.9898744523D+00    0.1000000000D+01
    0.3435000000D+03    0.9898794718D+00    0.1000000000D+01
    0.3440000000D+03    0.9898733882D+00    0.1000000000D+01
    0.3445000000D+03    0.9898733667D+00    0.1000000000D+01
    0.3450000000D+03    0.9898807053D+00    0.1000000000D+01
    0.3455000000D+03    0.9898742221D+00    0.1000000000D+01
    0.3460000000D+03    0.9898722074D+00    0.1000000000D+01
    0.3465000000D+03    0.9898795883D+00    0.1000000000D+01
    0.3470000000D+03    0.9898758403D+00    0.1000000000D+01
    0.3475000000D+03    0.9898731095D+00    0.1000000000D+01
    0.3480000000D+03    0.9898760396D+00    0.1000000000D+01
    0.3485000000D+03    0.9898796147D+00    0.1000000000D+01
    0.3490000000D+03    0.9898731136D+00    0.1000000000D+01
    0.3495000000D+03    0.9898743740D+00    0.1000000000D+01
    0.3500000000D+03    0.9898803230D+00    0.1000000000D+01
    0.3505000000D+03    0.9898744287D+00    0.1000000000D+01
    0.3510000000D+03    0.9898728536D+00    0.1000000000D+01
    0.3515000000D+03    0.9898787682D+00    0.1000000000D+01
    0.3520000000D+03    0.9898766284D+00    0.1000000000D+01
    0.3525000000D+03    0.9898708185D+00    0.1000000000D+01
    0.3530000000D+03    0.9898789497D+00    0.1000000000D+01
    0.3535000000D+03    0.9898798219D+00    0.1000000000D+01
    0.3540000000D+03    0.9898711712D+00    0.1000000000D+01
    0.3545000000D+03    0.9898764622D+00    0.1000000000D+01
    0.3550000000D+03    0.9898815120D+00    0.1000000000D+01
    0.3555000000D+03    0.9898718366D+00    0.1000000000D+01
    0.3560000000D+03    0.9898743782D+00    0.1000000000D+01
    0.3565000000D+03    0.9898800982D+00    0.1000000000D+01
    0.3570000000D+03    0.9898763355D+00    0.1000000000D+01
    0.3575000000D+03    0.9898716495D+00    0.1000000000D+01
    0.3580000000D+03    0.9898809152D+00    0.1000000000D+01
    0.3585000000D+03    0.9898777712D+00    0.1000000000D+01
    0.3590000000D+03    0.9898713195D+00    0.1000000000D+01
    0.3595000000D+03    0.9898772098D+00    0.1000000000D+01
    0.3600000000D+03    0.9898804565D+00    0.1000000000D+01
    0.3605000000D+03    0.9898722301D+00    0.1000000000D+01
    0.3610000000D+03    0.9898740326D+00    0.1000000000D+01
    0.3615000000D+03    0.9898825398D+00    0.1000000000D+01
    0.3620000000D+03    0.9898746843D+00    0.1000000000D+01
    0.3625000000D+03    0.9898720402D+00    0.1000000000D+01
    0.3630000000D+03    0.9898810004D+00    0.1000000000D+01
    0.3635000000D+03    0.9898779717D+00    0.1000000000D+01
    0.3640000000D+03    0.9898724719D+00    0.1000000000D+01
    0.3645000000D+03    0.9898773915D+00    0.1000000000D+01
    0.3650000000D+03    0.9898806320D+00    0.1000000000D+01
    0.3655000000D+03    0.9898727558D+00    0.1000000000D+01
    0.3660000000D+03    0.9898744102D+00    0.1000000000D+01
    0.3665000000D+03    0.9898829371D+00    0.1000000000D+01
    0.3670000000D+03    0.9898752876D+00    0.1000000000D+01
    0.3675000000D+03    0.9898722953D+00    0.1000000000D+01
    0.3680000000D+03    0.9898817888D+00    0.1000000000D+01
    0.3685000000D+03    0.9898766851D+00    0.1000000000D+01
    0.3690000000D+03    0.9898721271D+00    0.1000000000D+01
    0.3695000000D+03    0.9898786220D+00    0.1000000000D+01
    0.3700000000D+03    0.9898802278D+00    0.1000000000D+01
    0.3705000000D+03    0.9898738857D+00    0.1000000000D+01
    0.3710000000D+03    0.9898735512D+00    0.1000000000D+01
    0.3715000000D+03    0.9898816653D+00    0.1000000000D+01
    0.3720000000D+03    0.9898772380D+00    0.1000000000D+01
    0.3725000000D+03    0.9898719697D+00    0.1000000000D+01
    0.3730000000D+03    0.9898803778D+00    0.1000000000D+01
    0.3735000000D+03    0.9898791335D+00    0.1000000000D+01
    0.3740000000D+03    0.9898729661D+00    0.1000000000D+01
    0.3745000000D+03    0.9898756551D+00    0.1000000000D+01
    0.3750000000D+03    0.9898810360D+00    0.1000000000D+01
    0.3755000000D+03    0.9898748507D+00    0.1000000000D+01
    0.3760000000D+03    0.9898751295D+00    0.1000000000D+01
    0.3765000000D+03    0.9898805860D+00    0.1000000000D+01
    0.3770000000D+03    0.9898762693D+00    0.1000000000D+01
    0.3775000000D+03    0.9898734549D+00    0.1000000000D+01
    0.3780000000D+03    0.9898795663D+00    0.1000000000D+01
    0.3785000000D+03    0.9898787098D+00    0.1000000000D+01
    0.3790000000D+03    0.9898731404D+00    0.1000000000D+01
    0.3795000000D+03    0.9898763597D+00    0.1000000000D+01
    0.3800000000D+03    0.9898813975D+00    0.1000000000D+01
    0.3805000000D+03    0.9898741785D+00    0.1000000000D+01
    0.3810000000D+03    0.9898745943D+00    0.1000000000D+01
    0.3815000000D+03    0.9898812503D+00    0.1000000000D+01
    0.3820000000D+03    0.9898774313D+00    0.1000000000D+01
    0.3825000000D+03    0.9898726029D+00    0.1000000000D+01
    0.3830000000D+03    0.9898794121D+00    0.1000000000D+01
    0.3835000000D+03    0.9898796089D+00    0.1000000000D+01
    0.3840000000D+03    0.9898723588D+00    0.1000000000D+01
    0.3845000000D+03    0.9898769228D+00    0.1000000000D+01
    0.3850000000D+03    0.9898822001D+00    0.1000000000D+01
    0.3855000000D+03    0.9898741976D+00    0.1000000000D+01
    0.3860000000D+03    0.9898724001D+00    0.1000000000D+01
    0.3865000000D+03    0.9898827822D+00    0.1000000000D+01
    0.3870000000D+03    0.9898778023D+00    0.1000000000D+01
    0.3875000000D+03    0.9898700848D+00    0.1000000000D+01
    0.3880000000D+03    0.9898783940D+00    0.1000000000D+01
    0.3885000000D+03    0.9898816071D+00    0.1000000000D+01
    0.3890000000D+03    0.9898732577D+00    0.1000000000D+01
    0.3895000000D+03    0.9898740998D+00    0.1000000000D+01
    0.3900000000D+03    0.9898831261D+00    0.1000000000D+01
    0.3905000000D+03    0.9898763865D+00    0.1000000000D+01
    0.3910000000D+03    0.9898708270D+00    0.1000000000D+01
    0.3915000000D+03    0.9898798394D+00    0.1000000000D+01
    0.3920000000D+03    0.9898799447D+00    0.1000000000D+01
    0.3925000000D+03    0.9898737237D+00    0.1000000000D+01
    0.3930000000D+03    0.9898760560D+00    0.1000000000D+01
    0.3935000000D+03    0.9898792665D+00    0.1000000000D+01
    0.3940000000D+03    0.9898772821D+00    0.1000000000D+01
    0.3945000000D+03    0.9898724079D+00    0.1000000000D+01
    0.3950000000D+03    0.9898791743D+00    0.1000000000D+01
    0.3955000000D+03    0.9898797569D+00    0.1000000000D+01
    0.3960000000D+03    0.9898727574D+00    0.1000000000D+01
    0.3965000000D+03    0.9898763178D+00    0.1000000000D+01
    0.3970000000D+03    0.9898806772D+00    0.1000000000D+01
    0.3975000000D+03    0.9898756184D+00    0.1000000000D+01
    0.3980000000D+03    0.9898721533D+00    0.1000000000D+01
    0.3985000000D+03    0.9898791720D+00    0.1000000000D+01
    0.3990000000D+03    0.9898809804D+00    0.1000000000D+01
    0.3995000000D+03    0.9898734687D+00    0.1000000000D+01
    0.4000000000D+03    0.9898743000D+00    0.1000000000D+01
    0.4005000000D+03    0.9898808116D+00    0.1000000000D+01
    0.4010000000D+03    0.9898762950D+00    0.1000000000D+01
    0.4015000000D+03    0.9898732422D+00    0.1000000000D+01
    0.4020000000D+03    0.9898787795D+00    0.1000000000D+01
    0.4025000000D+03    0.9898790260D+00    0.1000000000D+01
    0.4030000000D+03    0.9898733206D+00    0.1000000000D+01
    0.4035000000D+03    0.9898749413D+00    0.1000000000D+01
    0.4040000000D+03    0.9898807392D+00    0.1000000000D+01
    0.4045000000D+03    0.9898773551D+00    0.1000000000D+01
    0.4050000000D+03    0.9898729412D+00    0.1000000000D+01
    0.4055000000D+03    0.9898784703D+00    0.1000000000D+01
    0.4060000000D+03    0.9898794376D+00    0.1000000000D+01
    0.4065000000D+03    0.9898730450D+00    0.1000000000D+01
    0.4070000000D+03    0.9898754383D+00    0.1000000000D+01
    0.4075000000D+03    0.9898810907D+00    0.1000000000D+01
    0.4080000000D+03    0.9898760571D+00    0.1000000000D+01
    0.4085000000D+03    0.9898731756D+00    0.1000000000D+01
    0.4090000000D+03    0.9898794484D+00    0.1000000000D+01
    0.4095000000D+03    0.9898793969D+00    0.1000000000D+01
    0.4100000000D+03    0.9898734535D+00    0.1000000000D+01
    0.4105000000D+03    0.9898754090D+00    0.1000000000D+01
    0.4110000000D+03    0.9898800111D+00    0.1000000000D+01
    0.4115000000D+03    0.9898778618D+00    0.1000000000D+01
    0.4120000000D+03    0.9898734624D+00    0.1000000000D+01
    0.4125000000D+03    0.9898790170D+00    0.1000000000D+01
    0.4130000000D+03    0.9898802087D+00    0.1000000000D+01
    0.4135000000D+03    0.9898732962D+00    0.1000000000D+01
    0.4140000000D+03    0.9898758805D+00    0.1000000000D+01
    0.4145000000D+03    0.9898804540D+00    0.1000000000D+01
    0.4150000000D+03    0.9898773607D+00    0.1000000000D+01
    0.4155000000D+03    0.9898728718D+00    0.1000000000D+01
    0.4160000000D+03    0.9898788360D+00    0.1000000000D+01
    0.4165000000D+03    0.9898811900D+00    0.1000000000D+01
    0.4170000000D+03    0.9898759136D+00    0.1000000000D+01
    0.4175000000D+03    0.9898731330D+00    0.1000000000D+01
    0.4180000000D+03    0.9898813168D+00    0.1000000000D+01
    0.4185000000D+03    0.9898793969D+00    0.1000000000D+01
    0.4190000000D+03    0.9898735806D+00    0.1000000000D+01
    0.4195000000D+03    0.9898782809D+00    0.1000000000D+01
    0.4200000000D+03    0.9898791823D+00    0.1000000000D+01
    0.4205000000D+03    0.9898742133D+00    0.1000000000D+01
    0.4210000000D+03    0.9898759163D+00    0.1000000000D+01
    0.4215000000D+03    0.9898843345D+00    0.1000000000D+01
    0.4220000000D+03    0.9898780232D+00    0.1000000000D+01
    0.4225000000D+03    0.9898717353D+00    0.1000000000D+01
    0.4230000000D+03    0.9898784370D+00    0.1000000000D+01
    0.4235000000D+03    0.9898840078D+00    0.1000000000D+01
    0.4240000000D+03    0.9898743753D+00    0.1000000000D+01
    0.4245000000D+03    0.9898730626D+00    0.1000000000D+01
    0.4250000000D+03    0.9898827585D+00    0.1000000000D+01
    0.4255000000D+03    0.9898814671D+00    0.1000000000D+01
    0.4260000000D+03    0.9898725356D+00    0.1000000000D+01
    0.4265000000D+03    0.9898754824D+00    0.1000000000D+01
    0.4270000000D+03    0.9898842273D+00    0.1000000000D+01
    0.4275000000D+03    0.9898781068D+00    0.1000000000D+01
    0.4280000000D+03    0.9898721331D+00    0.1000000000D+01
    0.4285000000D+03    0.9898805334D+00    0.1000000000D+01
    0.4290000000D+03    0.9898826291D+00    0.1000000000D+01
    0.4295000000D+03    0.9898747704D+00    0.1000000000D+01
    0.4300000000D+03    0.9898758488D+00    0.1000000000D+01
    0.4305000000D+03    0.9898821560D+00    0.1000000000D+01
    0.4310000000D+03    0.9898807358D+00    0.1000000000D+01
    0.4315000000D+03    0.9898755883D+00    0.1000000000D+01
    0.4320000000D+03    0.9898778327D+00    0.1000000000D+01
    0.4325000000D+03    0.9898825420D+00    0.1000000000D+01
    0.4330000000D+03    0.9898749882D+00    0.1000000000D+01
    0.4335000000D+03    0.9898763678D+00    0.1000000000D+01
    0.4340000000D+03    0.9898836516D+00    0.1000000000D+01
    0.4345000000D+03    0.9898799744D+00    0.1000000000D+01
    0.4350000000D+03    0.9898738463D+00    0.1000000000D+01
    0.4355000000D+03    0.9898788567D+00    0.1000000000D+01
    0.4360000000D+03    0.9898847857D+00    0.1000000000D+01
    0.4365000000D+03    0.9898783717D+00    0.1000000000D+01
    0.4370000000D+03    0.9898740282D+00    0.1000000000D+01
    0.4375000000D+03    0.9898811367D+00    0.1000000000D+01
    0.4380000000D+03    0.9898816790D+00    0.1000000000D+01
    0.4385000000D+03    0.9898763386D+00    0.1000000000D+01
    0.4390000000D+03    0.9898782999D+00    0.1000000000D+01
    0.4395000000D+03    0.9898836608D+00    0.1000000000D+01
    0.4400000000D+03    0.9898803273D+00    0.1000000000D+01
    0.4405000000D+03    0.9898750067D+00    0.1000000000D+01
    0.4410000000D+03    0.9898811909D+00    0.1000000000D+01
    0.4415000000D+03    0.9898820630D+00    0.1000000000D+01
    0.4420000000D+03    0.9898758884D+00    0.1000000000D+01
    0.4425000000D+03    0.9898793279D+00    0.1000000000D+01
    0.4430000000D+03    0.9898828086D+00    0.1000000000D+01
    0.4435000000D+03    0.9898798531D+00    0.1000000000D+01
    0.4440000000D+03    0.9898748770D+00    0.1000000000D+01
    0.4445000000D+03    0.9898821644D+00    0.1000000000D+01
    0.4450000000D+03    0.9898869668D+00    0.1000000000D+01
    0.4455000000D+03    0.9898749085D+00    0.1000000000D+01
    0.4460000000D+03    0.9898738615D+00    0.1000000000D+01
    0.4465000000D+03    0.9898848662D+00    0.1000000000D+01
    0.4470000000D+03    0.9898839614D+00    0.1000000000D+01
    0.4475000000D+03    0.9898746930D+00    0.1000000000D+01
    0.4480000000D+03    0.9898758668D+00    0.1000000000D+01
    0.4485000000D+03    0.9898852601D+00    0.1000000000D+01
    0.4490000000D+03    0.9898849829D+00    0.1000000000D+01
    0.4495000000D+03    0.9898764172D+00    0.1000000000D+01
    0.4500000000D+03    0.9898776267D+00    0.1000000000D+01
    0.4505000000D+03    0.9898835789D+00    0.1000000000D+01
    0.4510000000D+03    0.9898797722D+00    0.1000000000D+01
    0.4515000000D+03    0.9898780795D+00    0.1000000000D+01
    0.4520000000D+03    0.9898814622D+00    0.1000000000D+01
    0.4525000000D+03    0.9898803364D+00    0.1000000000D+01
    0.4530000000D+03    0.9898778581D+00    0.1000000000D+01
    0.4535000000D+03    0.9898810069D+00    0.1000000000D+01
    0.4540000000D+03    0.9898846025D+00    0.1000000000D+01
    0.4545000000D+03    0.9898805792D+00    0.1000000000D+01
    0.4550000000D+03    0.9898749799D+00    0.1000000000D+01
    0.4555000000D+03    0.9898796341D+00    0.1000000000D+01
    0.4560000000D+03    0.9898843885D+00    0.1000000000D+01
    0.4565000000D+03    0.9898806852D+00    0.1000000000D+01
    0.4570000000D+03    0.9898758295D+00    0.1000000000D+01
    0.4575000000D+03    0.9898813911D+00    0.1000000000D+01
    0.4580000000D+03    0.9898859558D+00    0.1000000000D+01
    0.4585000000D+03    0.9898781064D+00    0.1000000000D+01
    0.4590000000D+03    0.9898770709D+00    0.1000000000D+01
    0.4595000000D+03    0.9898841601D+00    0.1000000000D+01
    0.4600000000D+03    0.9898825270D+00    0.1000000000D+01
    0.4605000000D+03    0.9898755911D+00    0.1000000000D+01
    0.4610000000D+03    0.9898786088D+00    0.1000000000D+01
    0.4615000000D+03    0.9898841203D+00    0.1000000000D+01
    0.4620000000D+03    0.9898804234D+00    0.1000000000D+01
    0.4625000000D+03    0.9898765117D+00    0.1000000000D+01
    0.4630000000D+03    0.9898846538D+00    0.1000000000D+01
    0.4635000000D+03    0.9898858571D+00    0.1000000000D+01
    0.4640000000D+03    0.9898753079D+00    0.1000000000D+01
    0.4645000000D+03    0.9898755731D+00    0.1000000000D+01
    0.4650000000D+03    0.9898862947D+00    0.1000000000D+01
    0.4655000000D+03    0.9898810522D+00    0.1000000000D+01
    0.4660000000D+03    0.9898747604D+00    0.1000000000D+01
    0.4665000000D+03    0.9898812972D+00    0.1000000000D+01
    0.4670000000D+03    0.9898873068D+00    0.1000000000D+01
    0.4675000000D+03    0.9898801000D+00    0.1000000000D+01
    0.4680000000D+03    0.9898731208D+00    0.1000000000D+01
    0.4685000000D+03    0.9898805098D+00    0.1000000000D+01
    0.4690000000D+03    0.9898883582D+00    0.1000000000D+01
    0.4695000000D+03    0.9898782329D+00    0.1000000000D+01
    0.4700000000D+03    0.9898741706D+00    0.1000000000D+01
    0.4705000000D+03    0.9898823272D+00    0.1000000000D+01
    0.4710000000D+03    0.9898868270D+00    0.1000000000D+01
    0.4715000000D+03    0.9898785504D+00    0.1000000000D+01
    0.4720000000D+03    0.9898765049D+00    0.1000000000D+01
    0.4725000000D+03    0.9898835266D+00    0.1000000000D+01
    0.4730000000D+03    0.9898825484D+00    0.1000000000D+01
    0.4735000000D+03    0.9898763339D+00    0.1000000000D+01
    0.4740000000D+03    0.9898805638D+00    0.1000000000D+01
    0.4745000000D+03    0.9898848358D+00    0.1000000000D+01
    0.4750000000D+03    0.9898798744D+00    0.1000000000D+01
    0.4755000000D+03    0.9898743246D+00    0.1000000000D+01
    0.4760000000D+03    0.9898826223D+00    0.1000000000D+01
    0.4765000000D+03    0.9898881771D+00    0.1000000000D+01
    0.4770000000D+03    0.9898767192D+00    0.1000000000D+01
    0.4775000000D+03    0.9898765507D+00    0.1000000000D+01
    0.4780000000D+03    0.9898869573D+00    0.1000000000D+01
    0.4785000000D+03    0.9898797854D+00    0.1000000000D+01
    0.4790000000D+03    0.9898731156D+00    0.1000000000D+01
    0.4795000000D+03    0.9898811381D+00    0.1000000000D+01
    0.4800000000D+03    0.9898904450D+00    0.1000000000D+01
    0.4805000000D+03    0.9898812461D+00    0.1000000000D+01
    0.4810000000D+03    0.9898731329D+00    0.1000000000D+01
    0.4815000000D+03    0.9898814104D+00    0.1000000000D+01
    0.4820000000D+03    0.9898872203D+00    0.1000000000D+01
    0.4825000000D+03    0.9898772001D+00    0.1000000000D+01
    0.4830000000D+03    0.9898748350D+00    0.1000000000D+01
    0.4835000000D+03    0.9898848747D+00    0.1000000000D+01
    0.4840000000D+03    0.9898876349D+00    0.1000000000D+01
    0.4845000000D+03    0.9898770381D+00    0.1000000000D+01
    0.4850000000D+03    0.9898756112D+00    0.1000000000D+01
    0.4855000000D+03    0.9898859640D+00    0.1000000000D+01
    0.4860000000D+03    0.9898834952D+00    0.1000000000D+01
    0.4865000000D+03    0.9898765369D+00    0.1000000000D+01
    0.4870000000D+03    0.9898778271D+00    0.1000000000D+01
    0.4875000000D+03    0.9898848537D+00    0.1000000000D+01
    0.4880000000D+03    0.9898825816D+00    0.1000000000D+01
    0.4885000000D+03    0.9898778327D+00    0.1000000000D+01
    0.4890000000D+03    0.9898821871D+00    0.1000000000D+01
    0.4895000000D+03    0.9898875279D+00    0.1000000000D+01
    0.4900000000D+03    0.9898824220D+00    0.1000000000D+01
    0.4905000000D+03    0.9898743181D+00    0.1000000000D+01
    0.4910000000D+03    0.9898798656D+00    0.1000000000D+01
    0.4915000000D+03    0.9898871494D+00    0.1000000000D+01
    0.4920000000D+03    0.9898775891D+00    0.1000000000D+01
    0.4925000000D+03    0.9898769926D+00    0.1000000000D+01
    0.4930000000D+03    0.9898851358D+00    0.1000000000D+01
    0.4935000000D+03    0.9898890161D+00    0.1000000000D+01
    0.4940000000D+03    0.9898816522D+00    0.1000000000D+01
    0.4945000000D+03    0.9898773687D+00    0.1000000000D+01
    0.4950000000D+03    0.9898841976D+00    0.1000000000D+01
    0.4955000000D+03    0.9898825324D+00    0.1000000000D+01
    0.4960000000D+03    0.9898730031D+00    0.1000000000D+01
    0.4965000000D+03    0.9898801117D+00    0.1000000000D+01
    0.4970000000D+03    0.9898902122D+00    0.1000000000D+01
    0.4975000000D+03    0.9898854900D+00    0.1000000000D+01
    0.4980000000D+03    0.9898766738D+00    0.1000000000D+01
    0.4985000000D+03    0.9898831956D+00    0.1000000000D+01
    0.4990000000D+03    0.9898907218D+00    0.1000000000D+01
    0.4995000000D+03    0.9898802668D+00    0.1000000000D+01
    0.5000000000D+03    0.9898718560D+00    0.1000000000D+01
