  0.  1.  1.
  0.5  0.99923483  1.
  1.  0.996942414  1.
  1.5  0.99313206  1.
  2.  0.987819034  1.
  2.5  0.981024194  1.
  3.  0.972773537  1.
  3.5  0.963097684  1.
  4.  0.952031339  1.
  4.5  0.939612761  1.
  5.  0.925883257  1.
  5.5  0.910886732  1.
  6.  0.894669286  1.
  6.5  0.87727887  1.
  7.  0.858765011  1.
  7.5  0.839178594  1.
  8.  0.818571705  1.
  8.5  0.796997532  1.
  9.  0.774510311  1.
  9.5  0.75116531  1.
  10.  0.727018821  1.
  10.5  0.702128151  1.
  11.  0.676551581  1.
  11.5  0.650348288  1.
  12.  0.623578213  1.
  12.5  0.596301872  1.
  13.  0.568580131  1.
  13.5  0.540473941  1.
  14.  0.512044072  1.
  14.5  0.483350847  1.
  15.  0.454453909  1.
  15.5  0.425412018  1.
  16.  0.396282901  1.
  16.5  0.367123148  1.
  17.  0.337988153  1.
  17.5  0.308932085  1.
  18.  0.280007895  1.
  18.5  0.251267328  1.
  19.  0.222760944  1.
  19.5  0.194538121  1.
  20.  0.166647034  1.
  20.5  0.139134605  1.
  21.  0.112046415  1.
  21.5  0.0854265767  1.
  22.  0.0593175801  1.
  22.5  0.0337601197  1.
  23.  0.00879291961  1.
  23.5 -0.0155474244  1.
  24. -0.0392265704  1.
  24.5 -0.0622125091  1.
  25. -0.0844755899  1.
  25.5 -0.105988493  1.
  26. -0.126726157  1.
  26.5 -0.146665672  1.
  27. -0.165786157  1.
  27.5 -0.184068642  1.
  28. -0.201495968  1.
  28.5 -0.218052717  1.
  29. -0.233725192  1.
  29.5 -0.248501427  1.
  30. -0.262371244  1.
  30.5 -0.275326339  1.
  31. -0.287360374  1.
  31.5 -0.298469084  1.
  32. -0.30865035  1.
  32.5 -0.31790425  1.
  33. -0.326233067  1.
  33.5 -0.333641242  1.
  34. -0.340135287  1.
  34.5 -0.345723647  1.
  35. -0.350416535  1.
  35.5 -0.354225752  1.
  36. -0.357164512  1.
  36.5 -0.359247274  1.
  37. -0.360489623  1.
  37.5 -0.360908179  1.
  38. -0.360520559  1.
  38.5 -0.359345375  1.
  39. -0.357402269  1.
  39.5 -0.354711964  1.
  40. -0.351296315  1.
  40.5 -0.347178349  1.
  41. -0.342382279  1.
  41.5 -0.336933473  1.
  42. -0.330858386  1.
  42.5 -0.324184442  1.
  43. -0.316939883  1.
  43.5 -0.309153592  1.
  44. -0.300854903  1.
  44.5 -0.29207342  1.
  45. -0.282838855  1.
  45.5 -0.273180904  1.
  46. -0.26312916  1.
  46.5 -0.252713077  1.
  47. -0.241961977  1.
  47.5 -0.230905082  1.
  48. -0.219571577  1.
  48.5 -0.207990663  1.
  49. -0.196191612  1.
  49.5 -0.184203777  1.
  50. -0.172056586  1.
  50.5 -0.159779474  1.
  51. -0.14740179  1.
  51.5 -0.134952657  1.
  52. -0.122460819  1.
  52.5 -0.109954474  1.
  53. -0.0974611104  1.
  53.5 -0.08500737  1.
  54. -0.0726189421  1.
  54.5 -0.0603204985  1.
  55. -0.0481356728  1.
  55.5 -0.0360870831  1.
  56. -0.0241963883  1.
  56.5 -0.0124843682  1.
  57. -0.000971011245  1.
  57.5  0.0103244039  1.
  58.  0.0213832475  1.
  58.5  0.0321875105  1.
  59.  0.0427198135  1.
  59.5  0.0529634556  1.
  60.  0.0629024964  1.
  60.5  0.0725218635  1.
  61.  0.0818074697  1.
  61.5  0.0907463273  1.
  62.  0.0993266429  1.
  62.5  0.107537881  1.
  63.  0.11537079  1.
  63.5  0.122817383  1.
  64.  0.12987088  1.
  64.5  0.136525619  1.
  65.  0.142776941  1.
  65.5  0.148621074  1.
  66.  0.154055018  1.
  66.5  0.159076459  1.
  67.  0.163683702  1.
  67.5  0.167875657  1.
  68.  0.171651849  1.
  68.5  0.175012473  1.
  69.  0.177958471  1.
  69.5  0.180491616  1.
  70.  0.182614606  1.
  70.5  0.184331129  1.
  71.  0.18564591  1.
  71.5  0.186564708  1.
  72.  0.187094286  1.
  72.5  0.187242325  1.
  73.  0.187017315  1.
  73.5  0.186428418  1.
  74.  0.18548532  1.
  74.5  0.184198099  1.
  75.  0.182577102  1.
  75.5  0.18063286  1.
  76.  0.178376043  1.
  76.5  0.175817454  1.
  77.  0.172968061  1.
  77.5  0.169839064  1.
  78.  0.166441968  1.
  78.5  0.16278867  1.
  79.  0.158891528  1.
  79.5  0.154763405  1.
  80.  0.150417674  1.
  80.5  0.14586819  1.
  81.  0.141129208  1.
  81.5  0.13621528  1.
  82.  0.131141116  1.
  82.5  0.125921439  1.
  83.  0.120570846  1.
  83.5  0.11510368  1.
  84.  0.109533944  1.
  84.5  0.103875249  1.
  85.  0.0981408002  1.
  85.5  0.0923434345  1.
  86.  0.0864956777  1.
  86.5  0.0806098298  1.
  87.  0.0746980534  1.
  87.5  0.0687724524  1.
  88.  0.0628451291  1.
  88.5  0.0569282069  1.
  89.  0.0510338152  1.
  89.5  0.0451740333  1.
  90.  0.0393608013  1.
  90.5  0.0336058043  1.
  91.  0.0279203467  1.
  91.5  0.0223152283  1.
  92.  0.0168006395  1.
  92.5  0.0113860874  1.
  93.  0.00608036136  1.
  93.5  0.000891541857  1.
  94. -0.00417294909  1.
  94.5 -0.00910626367  1.
  95. -0.013902022  1.
  95.5 -0.0185541991  1.
  96. -0.0230570199  1.
  96.5 -0.0274048781  1.
  97. -0.0315922896  1.
  97.5 -0.0356138873  1.
  98. -0.0394644592  1.
  98.5 -0.0431390239  1.
  99. -0.0466329358  1.
  99.5 -0.0499420039  1.
  100. -0.0530626108  1.
  100.5 -0.0559918143  1.
  101. -0.0587274195  1.
  101.5 -0.0612680099  1.
  102. -0.0636129332  1.
  102.5 -0.0657622433  1.
  103. -0.0677166052  1.
  103.5 -0.0694771722  1.
  104. -0.0710454543  1.
  104.5 -0.0724231893  1.
  105. -0.0736122369  1.
  105.5 -0.0746145047  1.
  106. -0.0754319172  1.
  106.5 -0.0760664287  1.
  107. -0.0765200781  1.
  107.5 -0.0767950762  1.
  108. -0.0768939124  1.
  108.5 -0.076819464  1.
  109. -0.0765750937  1.
  109.5 -0.0761647182  1.
  110. -0.0755928376  1.
  110.5 -0.0748645205  1.
  111. -0.0739853423  1.
  111.5 -0.0729612854  1.
  112. -0.0717986104  1.
  112.5 -0.0705037143  1.
  113. -0.0690829923  1.
  113.5 -0.0675427201  1.
  114. -0.0658889702  1.
  114.5 -0.0641275723  1.
  115. -0.0622641212  1.
  115.5 -0.0603040294  1.
  116. -0.0582526172  1.
  116.5 -0.0561152245  1.
  117. -0.0538973293  1.
  117.5 -0.0516046544  1.
  118. -0.0492432456  1.
  118.5 -0.0468195094  1.
  119. -0.0443402016  1.
  119.5 -0.0418123669  1.
  120. -0.0392432339  1.
  120.5 -0.0366400784  1.
  121. -0.0340100701  1.
  121.5 -0.0313601216  1.
  122. -0.0286967588  1.
  122.5 -0.026026028  1.
  123. -0.023353452  1.
  123.5 -0.0206840407  1.
  124. -0.0180223538  1.
  124.5 -0.015372609  1.
  125. -0.0127388189  1.
  125.5 -0.0101249405  1.
  126. -0.00753501654  1.
  126.5 -0.00497328816  1.
  127. -0.00244426478  1.
  127.5  4.72603096E-05  1.
  128.  0.00249625185  1.
  128.5  0.00489752788  1.
  129.  0.00724589723  1.
  129.5  0.00953632258  1.
  130.  0.0117640884  1.
  130.5  0.0139249527  1.
  131.  0.016015263  1.
  131.5  0.0180320215  1.
  132.  0.019972891  1.
  132.5  0.0218361406  1.
  133.  0.0236205384  1.
  133.5  0.0253252047  1.
  134.  0.0269494456  1.
  134.5  0.0284925889  1.
  135.  0.0299538431  1.
  135.5  0.0313322008  1.
  136.  0.0326263975  1.
  136.5  0.0338349331  1.
  137.  0.0349561537  1.
  137.5  0.0359883838  1.
  138.  0.0369300906  1.
  138.5  0.0377800599  1.
  139.  0.0385375593  1.
  139.5  0.0392024653  1.
  140.  0.0397753381  1.
  140.5  0.0402574295  1.
  141.  0.0406506232  1.
  141.5  0.0409573114  1.
  142.  0.0411802229  1.
  142.5  0.0413222225  1.
  143.  0.0413861068  1.
  143.5  0.0413744229  1.
  144.  0.0412893326  1.
  144.5  0.0411325406  1.
  145.  0.0409052955  1.
  145.5  0.040608467  1.
  146.  0.0402426857  1.
  146.5  0.039808533  1.
  147.  0.0393067516  1.
  147.5  0.0387384531  1.
  148.  0.0381052922  1.
  148.5  0.037409584  1.
  149.  0.0366543479  1.
  149.5  0.0358432687  1.
  150.  0.0349805784  1.
  150.5  0.0340708704  1.
  151.  0.0331188686  1.
  151.5  0.0321291789  1.
  152.  0.0311060539  1.
  152.5  0.0300532011  1.
  153.  0.0289736589  1.
  153.5  0.027869757  1.
  154.  0.0267431677  1.
  154.5  0.0255950423  1.
  155.  0.0244262166  1.
  155.5  0.0232374581  1.
  156.  0.0220297268  1.
  156.5  0.0208044109  1.
  157.  0.0195635108  1.
  157.5  0.0183097422  1.
  158.  0.017046545  1.
  158.5  0.0157779937  1.
  159.  0.0145086177  1.
  159.5  0.0132431532  1.
  160.  0.0119862554  1.
  160.5  0.0107422076  1.
  161.  0.00951466435  1.
  161.5  0.00830646015  1.
  162.  0.00711951209  1.
  162.5  0.00595482866  1.
  163.  0.00481262659  1.
  163.5  0.00369254282  1.
  164.  0.00259391628  1.
  164.5  0.00151610463  1.
  165.  0.000458796142  1.
  165.5 -0.000577724025  1.
  166. -0.00159238841  1.
  166.5 -0.00258326901  1.
  167. -0.00354761914  1.
  167.5 -0.00448203366  1.
  168. -0.00538271043  1.
  168.5 -0.00624578293  1.
  169. -0.00706768367  1.
  169.5 -0.00784549343  1.
  170. -0.00857723202  1.
  170.5 -0.00926205183  1.
  171. -0.00990030729  1.
  171.5 -0.0104934879  1.
  172. -0.0110440187  1.
  172.5 -0.0115549502  1.
  173. -0.0120295718  1.
  173.5 -0.012470995  1.
  174. -0.0128817577  1.
  174.5 -0.0132634968  1.
  175. -0.0136167337  1.
  175.5 -0.0139407988  1.
  176. -0.0142339101  1.
  176.5 -0.0144933985  1.
  177. -0.0147160549  1.
  177.5 -0.0148985607  1.
  178. -0.0150379497  1.
  178.5 -0.015132045  1.
  179. -0.0151798176  1.
  179.5 -0.0151816204  1.
  180. -0.0151392657  1.
  180.5 -0.015055933  1.
  181. -0.0149359147  1.
  181.5 -0.0147842261  1.
  182. -0.0146061247  1.
  182.5 -0.014406593  1.
  183. -0.0141898491  1.
  183.5 -0.0139589421  1.
  184. -0.0137154842  1.
  184.5 -0.0134595542  1.
  185. -0.0131897869  1.
  185.5 -0.0129036417  1.
  186. -0.012597821  1.
  186.5 -0.0122687915  1.
  187. -0.0119133465  1.
  187.5 -0.0115291435  1.
  188. -0.0111151501  1.
  188.5 -0.0106719449  1.
  189. -0.0102018318  1.
  189.5 -0.00970875153  1.
  190. -0.00919799609  1.
  190.5 -0.00867575626  1.
  191. -0.00814855178  1.
  191.5 -0.00762260995  1.
  192. -0.00710326477  1.
  192.5 -0.00659444798  1.
  193. -0.00609833352  1.
  193.5 -0.00561518017  1.
  194. -0.00514339419  1.
  194.5 -0.00467980825  1.
  195. -0.00422014775  1.
  195.5 -0.00375963265  1.
  196. -0.00329364649  1.
  196.5 -0.00281839521  1.
  197. -0.00233147841  1.
  197.5 -0.00183230496  1.
  198. -0.00132230142  1.
  198.5 -0.000804885954  1.
  199. -0.000285206649  1.
  199.5  0.000230329094  1.
  200.  0.000734683121  1.
  200.5  0.00122090277  1.
  201.  0.00168284384  1.
  201.5  0.00211581722  1.
  202.  0.00251708388  1.
  202.5  0.00288613991  1.
  203.  0.00322475589  1.
  203.5  0.00353676336  1.
  204.  0.00382760946  1.
  204.5  0.00410372745  1.
  205.  0.00437179239  1.
  205.5  0.00463794477  1.
  206.  0.00490706881  1.
  206.5  0.0051822072  1.
  207.  0.00546417879  1.
  207.5  0.0057514434  1.
  208.  0.0060402304  1.
  208.5  0.00632491839  1.
  209.  0.00659862506  1.
  209.5  0.00685394261  1.
  210.  0.0070837382  1.
  210.5  0.00728193123  1.
  211.  0.0074441614  1.
  211.5  0.00756827469  1.
  212.  0.00765457337  1.
  212.5  0.00770580283  1.
  213.  0.00772687712  1.
  213.5  0.00772437327  1.
  214.  0.00770585012  1.
  214.5  0.00767906603  1.
  215.  0.00765118029  1.
  215.5  0.00762802469  1.
  216.  0.00761352295  1.
  216.5  0.0076093194  1.
  217.  0.00761465482  1.
  217.5  0.00762650068  1.
  218.  0.00763993471  1.
  218.5  0.0076487151  1.
  219.  0.00764599027  1.
  219.5  0.00762506703  1.
  220.  0.00758015494  1.
  220.5  0.00750700903  1.
  221.  0.00740340421  1.
  221.5  0.00726939434  1.
  222.  0.0071073322  1.
  222.5  0.00692165224  1.
  223.  0.00671844263  1.
  223.5  0.00650485496  1.
  224.  0.00628841515  1.
  224.5  0.00607630827  1.
  225.  0.00587471076  1.
  225.5  0.00568823658  1.
  226.  0.00551955065  1.
  226.5  0.00536918389  1.
  227.  0.00523556335  1.
  227.5  0.00511524802  1.
  228.  0.00500334111  1.
  228.5  0.00489403274  1.
  229.  0.00478121571  1.
  229.5  0.00465911196  1.
  230.  0.00452284882  1.
  230.5  0.00436893126  1.
  231.  0.00419556925  1.
  231.5  0.00400283445  1.
  232.  0.00379263845  1.
  232.5  0.00356854168  1.
  233.  0.00333541792  1.
  233.5  0.00309901098  1.
  234.  0.00286542869  1.
  234.5  0.00264062193  1.
  235.  0.00242989555  1.
  235.5  0.0022374923  1.
  236.  0.0020662818  1.
  236.5  0.00191757608  1.
  237.  0.00179108046  1.
  237.5  0.00168497719  1.
  238.  0.00159612848  1.
  238.5  0.00152037668  1.
  239.  0.00145291362  1.
  239.5  0.00138868725  1.
  240.  0.00132281327  1.
  240.5  0.00125096118  1.
  241.  0.00116968768  1.
  241.5  0.00107669536  1.
  242.  0.000971001279  1.
  242.5  0.000853006003  1.
  243.  0.000724460773  1.
  243.5  0.000588336761  1.
  244.  0.000448606229  1.
  244.5  0.000309950815  1.
  245.  0.000177416508  1.
  245.5  5.60381842E-05  1.
  246. -4.95409181E-05  1.
  246.5 -0.000135428572  1.
  247. -0.000198795977  1.
  247.5 -0.000238119373  1.
  248. -0.000253330987  1.
  248.5 -0.000245864615  1.
  249. -0.000218588191  1.
  249.5 -0.000175623483  1.
  250. -0.000122062154  1.
  250.5 -6.35957306E-05  1.
  251. -6.08511975E-06  1.
  251.5  4.48980571E-05  1.
  252.  8.45221884E-05  1.
  252.5  0.000109100595  1.
  253.  0.000116415092  1.
  253.5  0.000105927351  1.
  254.  7.8855942E-05  1.
  254.5  3.8107387E-05  1.
  255. -1.19378762E-05  1.
  255.5 -6.5770763E-05  1.
  256. -0.000117203963  1.
  256.5 -0.000159891005  1.
  257. -0.000187870036  1.
  257.5 -0.000196085004  1.
  258. -0.000180837624  1.
  258.5 -0.000140128693  1.
  259. -7.38569313E-05  1.
  259.5  1.61445159E-05  1.
  260.  0.000126238632  1.
  260.5  0.000251272055  1.
  261.  0.000384994621  1.
  261.5  0.000520574142  1.
  262.  0.000651160518  1.
  262.5  0.000770449037  1.
  263.  0.000873193009  1.
  263.5  0.000955620793  1.
  264.  0.00101572158  1.
  264.5  0.00105337689  1.
  265.  0.00107032886  1.
  265.5  0.00106999165  1.
  266.  0.0010571261  1.
  266.5  0.00103740983  1.
  267.  0.00101694286  1.
  267.5  0.00100173365  1.
  268.  0.000997210081  1.
  268.5  0.00100779605  1.
  269.  0.00103658631  1.
  269.5  0.00108514222  1.
  270.  0.00115341904  1.
  270.5  0.00123982361  1.
  271.  0.00134139012  1.
  271.5  0.00145405242  1.
  272.  0.00157298526  1.
  272.5  0.00169298313  1.
  273.  0.001808845  1.
  273.5  0.0019157363  1.
  274.  0.00200950347  1.
  274.5  0.00208692301  1.
  275.  0.00214587382  1.
  275.5  0.00218542848  1.
  276.  0.00220586498  1.
  276.5  0.00220860555  1.
  277.  0.00219609261  1.
  277.5  0.00217161385  1.
  278.  0.00213908919  1.
  278.5  0.00210283221  1.
  279.  0.00206729796  1.
  279.5  0.00203682808  1.
  280.  0.00201540335  1.
  280.5  0.00200641362  1.
  281.  0.00201245457  1.
  281.5  0.00203516115  1.
  282.  0.00207508722  1.
  282.5  0.00213164064  1.
  283.  0.0022030819  1.
  283.5  0.00228659185  1.
  284.  0.00237841098  1.
  284.5  0.00247404809  1.
  285.  0.00256855065  1.
  285.5  0.00265682369  1.
  286.  0.00273397825  1.
  286.5  0.00279568584  1.
  287.  0.00283851203  1.
  287.5  0.00286020186  1.
  288.  0.00285989048  1.
  288.5  0.00283821747  1.
  289.  0.00279732951  1.
  289.5  0.002740765  1.
  290.  0.00267322439  1.
  290.5  0.00260024011  1.
  291.  0.00252776988  1.
  291.5  0.00246174504  1.
  292.  0.00240761068  1.
  292.5  0.0023698965  1.
  293.  0.0023518555  1.
  293.5  0.0023552023  1.
  294.  0.00237997447  1.
  294.5  0.00242452948  1.
  295.  0.00248567769  1.
  295.5  0.00255893961  1.
  296.  0.00263890447  1.
  296.5  0.00271965858  1.
  297.  0.00279524575  1.
  297.5  0.00286012048  1.
  298.  0.00290955594  1.
  298.5  0.00293997435  1.
  299.  0.00294917536  1.
  299.5  0.00293644827  1.
  300.  0.00290256495  1.
  300.5  0.00284966107  1.
  301.  0.00278102245  1.
  301.5  0.00270080054  1.
  302.  0.00261368522  1.
  302.5  0.00252456408  1.
  303.  0.00243819563  1.
  303.5  0.00235891936  1.
  304.  0.00229041957  1.
  304.5  0.00223555294  1.
  305.  0.00219624252  1.
  305.5  0.002173435  1.
  306.  0.00216711328  1.
  306.5  0.00217635367  1.
  307.  0.00219941627  1.
  307.5  0.00223385798  1.
  308.  0.00227666008  1.
  308.5  0.00232436509  1.
  309.  0.00237322074  1.
  309.5  0.0024193313  1.
  310.  0.00245881738  1.
  310.5  0.00248798545  1.
  311.  0.00250350603  1.
  311.5  0.00250259703  1.
  312.  0.00248320443  1.
  312.5  0.00244416904  1.
  313.  0.00238536483  1.
  313.5  0.00230779265  1.
  314.  0.00221361328  1.
  314.5  0.00210610648  1.
  315.  0.00198954728  1.
  315.5  0.00186899788  1.
  316.  0.00175002125  1.
  316.5  0.00163833153  1.
  317.  0.00153940405  1.
  317.5  0.00145807458  1.
  318.  0.00139816098  1.
  318.5  0.0013621417  1.
  319.  0.00135092222  1.
  319.5  0.00136371501  1.
  320.  0.00139804856  1.
  320.5  0.00144991047  1.
  321.  0.00151401671  1.
  321.5  0.00158418741  1.
  322.  0.00165379896  1.
  322.5  0.00171627458  1.
  323.  0.0017655716  1.
  323.5  0.00179662369  1.
  324.  0.00180570059  1.
  324.5  0.00179065598  1.
  325.  0.0017510448  1.
  325.5  0.00168810431  1.
  326.  0.00160460541  1.
  326.5  0.00150459331  1.
  327.  0.00139304552  1.
  327.5  0.00127548156  1.
  328.  0.00115756125  1.
  328.5  0.0010447066  1.
  329.  0.000941777011  1.
  329.5  0.00085281981  1.
  330.  0.000780907936  1.
  330.5  0.000728066358  1.
  331.  0.000695279491  1.
  331.5  0.000682564038  1.
  332.  0.000689087062  1.
  332.5  0.000713307187  1.
  333.  0.00075311865  1.
  333.5  0.000805982202  1.
  334.  0.000869033029  1.
  334.5  0.000939163393  1.
  335.  0.00101308443  1.
  335.5  0.00108737744  1.
  336.  0.00115854827  1.
  336.5  0.00122309907  1.
  337.  0.00127762918  1.
  337.5  0.00131897206  1.
  338.  0.00134436775  1.
  338.5  0.00135166252  1.
  339.  0.00133951955  1.
  339.5  0.00130761783  1.
  340.  0.0012568132  1.
  340.5  0.00118923445  1.
  341.  0.00110829121  1.
  341.5  0.00101857693  1.
  342.  0.000925660295  1.
  342.5  0.000835770344  1.
  343.  0.00075539287  1.
  343.5  0.000690807297  1.
  344.  0.000647602352  1.
  344.5  0.000630214169  1.
  345.  0.000641531636  1.
  345.5  0.000682609495  1.
  346.  0.000752521356  1.
  346.5  0.000848372126  1.
  347.  0.000965474168  1.
  347.5  0.00109767558  1.
  348.  0.00123781345  1.
  348.5  0.00137825232  1.
  349.  0.00151145948  1.
  349.5  0.00163056447  1.
  350.  0.00172985267  1.
  350.5  0.00180514919  1.
  351.  0.00185406156  1.
  351.5  0.00187606437  1.
  352.  0.00187242515  1.
  352.5  0.00184598732  1.
  353.  0.00180083982  1.
  353.5  0.00174191279  1.
  354.  0.00167454471  1.
  354.5  0.00160406588  1.
  355.  0.00153543826  1.
  355.5  0.00147298198  1.
  356.  0.00142020596  1.
  356.5  0.0013797461  1.
  357.  0.00135340049  1.
  357.5  0.00134223943  1.
  358.  0.00134675976  1.
  358.5  0.00136704975  1.
  359.  0.00140293168  1.
  359.5  0.00145405582  1.
  360.  0.001519929  1.
  360.5  0.00159987353  1.
  361.  0.00169292524  1.
  361.5  0.00179769101  1.
  362.  0.00191219553  1.
  362.5  0.00203375182  1.
  363.  0.0021588897  1.
  363.5  0.0022833713  1.
  364.  0.00240231276  1.
  364.5  0.00251041765  1.
  365.  0.00260231253  1.
  365.5  0.00267295996  1.
  366.  0.00271811091  1.
  366.5  0.00273474981  1.
  367.  0.00272148123  1.
  367.5  0.00267880956  1.
  368.  0.00260927133  1.
  368.5  0.00251739319  1.
  369.  0.00240946621  1.
  369.5  0.00229314669  1.
  370.  0.00217691282  1.
  370.5  0.00206942325  1.
  371.  0.00197883616  1.
  371.5  0.00191215322  1.
  372.  0.00187465214  1.
  372.5  0.00186946382  1.
  373.  0.0018973361  1.
  373.5  0.00195660696  1.
  374.  0.00204338885  1.
  374.5  0.00215194399  1.
  375.  0.00227521076  1.
  375.5  0.00240542643  1.
  376.  0.00253478198  1.
  376.5  0.0026560435  1.
  377.  0.00276307968  1.
  377.5  0.00285124732  1.
  378.  0.00291760395  1.
  378.5  0.0029609369  1.
  379.  0.00298161979  1.
  379.5  0.00298132614  1.
  380.  0.00296264524  1.
  380.5  0.00292865483  1.
  381.  0.00288250734  1.
  381.5  0.00282708218  1.
  382.  0.00276474487  1.
  382.5  0.00269723847  1.
  383.  0.00262571312  1.
  383.5  0.00255088019  1.
  384.  0.00247326039  1.
  384.5  0.00239348103  1.
  385.  0.00231257107  1.
  385.5  0.00223220145  1.
  386.  0.00215482518  1.
  386.5  0.00208368406  1.
  387.  0.00202266701  1.
  387.5  0.0019760246  1.
  388.  0.0019479649  1.
  388.5  0.00194217358  1.
  389.  0.0019613136  1.
  389.5  0.002006567  1.
  390.  0.00207727949  1.
  390.5  0.00217076028  1.
  391.  0.00228227427  1.
  391.5  0.00240524289  1.
  392.  0.00253164714  1.
  392.5  0.00265260314  1.
  393.  0.0027590594  1.
  393.5  0.00284255037  1.
  394.  0.00289593176  1.
  394.5  0.00291402284  1.
  395.  0.00289408923  1.
  395.5  0.00283611455  1.
  396.  0.0027428311  1.
  396.5  0.00261950405  1.
  397.  0.00247348954  1.
  397.5  0.00231361025  1.
  398.  0.00214941074  1.
  398.5  0.00199036679  1.
  399.  0.00184512677  1.
  399.5  0.00172085835  1.
  400.  0.00162276142  1.
  400.5  0.00155378889  1.
  401.  0.00151459417  1.
  401.5  0.00150369891  1.
  402.  0.0015178516  1.
  402.5  0.00155252762  1.
  403.  0.00160250798  1.
  403.5  0.00166246785  1.
  404.  0.00172750808  1.
  404.5  0.0017935725  1.
  405.  0.00185770988  1.
  405.5  0.00191815956  1.
  406.  0.00197426259  1.
  406.5  0.00202622123  1.
  407.  0.00207474831  1.
  407.5  0.0021206606  1.
  408.  0.0021644764  1.
  408.5  0.00220607613  1.
  409.  0.00224447572  1.
  409.5  0.00227774806  1.
  410.  0.00230310836  1.
  410.5  0.00231715823  1.
  411.  0.00231626281  1.
  411.5  0.0022970175  1.
  412.  0.00225674868  1.
  412.5  0.00219398676  1.
  413.  0.00210885122  1.
  413.5  0.00200329586  1.
  414.  0.00188117724  1.
  414.5  0.00174812804  1.
  415.  0.00161123883  1.
  415.5  0.00147857266  1.
  416.  0.00135855583  1.
  416.5  0.00125930218  1.
  417.  0.00118793623  1.
  417.5  0.00114998143  1.
  418.  0.00114887372  1.
  418.5  0.00118564802  1.
  419.  0.00125882817  1.
  419.5  0.00136453013  1.
  420.  0.00149676746  1.
  420.5  0.00164792817  1.
  421.  0.00180937631  1.
  421.5  0.00197212045  1.
  422.  0.00212748645  1.
  422.5  0.00226773395  1.
  423.  0.00238656353  1.
  423.5  0.00247947431  1.
  424.  0.00254394852  1.
  424.5  0.00257945731  1.
  425.  0.00258729993  1.
  425.5  0.00257030414  1.
  426.  0.00253242755  1.
  426.5  0.00247830665  1.
  427.  0.00241280227  1.
  427.5  0.00234058685  1.
  428.  0.002265811  1.
  428.5  0.00219187531  1.
  429.  0.00212132032  1.
  429.5  0.00205583324  1.
  430.  0.00199635747  1.
  430.5  0.00194328026  1.
  431.  0.00189666706  1.
  431.5  0.00185650738  1.
  432.  0.00182293846  1.
  432.5  0.0017964171  1.
  433.  0.00177781798  1.
  433.5  0.00176844627  1.
  434.  0.00176996281  1.
  434.5  0.00178423046  1.
  435.  0.00181309923  1.
  435.5  0.00185815416  1.
  436.  0.00192045456  1.
  436.5  0.00200029336  1.
  437.  0.00209700402  1.
  437.5  0.00220883737  1.
  438.  0.00233292452  1.
  438.5  0.0024653336  1.
  439.  0.00260122018  1.
  439.5  0.00273506258  1.
  440.  0.00286096645  1.
  440.5  0.00297301698  1.
  441.  0.00306565333  1.
  441.5  0.00313403819  1.
  442.  0.00317439527  1.
  442.5  0.00318429002  1.
  443.  0.00316283266  1.
  443.5  0.00311078795  1.
  444.  0.00303058234  1.
  444.5  0.00292620594  1.
  445.  0.00280301389  1.
  445.5  0.00266743835  1.
  446.  0.00252662833  1.
  446.5  0.00238803992  1.
  447.  0.00225900278  1.
  447.5  0.00214629115  1.
  448.  0.00205572783  1.
  448.5  0.00199184799  1.
  449.  0.0019576459  1.
  449.5  0.00195442246  1.
  450.  0.00198174461  1.
  450.5  0.00203751929  1.
  451.  0.0021181765  1.
  451.5  0.00221894735  1.
  452.  0.00233421541  1.
  452.5  0.00245791371  1.
  453.  0.00258393571  1.
  453.5  0.00270652733  1.
  454.  0.00282062879  1.
  454.5  0.00292213923  1.
  455.  0.00300808441  1.
  455.5  0.00307667662  1.
  456.  0.00312726628  1.
  456.5  0.00316019521  1.
  457.  0.00317657119  1.
  457.5  0.00317799139  1.
  458.  0.00316624727  1.
  458.5  0.00314304533  1.
  459.  0.00310977638  1.
  459.5  0.0030673601  1.
  460.  0.00301618385  1.
  460.5  0.00295614305  1.
  461.  0.00288677915  1.
  461.5  0.00280749901  1.
  462.  0.00271784935  1.
  462.5  0.00261781213  1.
  463.  0.00250808257  1.
  463.5  0.00239029173  1.
  464.  0.00226713979  1.
  464.5  0.00214241477  1.
  465.  0.00202088288  1.
  465.5  0.00190805019  1.
  466.  0.00180981002  1.
  466.5  0.00173200298  1.
  467.  0.00167992849  1.
  467.5  0.00165785284  1.
  468.  0.00166856247  1.
  468.5  0.00171300828  1.
  469.  0.00179008009  1.
  469.5  0.00189653893  1.
  470.  0.00202712067  1.
  470.5  0.00217480816  1.
  471.  0.00233125338  1.
  471.5  0.00248731664  1.
  472.  0.0026336782  1.
  472.5  0.0027614714  1.
  473.  0.00286288352  1.
  473.5  0.00293167438  1.
  474.  0.0029635701  1.
  474.5  0.00295650171  1.
  475.  0.00291067251  1.
  475.5  0.00282845443  1.
  476.  0.00271412823  1.
  476.5  0.00257349641  1.
  477.  0.00241340782  1.
  477.5  0.00224123846  1.
  478.  0.0020643749  1.
  478.5  0.00188974358  1.
  479.  0.00172342173  1.
  479.5  0.00157035581  1.
  480.  0.00143420126  1.
  480.5  0.00131728463  1.
  481.  0.00122067756  1.
  481.5  0.00114436216  1.
  482.  0.00108746048  1.
  482.5  0.00104849729  1.
  483.  0.00102566542  1.
  483.5  0.00101706569  1.
  484.  0.00102089993  1.
  484.5  0.00103560254  1.
  485.  0.00105990484  1.
  485.5  0.00109283404  1.
  486.  0.00113365632  1.
  486.5  0.00118177802  1.
  487.  0.00123662266  1.
  487.5  0.00129750174  1.
  488.  0.00136349654  1.
  488.5  0.00143336482  1.
  489.  0.00150548244  1.
  489.5  0.00157782547  1.
  490.  0.00164799386  1.
  490.5  0.00171327412  1.
  491.  0.00177073534  1.
  491.5  0.00181735158  1.
  492.  0.00185014253  1.
  492.5  0.00186632467  1.
  493.  0.00186346563  1.
  493.5  0.00183963527  1.
  494.  0.00179354767  1.
  494.5  0.00172468809  1.
  495.  0.00163341929  1.
  495.5  0.00152106053  1.
  496.  0.00138993213  1.
  496.5  0.00124335814  1.
  497.  0.00108561949  1.
  497.5  0.000921851673  1.
  498.  0.000757882627  1.
  498.5  0.000600010851  1.
  499.  0.000454728012  1.
  499.5  0.000328396265  1.
  500.  0.00022689608  1.
  500.5  0.000155265944  1.
  501.  0.000117359478  1.
  501.5  0.000115547762  1.
  502.  0.000150494401  1.
  502.5  0.000221027846  1.
  503.  0.000324129603  1.
  503.5  0.000455048398  1.
  504.  0.000607540001  1.
  504.5  0.000774221308  1.
  505.  0.000947016174  1.
  505.5  0.00111766071  1.
  506.  0.00127822884  1.
  506.5  0.00142163537  1.
  507.  0.00154207388  1.
  507.5  0.00163535205  1.
  508.  0.00169909503  1.
  508.5  0.00173279983  1.
  509.  0.00173773728  1.
  509.5  0.00171671305  1.
  510.  0.0016737126  1.
  510.5  0.00161346658  1.
  511.  0.00154098075  1.
  511.5  0.0014610777  1.
  512.  0.00137799604  1.
  512.5  0.00129508578  1.
  513.  0.00121462824  1.
  513.5  0.00113779481  1.
  514.  0.00106474368  1.
  514.5  0.000994838519  1.
  515.  0.000926959763  1.
  515.5  0.000859869014  1.
  516.  0.000792581538  1.
  516.5  0.000724701312  1.
  517.  0.000656677344  1.
  517.5  0.000589949296  1.
  518.  0.000526962908  1.
  518.5  0.000471050466  1.
  519.  0.00042618678  1.
  519.5  0.000396645028  1.
  520.  0.000386587972  1.
  520.5  0.000399637152  1.
  521.  0.000438465185  1.
  521.5  0.000504453522  1.
  522.  0.000597451235  1.
  522.5  0.000715659356  1.
  523.  0.000855652312  1.
  523.5  0.00101253393  1.
  524.  0.00118021231  1.
  524.5  0.00135176661  1.
  525.  0.00151987102  1.
  525.5  0.00167723763  1.
  526.  0.00181704043  1.
  526.5  0.00193328672  1.
  527.  0.00202111083  1.
  527.5  0.00207697394  1.
  528.  0.00209876528  1.
  528.5  0.00208580958  1.
  529.  0.00203879423  1.
  529.5  0.00195963559  1.
  530.  0.00185130625  1.
  530.5  0.00171764469  1.
  531.  0.00156316522  1.
  531.5  0.00139288089  1.
  532.  0.00121214504  1.
  532.5  0.00102651123  1.
  533.  0.000841605371  1.
  533.5  0.00066300089  1.
  534.  0.000496086825  1.
  534.5  0.000345920599  1.
  535.  0.000217061572  1.
  535.5  0.000113387368  1.
  536.  3.79017855E-05  1.
  536.5 -7.45063987E-06  1.
  537. -2.19437048E-05  1.
  537.5 -6.18003813E-06  1.
  538.  3.78681175E-05  1.
  538.5  0.000106904762  1.
  539.  0.000196452414  1.
  539.5  0.000301090734  1.
  540.  0.000414780325  1.
  540.5  0.000531249943  1.
  541.  0.000644415893  1.
  541.5  0.000748795683  1.
  542.  0.000839875829  1.
  542.5  0.000914395564  1.
  543.  0.000970514919  1.
  543.5  0.00100784644  1.
  544.  0.00102734378  1.
  544.5  0.00103105589  1.
  545.  0.00102177049  1.
  545.5  0.0010025844  1.
  546.  0.000976447438  1.
  546.5  0.000945731363  1.
  547.  0.000911874629  1.
  547.5  0.000875146372  1.
  548.  0.000834561299  1.
  548.5  0.000787960702  1.
  549.  0.000732256515  1.
  549.5  0.000663816438  1.
  550.  0.000578951368  1.
  550.5  0.000474453362  1.
  551.  0.000348124838  1.
  551.5  0.000199238645  1.
  552.  2.8874286E-05  1.
  552.5 -0.000159912637  1.
  553. -0.000362113717  1.
  553.5 -0.000570989921  1.
  554. -0.000778477538  1.
  554.5 -0.000975743411  1.
  555. -0.00115383855  1.
  555.5 -0.00130438847  1.
  556. -0.0014202544  1.
  556.5 -0.00149610222  1.
  557. -0.00152882534  1.
  557.5 -0.00151778301  1.
  558. -0.00146483458  1.
  558.5 -0.00137417097  1.
  559. -0.00125196492  1.
  559.5 -0.00110587909  1.
  560. -0.000944483826  1.
  560.5 -0.00077664305  1.
  561. -0.000610927236  1.
  561.5 -0.000455105635  1.
  562. -0.000315758662  1.
  562.5 -0.000198035244  1.
  563. -0.000105562402  1.
  563.5 -4.04965842E-05  1.
  564. -3.69116683E-06  1.
  564.5  5.05674725E-06  1.
  565. -1.32767281E-05  1.
  565.5 -5.7218525E-05  1.
  566. -0.000125030431  1.
  566.5 -0.000214868762  1.
  567. -0.000324857584  1.
  567.5 -0.000453076058  1.
  568. -0.000597474292  1.
  568.5 -0.000755743748  1.
  569. -0.000925175762  1.
  569.5 -0.001102544  1.
  570. -0.00128404381  1.
  570.5 -0.00146531349  1.
  571. -0.00164155054  1.
  571.5 -0.00180772198  1.
  572. -0.00195885304  1.
  572.5 -0.0020903658  1.
  573. -0.0021984297  1.
  573.5 -0.0022802809  1.
  574. -0.00233446872  1.
  574.5 -0.00236099345  1.
  575. -0.00236131163  1.
  575.5 -0.0023381999  1.
  576. -0.00229548567  1.
  576.5 -0.00223766959  1.
  577. -0.00216947908  1.
  577.5 -0.00209540244  1.
  578. -0.00201925714  1.
  578.5 -0.0019438442  1.
  579. -0.00187073178  1.
  579.5 -0.00180019721  1.
  580. -0.0017313386  1.
  580.5 -0.00166234718  1.
  581. -0.0015909117  1.
  581.5 -0.00151470945  1.
  582. -0.00143192657  1.
  582.5 -0.00134174428  1.
  583. -0.0012447296  1.
  583.5 -0.00114307782  1.
  584. -0.00104066921  1.
  584.5 -0.00094292238  1.
  585. -0.000856449163  1.
  585.5 -0.000788538701  1.
  586. -0.000746518153  1.
  586.5 -0.000737052785  1.
  587. -0.000765456844  1.
  587.5 -0.000835087156  1.
  588. -0.000946884816  1.
  588.5 -0.00109911572  1.
  589. -0.00128734112  1.
  589.5 -0.00150462592  1.
  590. -0.00174196837  1.
  590.5 -0.00198891204  1.
  591. -0.00223428305  1.
  591.5 -0.00246698293  1.
  592. -0.00267676303  1.
  592.5 -0.00285490945  1.
  593. -0.00299477811  1.
  593.5 -0.00309213583  1.
  594. -0.00314528472  1.
  594.5 -0.00315496989  1.
  595. -0.003124092  1.
  595.5 -0.00305726577  1.
  596. -0.00296027914  1.
  596.5 -0.0028395146  1.
  597. -0.00270139525  1.
  597.5 -0.00255191033  1.
  598. -0.00239626336  1.
  598.5 -0.00223866808  1.
  599. -0.00208229942  1.
  599.5 -0.00192938691  1.
  600. -0.00178142233  1.
  600.5 -0.00163944063  1.
  601. -0.00150432653  1.
  601.5 -0.00137709896  1.
  602. -0.00125913061  1.
  602.5 -0.00115227079  1.
  603. -0.00105885374  1.
  603.5 -0.000981591085  1.
  604. -0.000923362915  1.
  604.5 -0.00088693547  1.
  605. -0.000874643716  1.
  605.5 -0.000888081685  1.
  606. -0.000927842757  1.
  606.5 -0.000993346234  1.
  607. -0.00108277552  1.
  607.5 -0.00119313975  1.
  608. -0.00132045514  1.
  608.5 -0.00146002769  1.
  609. -0.00160680623  1.
  609.5 -0.00175576598  1.
  610. -0.00190227911  1.
  610.5 -0.00204243001  1.
  611. -0.00217323953  1.
  611.5 -0.00229277349  1.
  612. -0.00240012453  1.
  612.5 -0.00249527166  1.
  613. -0.0025788366  1.
  613.5 -0.00265176881  1.
  614. -0.00271499947  1.
  614.5 -0.00276910951  1.
  615. -0.00281405475  1.
  615.5 -0.0028489858  1.
  616. -0.00287218913  1.
  616.5 -0.00288116227  1.
  617. -0.00287282036  1.
  617.5 -0.0028438163  1.
  618. -0.00279094289  1.
  618.5 -0.00271157564  1.
  619. -0.00260410879  1.
  619.5 -0.00246833683  1.
  620. -0.00230573793  1.
  620.5 -0.00211962497  1.
  621. -0.00191514225  1.
  621.5 -0.00169910117  1.
  622. -0.00147966334  1.
  622.5 -0.00126589457  1.
  623. -0.00106722523  1.
  623.5 -0.000892861332  1.
  624. -0.000751194901  1.
  624.5 -0.000649262135  1.
  625. -0.000592292889  1.
  625.5 -0.000583386532  1.
  626. -0.000623337791  1.
  626.5 -0.000710622446  1.
  627. -0.000841539873  1.
  627.5 -0.00101049574  1.
  628. -0.0012103982  1.
  628.5 -0.00143313264  1.
  629. -0.00167007577  1.
  629.5 -0.00191260901  1.
  630. -0.00215259376  1.
  630.5 -0.00238277664  1.
  631. -0.00259710065  1.
  631.5 -0.00279090734  1.
  632. -0.00296102466  1.
  632.5 -0.00310574462  1.
  633. -0.00322470301  1.
  633.5 -0.00331867998  1.
  634. -0.00338934477  1.
  634.5 -0.00343897027  1.
  635. -0.00347014298  1.
  635.5 -0.00348549239  1.
  636. -0.0034874598  1.
  636.5 -0.00347812224  1.
  637. -0.00345908115  1.
  637.5 -0.00343141973  1.
  638. -0.00339572719  1.
  638.5 -0.00335218245  1.
  639. -0.00330068576  1.
  639.5 -0.00324102309  1.
  640. -0.00317304601  1.
  640.5 -0.00309684922  1.
  641. -0.00301292822  1.
  641.5 -0.0029223019  1.
  642. -0.00282658774  1.
  642.5 -0.00272802157  1.
  643. -0.00262941873  1.
  643.5 -0.00253407856  1.
  644. -0.00244563904  1.
  644.5 -0.00236789343  1.
  645. -0.00230458355  1.
  645.5 -0.00225918748  1.
  646. -0.00223471939  1.
  646.5 -0.0022335587  1.
  647. -0.00225732274  1.
  647.5 -0.00230679321  1.
  648. -0.00238190121  1.
  648.5 -0.00248176986  1.
  649. -0.00260480767  1.
  649.5 -0.00274884034  1.
  650. -0.00291126509  1.
  650.5 -0.0030892091  1.
  651. -0.00327967364  1.
  651.5 -0.00347964777  1.
  652. -0.00368617953  1.
  652.5 -0.00389639848  1.
  653. -0.00410749046  1.
  653.5 -0.00431663248  1.
  654. -0.00452090213  1.
  654.5 -0.00471718091  1.
  655. -0.00490207387  1.
  655.5 -0.00507186751  1.
  656. -0.00522254559  1.
  656.5 -0.00534987642  1.
  657. -0.00544957722  1.
  657.5 -0.00551755175  1.
  658. -0.00555018734  1.
  658.5 -0.00554468768  1.
  659. -0.00549941083  1.
  659.5 -0.00541417669  1.
  660. -0.00529050755  1.
  660.5 -0.00513176817  1.
  661. -0.004943179  1.
  661.5 -0.00473168651  1.
  662. -0.00450568769  1.
  662.5 -0.00427461989  1.
  663. -0.00404844135  1.
  663.5 -0.00383704001  1.
  664. -0.0036496173  1.
  664.5 -0.00349409857  1.
  665. -0.00337662189  1.
  665.5 -0.00330115149  1.
  666. -0.00326925223  1.
  666.5 -0.0032800474  1.
  667. -0.00333036562  1.
  667.5 -0.00341506481  1.
  668. -0.00352750483  1.
  668.5 -0.00366012602  1.
  669. -0.00380508088  1.
  669.5 -0.00395486123  1.
  670. -0.00410286415  1.
  670.5 -0.00424384606  1.
  671. -0.00437422603  1.
  671.5 -0.00449221462  1.
  672. -0.00459776168  1.
  672.5 -0.00469233488  1.
  673. -0.00477855667  1.
  673.5 -0.00485974126  1.
  674. -0.00493938153  1.
  674.5 -0.00502063968  1.
  675. -0.00510589335  1.
  675.5 -0.00519638159  1.
  676. -0.00529198354  1.
  676.5 -0.00539114793  1.
  677. -0.00549097581  1.
  677.5 -0.00558744276  1.
  678. -0.00567573369  1.
  678.5 -0.00575065282  1.
  679. -0.00580706571  1.
  679.5 -0.00584032899  1.
  680. -0.00584666728  1.
  680.5 -0.00582346442  1.
  681. -0.00576944695  1.
  681.5 -0.00568475033  1.
  682. -0.00557087103  1.
  682.5 -0.00543051913  1.
  683. -0.00526739515  1.
  683.5 -0.00508592071  1.
  684. -0.00489095412  1.
  684.5 -0.00468752076  1.
  685. -0.00448058229  1.
  685.5 -0.00427486165  1.
  686. -0.00407473151  1.
  686.5 -0.00388416459  1.
  687. -0.00370673627  1.
  687.5 -0.00354566346  1.
  688. -0.00340386024  1.
  688.5 -0.00328399009  1.
  689. -0.003188497  1.
  689.5 -0.00311960207  1.
  690. -0.00307925902  1.
  690.5 -0.00306906918  1.
  691. -0.00309016323  1.
  691.5 -0.00314306329  1.
  692. -0.00322754259  1.
  692.5 -0.00334250189  1.
  693. -0.00348588074  1.
  693.5 -0.00365461882  1.
  694. -0.00384467729  1.
  694.5 -0.00405112418  1.
  695. -0.00426828109  1.
  695.5 -0.00448992287  1.
  696. -0.00470951629  1.
  696.5 -0.00492048153  1.
  697. -0.00511645808  1.
  697.5 -0.00529155825  1.
  698. -0.00544059325  1.
  698.5 -0.00555926079  1.
  699. -0.00564428742  1.
  699.5 -0.00569352281  1.
  700. -0.00570598708  1.
  700.5 -0.00568187483  1.
  701. -0.00562252097  1.
  701.5 -0.00553033346  1.
  702. -0.00540869752  1.
  702.5 -0.00526185423  1.
  703. -0.00509475485  1.
  703.5 -0.00491289152  1.
  704. -0.00472210419  1.
  704.5 -0.00452836514  1.
  705. -0.00433754441  1.
  705.5 -0.00415516265  1.
  706. -0.00398614194  1.
  706.5 -0.00383456891  1.
  707. -0.00370348774  1.
  707.5 -0.00359474215  1.
  708. -0.00350888533  1.
  708.5 -0.00344517388  1.
  709. -0.00340165656  1.
  709.5 -0.00337536104  1.
  710. -0.00336257272  1.
  710.5 -0.00335918969  1.
  711. -0.00336112853  1.
  711.5 -0.00336474741  1.
  712. -0.00336724827  1.
  712.5 -0.00336701767  1.
  713. -0.00336386886  1.
  713.5 -0.00335915422  1.
  714. -0.00335572793  1.
  714.5 -0.00335775242  1.
  715. -0.0033703572  1.
  715.5 -0.00339917428  1.
  716. -0.00344978826  1.
  716.5 -0.00352714963  1.
  717. -0.00363500609  1.
  717.5 -0.00377540764  1.
  718. -0.00394833594  1.
  718.5 -0.00415149837  1.
  719. -0.00438031234  1.
  719.5 -0.00462808738  1.
  720. -0.00488639356  1.
  720.5 -0.00514558637  1.
  721. -0.00539544259  1.
  721.5 -0.0056258507  1.
  722. -0.00582749352  1.
  722.5 -0.0059924622  1.
  723. -0.00611474732  1.
  723.5 -0.00619056585  1.
  724. -0.00621849961  1.
  724.5 -0.00619943986  1.
  725. -0.00613635261  1.
  725.5 -0.00603389642  1.
  726. -0.00589793848  1.
  726.5 -0.00573502357  1.
  727. -0.00555185235  1.
  727.5 -0.00535482184  1.
  728. -0.00514967131  1.
  728.5 -0.00494126199  1.
  729. -0.00473350254  1.
  729.5 -0.00452941371  1.
  730. -0.00433130939  1.
  730.5 -0.0041410577  1.
  731. -0.00396037723  1.
  731.5 -0.00379112047  1.
  732. -0.00363549969  1.
  732.5 -0.00349621893  1.
  733. -0.00337648892  1.
  733.5 -0.00327991726  1.
  734. -0.00321028314  1.
  734.5 -0.00317122112  1.
  735. -0.00316585115  1.
  735.5 -0.0031963996  1.
  736. -0.00326385875  1.
  736.5 -0.00336772863  1.
  737. -0.00350587637  1.
  737.5 -0.00367453554  1.
  738. -0.0038684517  1.
  738.5 -0.00408116453  1.
  739. -0.00430540133  1.
  739.5 -0.0045335441  1.
  740. -0.00475812455  1.
  740.5 -0.00497229889  1.
  741. -0.00517025648  1.
  741.5 -0.00534752456  1.
  742. -0.00550114339  1.
  742.5 -0.00562970021  1.
  743. -0.00573322631  1.
  743.5 -0.00581297568  1.
  744. -0.00587111563  1.
  744.5 -0.00591036747  1.
  745. -0.0059336387  1.
  745.5 -0.00594368591  1.
  746. -0.00594284166  1.
  746.5 -0.00593282837  1.
  747. -0.00591467021  1.
  747.5 -0.00588870161  1.
  748. -0.00585465899  1.
  748.5 -0.00581183374  1.
  749. -0.00575925866  1.
  749.5 -0.00569589881  1.
  750. -0.00562082077  1.
  750.5 -0.00553332004  1.
  751. -0.00543299584  1.
  751.5 -0.0053197721  1.
  752. -0.00519387298  1.
  752.5 -0.00505576963  1.
  753. -0.00490611895  1.
  753.5 -0.00474571684  1.
  754. -0.00457548527  1.
  754.5 -0.00439650612  1.
  755. -0.00421010581  1.
  755.5 -0.00401798406  1.
  756. -0.00382236984  1.
  756.5 -0.0036261793  1.
  757. -0.0034331445  1.
  757.5 -0.00324788117  1.
  758. -0.00307586656  1.
  758.5 -0.00292330694  1.
  759. -0.00279688576  1.
  759.5 -0.00270339807  1.
  760. -0.00264929198  1.
  760.5 -0.00264015208  1.
  761. -0.00268017084  1.
  761.5 -0.00277166088  1.
  762. -0.00291466178  1.
  762.5 -0.00310668996  1.
  763. -0.00334266913  1.
  763.5 -0.00361506255  1.
  764. -0.00391420929  1.
  764.5 -0.00422884586  1.
  765. -0.00454677493  1.
  765.5 -0.00485562657  1.
  766. -0.00514364633  1.
  766.5 -0.00540043989  1.
  767. -0.00561760648  1.
  767.5 -0.0057892035  1.
  768. -0.00591200079  1.
  768.5 -0.00598550364  1.
  769. -0.00601174697  1.
  769.5 -0.00599488597  1.
  770. -0.00594062915  1.
  770.5 -0.00585557493  1.
  771. -0.00574652211  1.
  771.5 -0.00561982563  1.
  772. -0.00548086284  1.
  772.5 -0.00533366167  1.
  773. -0.0051807237  1.
  773.5 -0.00502305251  1.
  774. -0.00486037457  1.
  774.5 -0.00469151892  1.
  775. -0.00451490434  1.
  775.5 -0.00432907161  1.
  776. -0.00413319464  1.
  776.5 -0.0039275077  1.
  777. -0.00371359653  1.
  777.5 -0.00349451803  1.
  778. -0.00327473284  1.
  778.5 -0.0030598577  1.
  779. -0.00285626477  1.
  779.5 -0.00267057269  1.
  780. -0.00250908651  1.
  780.5 -0.00237724877  1.
  781. -0.00227916266  1.
  781.5 -0.00221723937  1.
  782. -0.00219200748  1.
  782.5 -0.00220210365  1.
  783. -0.00224444378  1.
  783.5 -0.00231455342  1.
  784. -0.00240701959  1.
  784.5 -0.00251601333  1.
  785. -0.00263582563  1.
  785.5 -0.00276135948  1.
  786. -0.00288852724  1.
  786.5 -0.003014514  1.
  787. -0.00313788396  1.
  787.5 -0.00325852479  1.
  788. -0.00337744284  1.
  788.5 -0.00349643836  1.
  789. -0.0036177018  1.
  789.5 -0.00374337965  1.
  790. -0.00387515949  1.
  790.5 -0.00401391957  1.
  791. -0.00415947927  1.
  791.5 -0.00431047353  1.
  792. -0.00446435952  1.
  792.5 -0.00461754866  1.
  793. -0.00476564335  1.
  793.5 -0.00490374748  1.
  794. -0.00502681361  1.
  794.5 -0.00512998793  1.
  795. -0.00520891781  1.
  795.5 -0.00525999388  1.
  796. -0.0052805088  1.
  796.5 -0.005268727  1.
  797. -0.00522387124  1.
  797.5 -0.00514604214  1.
  798. -0.00503609396  1.
  798.5 -0.00489549382  1.
  799. -0.00472619078  1.
  799.5 -0.00453051719  1.
  800. -0.00431113696  1.
  800.5 -0.00407104592  1.
  801. -0.00381361934  1.
  801.5 -0.003542692  1.
  802. -0.0032626487  1.
  802.5 -0.00297849906  1.
  803. -0.00269590961  1.
  803.5 -0.00242116984  1.
  804. -0.00216107592  1.
  804.5 -0.00192272539  1.
  805. -0.00171322788  1.
  805.5 -0.00153934826  1.
  806. -0.00140710914  1.
  806.5 -0.00132138736  1.
  807. -0.00128554312  1.
  807.5 -0.00130112033  1.
  808. -0.00136765215  1.
  808.5 -0.00148259715  1.
  809. -0.00164141991  1.
  809.5 -0.00183781609  1.
  810. -0.00206406825  1.
  810.5 -0.00231150562  1.
  811. -0.00257103066  1.
  811.5 -0.00283366832  1.
  812. -0.00309109158  1.
  812.5 -0.00333607897  1.
  813. -0.00356286629  1.
  813.5 -0.00376736495  1.
  814. -0.00394723246  1.
  814.5 -0.00410179426  1.
  815. -0.00423183039  1.
  815.5 -0.00433925286  1.
  816. -0.00442670857  1.
  816.5 -0.00449714934  1.
  817. -0.00455341136  1.
  817.5 -0.00459784454  1.
  818. -0.00463202551  1.
  818.5 -0.00465657854  1.
  819. -0.00467111748  1.
  819.5 -0.00467430917  1.
  820. -0.00466404736  1.
  820.5 -0.00463771539  1.
  821. -0.00459250872  1.
  821.5 -0.00452578322  1.
  822. -0.00443539417  1.
  822.5 -0.00431999325  1.
  823. -0.00417925551  1.
  823.5 -0.00401401629  1.
  824. -0.00382630686  1.
  824.5 -0.00361928721  1.
  825. -0.0033970839  1.
  825.5 -0.0031645492  1.
  826. -0.00292696382  1.
  826.5 -0.00268971048  1.
  827. -0.00245794649  1.
  827.5 -0.0022363033  1.
  828. -0.00202863762  1.
  828.5 -0.00183785365  1.
  829. -0.00166580951  1.
  829.5 -0.00151331369  1.
  830. -0.0013802095  1.
  830.5 -0.00126553842  1.
  831. -0.00116776674  1.
  831.5 -0.00108505486  1.
  832. -0.00101554516  1.
  832.5 -0.000957642674  1.
  833. -0.000910263394  1.
  833.5 -0.000873027353  1.
  834. -0.000846377659  1.
  834.5 -0.000831612572  1.
  835. -0.000830824344  1.
  835.5 -0.000846746202  1.
  836. -0.000882516501  1.
  836.5 -0.000941376294  1.
  837. -0.00102632282  1.
  837.5 -0.00113974618  1.
  838. -0.00128307899  1.
  838.5 -0.0014564894  1.
  839. -0.00165864543  1.
  839.5 -0.00188657443  1.
  840. -0.00213563426  1.
  840.5 -0.00239960474  1.
  841. -0.00267089832  1.
  841.5 -0.00294087888  1.
  842. -0.00320026905  1.
  842.5 -0.00343961796  1.
  843. -0.00364979649  1.
  843.5 -0.0038224837  1.
  844. -0.00395060905  1.
  844.5 -0.00402871789  1.
  845. -0.00405323457  1.
  845.5 -0.00402260576  1.
  846. -0.00393731728  1.
  846.5 -0.00379978791  1.
  847. -0.00361415457  1.
  847.5 -0.00338597128  1.
  848. -0.00312185121  1.
  848.5 -0.00282908404  1.
  849. -0.00251526069  1.
  849.5 -0.00218793455  1.
  850. -0.00185434177  1.
  850.5 -0.00152119505  1.
  851. -0.00119455605  1.
  851.5 -0.000879782169  1.
  852. -0.0005815351  1.
  852.5 -0.000303832424  1.
  853. -5.01200629E-05  1.
  853.5  0.000176656862  1.
  854.  0.000374004405  1.
  854.5  0.000539865391  1.
  855.  0.00067264665  1.
  855.5  0.000771285747  1.
  856.  0.000835346763  1.
  856.5  0.00086512759  1.
  857.  0.000861756657  1.
  857.5  0.000827255452  1.
  858.  0.000764545107  1.
  858.5  0.000677380674  1.
  859.  0.000570204776  1.
  859.5  0.000447922361  1.
  860.  0.000315608973  1.
  860.5  0.000178175027  1.
  861.  4.00166851E-05  1.
  861.5 -9.53111679E-05  1.
  862. -0.000225363338  1.
  862.5 -0.000348980947  1.
  863. -0.00046635051  1.
  863.5 -0.000578930793  1.
  864. -0.000689246275  1.
  864.5 -0.000800560327  1.
  865. -0.000916455095  1.
  865.5 -0.00104035665  1.
  866. -0.00117505181  1.
  866.5 -0.00132224606  1.
  867. -0.00148221024  1.
  867.5 -0.00165355584  1.
  868. -0.00183316737  1.
  868.5 -0.00201630447  1.
  869. -0.00219686951  1.
  869.5 -0.00236781935  1.
  870. -0.00252168422  1.
  870.5 -0.00265114563  1.
  871. -0.00274961776  1.
  871.5 -0.00281177619  1.
  872. -0.0028339824  1.
  872.5 -0.00281456281  1.
  873. -0.00275391584  1.
  873.5 -0.00265443794  1.
  874. -0.00252027802  1.
  874.5 -0.00235694719  1.
  875. -0.00217082528  1.
  875.5 -0.00196861574  1.
  876. -0.00175680485  1.
  876.5 -0.00154118001  1.
  877. -0.00132645433  1.
  877.5 -0.00111603282  1.
  878. -0.000911939518  1.
  878.5 -0.000714907273  1.
  879. -0.00052461477  1.
  879.5 -0.000340039475  1.
  880. -0.000159883757  1.
  880.5  1.69758643E-05  1.
  881.  0.000191067716  1.
  881.5  0.000361979635  1.
  882.  0.00052812773  1.
  882.5  0.000686664778  1.
  883.  0.000833538569  1.
  883.5  0.000963694701  1.
  884.  0.00107140329  1.
  884.5  0.0011506771  1.
  885.  0.00119573997  1.
  885.5  0.00120150084  1.
  886.  0.00116398932  1.
  886.5  0.00108071448  1.
  887.  0.000950917113  1.
  887.5  0.000775697665  1.
  888.  0.000558013925  1.
  888.5  0.000302555378  1.
  889.  1.55111725E-05  1.
  889.5 -0.00029574309  1.
  890. -0.000623010122  1.
  890.5 -0.00095765633  1.
  891. -0.00129098904  1.
  891.5 -0.0016146016  1.
  892. -0.00192066893  1.
  892.5 -0.0022021834  1.
  893. -0.00245312807  1.
  893.5 -0.00266859052  1.
  894. -0.00284482449  1.
  894.5 -0.00297926905  1.
  895. -0.00307053519  1.
  895.5 -0.00311836798  1.
  896. -0.00312359005  1.
  896.5 -0.00308802868  1.
  897. -0.00301442594  1.
  897.5 -0.00290632938  1.
  898. -0.00276795979  1.
  898.5 -0.00260405374  1.
  899. -0.00241968087  1.
  899.5 -0.00222003934  1.
  900. -0.00201023719  1.
  900.5 -0.00179507125  1.
  901. -0.00157881861  1.
  901.5 -0.00136505703  1.
  902. -0.00115653083  1.
  902.5 -0.000955075839  1.
  903. -0.000761612969  1.
  903.5 -0.000576213412  1.
  904. -0.000398231681  1.
  904.5 -0.000226495381  1.
  905. -5.9534376E-05  1.
  905.5  0.000104172743  1.
  906.  0.000265959108  1.
  906.5  0.000426760792  1.
  907.  0.000586959311  1.
  907.5  0.000746290122  1.
  908.  0.000903824361  1.
  908.5  0.0010580224  1.
  909.  0.00120684962  1.
  909.5  0.00134793754  1.
  910.  0.00147876843  1.
  910.5  0.00159685966  1.
  911.  0.00169992456  1.
  911.5  0.00178599128  1.
  912.  0.00185346714  1.
  912.5  0.00190114491  1.
  913.  0.00192815592  1.
  913.5  0.00193388361  1.
  914.  0.00191785739  1.
  914.5  0.00187965056  1.
  915.  0.00181880639  1.
  915.5  0.00173481296  1.
  916.  0.00162714133  1.
  916.5  0.00149535191  1.
  917.  0.00133926377  1.
  917.5  0.00115917102  1.
  918.  0.000956080917  1.
  918.5  0.000731942286  1.
  919.  0.000489829697  1.
  919.5  0.000234050797  1.
  920. -2.98500185E-05  1.
  920.5 -0.000295208177  1.
  921. -0.000554479667  1.
  921.5 -0.000799595235  1.
  922. -0.00102240341  1.
  922.5 -0.00121516532  1.
  923. -0.00137105582  1.
  923.5 -0.00148462154  1.
  924. -0.00155214821  1.
  924.5 -0.00157189683  1.
  925. -0.00154418074  1.
  925.5 -0.00147127113  1.
  926. -0.00135713738  1.
  926.5 -0.00120704575  1.
  927. -0.00102705687  1.
  927.5 -0.000823473522  1.
  928. -0.000602297564  1.
  928.5 -0.000368754217  1.
  929. -0.000126935809  1.
  929.5  0.000120395757  1.
  930.  0.000371825819  1.
  930.5  0.0006271213  1.
  931.  0.000886901779  1.
  931.5  0.00115218551  1.
  932.  0.00142386385  1.
  932.5  0.00170216699  1.
  933.  0.00198618625  1.
  933.5  0.00227351367  1.
  934.  0.00256004747  1.
  934.5  0.0028399948  1.
  935.  0.003106082  1.
  935.5  0.00334995944  1.
  936.  0.00356276661  1.
  936.5  0.0037358045  1.
  937.  0.00386124964  1.
  937.5  0.00393283795  1.
  938.  0.00394644889  1.
  938.5  0.00390052899  1.
  939.  0.00379631053  1.
  939.5  0.00363780087  1.
  940.  0.00343154179  1.
  940.5  0.00318616105  1.
  941.  0.00291175872  1.
  941.5  0.00261918717  1.
  942.  0.00231929275  1.
  942.5  0.00202218953  1.
  943.  0.00173663045  1.
  943.5  0.00146952921  1.
  944.  0.00122566945  1.
  944.5  0.00100761746  1.
  945.  0.000815833391  1.
  945.5  0.000648956444  1.
  946.  0.000504223068  1.
  946.5  0.000377966276  1.
  947.  0.000266139476  1.
  947.5  0.000164809785  1.
  948.  7.0573535E-05  1.
  948.5 -1.91409525E-05  1.
  949. -0.000105902539  1.
  949.5 -0.000190240984  1.
  950. -0.00027173192  1.
  950.5 -0.000349176739  1.
  951. -0.000420842245  1.
  951.5 -0.000484721071  1.
  952. -0.000538775349  1.
  952.5 -0.000581132402  1.
  953. -0.000610211151  1.
  953.5 -0.000624770317  1.
  954. -0.000623882172  1.
  954.5 -0.000606847198  1.
  955. -0.000573073854  1.
  955.5 -0.000521952514  1.
  956. -0.000452753189  1.
  956.5 -0.000364572632  1.
  957. -0.000256348635  1.
  957.5 -0.000126948756  1.
  958.  2.46709883E-05  1.
  958.5  0.000199253359  1.
  959.  0.000396998348  1.
  959.5  0.000617324291  1.
  960.  0.000858665101  1.
  960.5  0.00111833452  1.
  961.  0.00139248171  1.
  961.5  0.00167615217  1.
  962.  0.00196345597  1.
  962.5  0.00224783219  1.
  963.  0.00252238675  1.
  963.5  0.00278027158  1.
  964.  0.00301506758  1.
  964.5  0.00322113298  1.
  965.  0.0033938823  1.
  965.5  0.00352996912  1.
  966.  0.00362735727  1.
  966.5  0.00368527809  1.
  967.  0.00370408476  1.
  967.5  0.00368502702  1.
  968.  0.00362997826  1.
  968.5  0.00354115242  1.
  969.  0.0034208479  1.
  969.5  0.00327125179  1.
  970.  0.00309432833  1.
  970.5  0.00289180446  1.
  971.  0.00266525099  1.
  971.5  0.00241624521  1.
  972.  0.00214658882  1.
  972.5  0.00185854665  1.
  973.  0.00155506792  1.
  973.5  0.00123995271  1.
  974.  0.000917932003  1.
  974.5  0.00059464013  1.
  975.  0.000276471215  1.
  975.5 -2.96739926E-05  1.
  976. -0.000316730451  1.
  976.5 -0.000577867778  1.
  977. -0.000806905037  1.
  977.5 -0.000998696759  1.
  978. -0.00114944762  1.
  978.5 -0.00125691992  1.
  979. -0.00132050954  1.
  979.5 -0.00134118054  1.
  980. -0.00132126464  1.
  980.5 -0.00126414737  1.
  981. -0.00117387596  1.
  981.5 -0.00105473334  1.
  982. -0.000910826808  1.
  982.5 -0.000745738671  1.
  983. -0.000562278819  1.
  983.5 -0.000362367613  1.
  984. -0.000147061972  1.
  984.5  8.32795257E-05  1.
  985.  0.00032871345  1.
  985.5  0.000589345923  1.
  986.  0.000864930779  1.
  986.5  0.0011544832  1.
  987.  0.00145595993  1.
  987.5  0.00176605074  1.
  988.  0.00208011426  1.
  988.5  0.00239227524  1.
  989.  0.00269568266  1.
  989.5  0.00298290951  1.
  990.  0.00324645874  1.
  990.5  0.00347932673  1.
  991.  0.00367556795  1.
  991.5  0.00383080238  1.
  992.  0.00394261179  1.
  992.5  0.00401078088  1.
  993.  0.00403735441  1.
  993.5  0.00402649934  1.
  994.  0.00398418025  1.
  994.5  0.00391767491  1.
  995.  0.00383497269  1.
  995.5  0.00374410995  1.
  996.  0.00365250277  1.
  996.5  0.00356633737  1.
  997.  0.00349007297  1.
  997.5  0.00342610075  1.
  998.  0.00337458781  1.
  998.5  0.00333351732  1.
  999.  0.00329891839  1.
  999.5  0.00326526195  1.
  1000.  0.00322598509  1.
