  0.000000000000000E+000   1.00000000000000     
   1.00000000000000       0.996859545634285     
   2.00000000000000       0.988427251698432     
   3.00000000000000       0.975770557189364     
   4.00000000000000       0.959775662429265     
   5.00000000000000       0.941147541723084     
   6.00000000000000       0.920452320686611     
   7.00000000000000       0.898150232747152     
   8.00000000000000       0.874619080320733     
   9.00000000000000       0.850171181190122     
   10.0000000000000       0.825065965744214     
   11.0000000000000       0.799519600363146     
   12.0000000000000       0.773712510801480     
   13.0000000000000       0.747795373639278     
   14.0000000000000       0.721893959517841     
   15.0000000000000       0.696113093603887     
   16.0000000000000       0.670539924970309     
   17.0000000000000       0.645246644599710     
   18.0000000000000       0.620292758904202     
   19.0000000000000       0.595726999572809     
   20.0000000000000       0.571588934649184     
   21.0000000000000       0.547910330961150     
   22.0000000000000       0.524716309861361     
   23.0000000000000       0.502026328923027     
   24.0000000000000       0.479855017966221     
   25.0000000000000       0.458212891377573     
   26.0000000000000       0.437106956536256     
   27.0000000000000       0.416541233421822     
   28.0000000000000       0.396517199559402     
   29.0000000000000       0.377034170760008     
   30.0000000000000       0.358089627943863     
   31.0000000000000       0.339679497322428     
   32.0000000000000       0.321798391518865     
   33.0000000000000       0.304439816669346     
   34.0000000000000       0.287596351157004     
   35.0000000000000       0.271259799435529     
   36.0000000000000       0.255421325206361     
   37.0000000000000       0.240071566273888     
   38.0000000000000       0.225200734336106     
   39.0000000000000       0.210798701224187     
   40.0000000000000       0.196855074114905     
   41.0000000000000       0.183359260649184     
   42.0000000000000       0.170300525944356     
   43.0000000000000       0.157668042019781     
   44.0000000000000       0.145450931230202     
   45.0000000000000       0.133638303933413     
   46.0000000000000       0.122219291697576     
   47.0000000000000       0.111183076068904     
   48.0000000000000       0.100518913991914     
   49.0000000000000       9.021615976005748E-002
   50.0000000000000       8.026428443103972E-002
   51.0000000000000       7.065289248704154E-002
   52.0000000000000       6.137173655631400E-002
   53.0000000000000       5.241072991122042E-002
   54.0000000000000       4.375995747045125E-002
   55.0000000000000       3.540968497824881E-002
   56.0000000000000       2.735036702078930E-002
   57.0000000000000       1.957265352639692E-002
   58.0000000000000       1.206739535736445E-002
   59.0000000000000       4.825648625200740E-003
   60.0000000000000      -2.161321704387209E-003
   61.0000000000000      -8.902039292118302E-003
   62.0000000000000      -1.540481445854303E-002
   63.0000000000000      -2.167774314760829E-002
   64.0000000000000      -2.772870631525748E-002
   65.0000000000000      -3.356537011907079E-002
   66.0000000000000      -3.919518642736641E-002
   67.0000000000000      -4.462539402018151E-002
   68.0000000000000      -4.986302002100207E-002
   69.0000000000000      -5.491488192676752E-002
   70.0000000000000      -5.978758979313581E-002
   71.0000000000000      -6.448754893688236E-002
   72.0000000000000      -6.902096272873870E-002
   73.0000000000000      -7.339383583251247E-002
   74.0000000000000      -7.761197747873694E-002
   75.0000000000000      -8.168100512248488E-002
   76.0000000000000      -8.560634808738843E-002
   77.0000000000000      -8.939325153932376E-002
   78.0000000000000      -9.304678040460301E-002
   79.0000000000000      -9.657182357007799E-002
   80.0000000000000      -9.997309799194265E-002
   81.0000000000000      -0.103255153044722     
   82.0000000000000      -0.106422374748438     
   83.0000000000000      -0.109478990199695     
   84.0000000000000      -0.112429071855183     
   85.0000000000000      -0.115276541987766     
   86.0000000000000      -0.118025176973529     
   87.0000000000000      -0.120678611724564     
   88.0000000000000      -0.123240343935142     
   89.0000000000000      -0.125713738450786     
   90.0000000000000      -0.128102031436680     
   91.0000000000000      -0.130408334649779     
   92.0000000000000      -0.132635639499298     
   93.0000000000000      -0.134786821194993     
   94.0000000000000      -0.136864642675623     
   95.0000000000000      -0.138871758612193     
   96.0000000000000      -0.140810719185615     
   97.0000000000000      -0.142683973928724     
   98.0000000000000      -0.144493875339099     
   99.0000000000000      -0.146242682548018     
   100.000000000000      -0.147932564758487     
   101.000000000000      -0.149565604733151     
   102.000000000000      -0.151143802051117     
   103.000000000000      -0.152669076410116     
   104.000000000000      -0.154143270698748     
   105.000000000000      -0.155568154110983     
   106.000000000000      -0.156945425033040     
   107.000000000000      -0.158276713970664     
   108.000000000000      -0.159563586252009     
   109.000000000000      -0.160807544770081     
   110.000000000000      -0.162010032504778     
   111.000000000000      -0.163172435084493     
   112.000000000000      -0.164296083131898     
   113.000000000000      -0.165382254649998     
   114.000000000000      -0.166432177197374     
   115.000000000000      -0.167447030104992     
   116.000000000000      -0.168427946487534     
   117.000000000000      -0.169376015297988     
   118.000000000000      -0.170292283182357     
   119.000000000000      -0.171177756379636     
   120.000000000000      -0.172033402427628     
   121.000000000000      -0.172860151916288     
   122.000000000000      -0.173658900052685     
   123.000000000000      -0.174430508275886     
   124.000000000000      -0.175175805689257     
   125.000000000000      -0.175895590545165     
   126.000000000000      -0.176590631552823     
   127.000000000000      -0.177261669241068     
   128.000000000000      -0.177909417149900     
   129.000000000000      -0.178534563079467     
   130.000000000000      -0.179137770173300     
   131.000000000000      -0.179719678061465     
   132.000000000000      -0.180280903843271     
   133.000000000000      -0.180822043132297     
   134.000000000000      -0.181343670946103     
   135.000000000000      -0.181846342660556     
   136.000000000000      -0.182330594813746     
   137.000000000000      -0.182796945976719     
   138.000000000000      -0.183245897478496     
   139.000000000000      -0.183677934199949     
   140.000000000000      -0.184093525226466     
   141.000000000000      -0.184493124571362     
   142.000000000000      -0.184877171762356     
   143.000000000000      -0.185246092500549     
   144.000000000000      -0.185600299186503     
   145.000000000000      -0.185940191520440     
   146.000000000000      -0.186266156973352     
   147.000000000000      -0.186578571333700     
   148.000000000000      -0.186877799128621     
   149.000000000000      -0.187164194122028     
   150.000000000000      -0.187438099690629     
   151.000000000000      -0.187699849277988     
   152.000000000000      -0.187949766729693     
   153.000000000000      -0.188188166707608     
   154.000000000000      -0.188415354988200     
   155.000000000000      -0.188631628840856     
   156.000000000000      -0.188837277293075     
   157.000000000000      -0.189032581476404     
   158.000000000000      -0.189217814861885     
   159.000000000000      -0.189393243576884     
   160.000000000000      -0.189559126613876     
   161.000000000000      -0.189715716121145     
   162.000000000000      -0.189863257587726     
   163.000000000000      -0.190001990110702     
   164.000000000000      -0.190132146558860     
   165.000000000000      -0.190253953819034     
   166.000000000000      -0.190367632940813     
   167.000000000000      -0.190473399364146     
   168.000000000000      -0.190571463047198     
   169.000000000000      -0.190662028677250     
   170.000000000000      -0.190745295783561     
   171.000000000000      -0.190821458933380     
   172.000000000000      -0.190890707831535     
   173.000000000000      -0.190953227503148     
   174.000000000000      -0.191009198381481     
   175.000000000000      -0.191058796478824     
   176.000000000000      -0.191102193463934     
   177.000000000000      -0.191139556822402     
   178.000000000000      -0.191171049924885     
   179.000000000000      -0.191196832178118     
   180.000000000000      -0.191217059085007     
   181.000000000000      -0.191231882387302     
   182.000000000000      -0.191241450118509     
   183.000000000000      -0.191245906739132     
   184.000000000000      -0.191245393183235     
   185.000000000000      -0.191240046987045     
   186.000000000000      -0.191230002329929     
   187.000000000000      -0.191215390157041     
   188.000000000000      -0.191196338215339     
   189.000000000000      -0.191172971170935     
   190.000000000000      -0.191145410640701     
   191.000000000000      -0.191113775304852     
   192.000000000000      -0.191078180934642     
   193.000000000000      -0.191038740500648     
   194.000000000000      -0.190995564196987     
   195.000000000000      -0.190948759545702     
   196.000000000000      -0.190898431417876     
   197.000000000000      -0.190844682134481     
   198.000000000000      -0.190787611484705     
   199.000000000000      -0.190727316823562     
   200.000000000000      -0.190663893087709     
   201.000000000000      -0.190597432890101     
   202.000000000000      -0.190528026533505     
   203.000000000000      -0.190455762102441     
   204.000000000000      -0.190380725474614     
   205.000000000000      -0.190303000410308     
   206.000000000000      -0.190222668561915     
   207.000000000000      -0.190139809560961     
   208.000000000000      -0.190054501025871     
   209.000000000000      -0.189966818646770     
   210.000000000000      -0.189876836191614     
   211.000000000000      -0.189784625588883     
   212.000000000000      -0.189690256932186     
   213.000000000000      -0.189593798560964     
   214.000000000000      -0.189495317063637     
   215.000000000000      -0.189394877356423     
   216.000000000000      -0.189292542685105     
   217.000000000000      -0.189188374702029     
   218.000000000000      -0.189082433466577     
   219.000000000000      -0.188974777520405     
   220.000000000000      -0.188865463886671     
   221.000000000000      -0.188754548143582     
   222.000000000000      -0.188642084422415     
   223.000000000000      -0.188528125479434     
   224.000000000000      -0.188412722692753     
   225.000000000000      -0.188295926132659     
   226.000000000000      -0.188177784557363     
   227.000000000000      -0.188058345481760     
   228.000000000000      -0.187937655172107     
   229.000000000000      -0.187815758713271     
   230.000000000000      -0.187692700002352     
   231.000000000000      -0.187568521814464     
   232.000000000000      -0.187443265795323     
   233.000000000000      -0.187316972525600     
   234.000000000000      -0.187189681512505     
   235.000000000000      -0.187061431252744     
   236.000000000000      -0.186932259223127     
   237.000000000000      -0.186802201942150     
   238.000000000000      -0.186671294959670     
   239.000000000000      -0.186539572917135     
   240.000000000000      -0.186407069536349     
   241.000000000000      -0.186273817678398     
   242.000000000000      -0.186139849331503     
   243.000000000000      -0.186005195668689     
   244.000000000000      -0.185869887034772     
   245.000000000000      -0.185733953002772     
   246.000000000000      -0.185597422360064     
   247.000000000000      -0.185460323163586     
   248.000000000000      -0.185322682725167     
   249.000000000000      -0.185184527665566     
   250.000000000000      -0.185045883899001     
   251.000000000000      -0.184906776686048     
   252.000000000000      -0.184767230617418     
   253.000000000000      -0.184627269665731     
   254.000000000000      -0.184486917168562     
   255.000000000000      -0.184346195879149     
   256.000000000000      -0.184205127948726     
   257.000000000000      -0.184063734976181     
   258.000000000000      -0.183922037989720     
   259.000000000000      -0.183780057495519     
   260.000000000000      -0.183637813458727     
   261.000000000000      -0.183495325351149     
   262.000000000000      -0.183352612131639     
   263.000000000000      -0.183209692292821     
   264.000000000000      -0.183066583840915     
   265.000000000000      -0.182923304341533     
   266.000000000000      -0.182779870898943     
   267.000000000000      -0.182636300201005     
   268.000000000000      -0.182492608497890     
   269.000000000000      -0.182348811646173     
   270.000000000000      -0.182204925087062     
   271.000000000000      -0.182060963889675     
   272.000000000000      -0.181916942728792     
   273.000000000000      -0.181772875927347     
   274.000000000000      -0.181628777433762     
   275.000000000000      -0.181484660863665     
   276.000000000000      -0.181340539476820     
   277.000000000000      -0.181196426218133     
   278.000000000000      -0.181052333694177     
   279.000000000000      -0.180908274213528     
   280.000000000000      -0.180764259762922     
   281.000000000000      -0.180620302046940     
   282.000000000000      -0.180476412463820     
   283.000000000000      -0.180332602144520     
   284.000000000000      -0.180188881928227     
   285.000000000000      -0.180045262400809     
   286.000000000000      -0.179901753870037     
   287.000000000000      -0.179758366403484     
   288.000000000000      -0.179615109803470     
   289.000000000000      -0.179471993644405     
   290.000000000000      -0.179329027247520     
   291.000000000000      -0.179186219717681     
   292.000000000000      -0.179043579917891     
   293.000000000000      -0.178901116505625     
   294.000000000000      -0.178758837907126     
   295.000000000000      -0.178616752353266     
   296.000000000000      -0.178474867853681     
   297.000000000000      -0.178333192232170     
   298.000000000000      -0.178191733100674     
   299.000000000000      -0.178050497894254     
   300.000000000000      -0.177909493844923     
   301.000000000000      -0.177768728016225     
   302.000000000000      -0.177628207276940     
   303.000000000000      -0.177487938335285     
   304.000000000000      -0.177347927712504     
   305.000000000000      -0.177208181776704     
   306.000000000000      -0.177068706716359     
   307.000000000000      -0.176929508573795     
   308.000000000000      -0.176790593218614     
   309.000000000000      -0.176651966380851     
   310.000000000000      -0.176513633624333     
   311.000000000000      -0.176375600379520     
   312.000000000000      -0.176237871916822     
   313.000000000000      -0.176100453379125     
   314.000000000000      -0.175963349755077     
   315.000000000000      -0.175826565911331     
   316.000000000000      -0.175690106565805     
   317.000000000000      -0.175553976319641     
   318.000000000000      -0.175418179630453     
   319.000000000000      -0.175282720844032     
   320.000000000000      -0.175147604167580     
   321.000000000000      -0.175012833701167     
   322.000000000000      -0.174878413410973     
   323.000000000000      -0.174744347160498     
   324.000000000000      -0.174610638683808     
   325.000000000000      -0.174477291616536     
   326.000000000000      -0.174344309469145     
   327.000000000000      -0.174211695657685     
   328.000000000000      -0.174079453477099     
   329.000000000000      -0.173947586131779     
   330.000000000000      -0.173816096708882     
   331.000000000000      -0.173684988208697     
   332.000000000000      -0.173554263517999     
   333.000000000000      -0.173423925440208     
   334.000000000000      -0.173293976668806     
   335.000000000000      -0.173164419817291     
   336.000000000000      -0.173035257392638     
   337.000000000000      -0.172906491825094     
   338.000000000000      -0.172778125441676     
   339.000000000000      -0.172650160495784     
   340.000000000000      -0.172522599140762     
   341.000000000000      -0.172395443459344     
   342.000000000000      -0.172268695437274     
   343.000000000000      -0.172142356992578     
   344.000000000000      -0.172016429949250     
   345.000000000000      -0.171890916066356     
   346.000000000000      -0.171765817011805     
   347.000000000000      -0.171641134391287     
   348.000000000000      -0.171516869722092     
   349.000000000000      -0.171393024461918     
   350.000000000000      -0.171269599982757     
   351.000000000000      -0.171146597599534     
   352.000000000000      -0.171024018544090     
   353.000000000000      -0.170901863993664     
   354.000000000000      -0.170780135044938     
   355.000000000000      -0.170658832742393     
   356.000000000000      -0.170537958052410     
   357.000000000000      -0.170417511891495     
   358.000000000000      -0.170297495100464     
   359.000000000000      -0.170177908472510     
   360.000000000000      -0.170058752727474     
   361.000000000000      -0.169940028539777     
   362.000000000000      -0.169821736512766     
   363.000000000000      -0.169703877206507     
   364.000000000000      -0.169586451112213     
   365.000000000000      -0.169469458679907     
   366.000000000000      -0.169352900292918     
   367.000000000000      -0.169236776295418     
   368.000000000000      -0.169121086967001     
   369.000000000000      -0.169005832550083     
   370.000000000000      -0.168891013224558     
   371.000000000000      -0.168776629135077     
   372.000000000000      -0.168662680365786     
   373.000000000000      -0.168549166967453     
   374.000000000000      -0.168436088932309     
   375.000000000000      -0.168323446221052     
   376.000000000000      -0.168211238737748     
   377.000000000000      -0.168099466356720     
   378.000000000000      -0.167988128897523     
   379.000000000000      -0.167877226151705     
   380.000000000000      -0.167766757857881     
   381.000000000000      -0.167656723728350     
   382.000000000000      -0.167547123424251     
   383.000000000000      -0.167437956582064     
   384.000000000000      -0.167329222788842     
   385.000000000000      -0.167220921608587     
   386.000000000000      -0.167113052557551     
   387.000000000000      -0.167005615130517     
   388.000000000000      -0.166898608776154     
   389.000000000000      -0.166792032923186     
   390.000000000000      -0.166685886955836     
   391.000000000000      -0.166580170239852     
   392.000000000000      -0.166474882098037     
   393.000000000000      -0.166370021836168     
   394.000000000000      -0.166265588718594     
   395.000000000000      -0.166161581994031     
   396.000000000000      -0.166058000871243     
   397.000000000000      -0.165954844544731     
   398.000000000000      -0.165852112170462     
   399.000000000000      -0.165749802891464     
   400.000000000000      -0.165647915813634     
   401.000000000000      -0.165546450031199     
   402.000000000000      -0.165445404602606     
   403.000000000000      -0.165344778575873     
   404.000000000000      -0.165244570964554     
   405.000000000000      -0.165144780772981     
   406.000000000000      -0.165045406972274     
   407.000000000000      -0.164946448525501     
   408.000000000000      -0.164847904363771     
   409.000000000000      -0.164749773411237     
   410.000000000000      -0.164652054561299     
   411.000000000000      -0.164554746701490     
   412.000000000000      -0.164457848689745     
   413.000000000000      -0.164361359379183     
   414.000000000000      -0.164265277594434     
   415.000000000000      -0.164169602156331     
   416.000000000000      -0.164074331858303     
   417.000000000000      -0.163979465490944     
   418.000000000000      -0.163885001818507     
   419.000000000000      -0.163790939603343     
   420.000000000000      -0.163697277582463     
   421.000000000000      -0.163604014491892     
   422.000000000000      -0.163511149043284     
   423.000000000000      -0.163418679948179     
   424.000000000000      -0.163326605894685     
   425.000000000000      -0.163234925571627     
   426.000000000000      -0.163143637645309     
   427.000000000000      -0.163052740783555     
   428.000000000000      -0.162962233632538     
   429.000000000000      -0.162872114840722     
   430.000000000000      -0.162782383035757     
   431.000000000000      -0.162693036848324     
   432.000000000000      -0.162604074889101     
   433.000000000000      -0.162515495772498     
   434.000000000000      -0.162427298093705     
   435.000000000000      -0.162339480452309     
   436.000000000000      -0.162252041429435     
   437.000000000000      -0.162164979611240     
   438.000000000000      -0.162078293566144     
   439.000000000000      -0.161991981868216     
   440.000000000000      -0.161906043074471     
   441.000000000000      -0.161820475748166     
   442.000000000000      -0.161735278436161     
   443.000000000000      -0.161650449692108     
   444.000000000000      -0.161565988053905     
   445.000000000000      -0.161481892066791     
   446.000000000000      -0.161398160260828     
   447.000000000000      -0.161314791173938     
   448.000000000000      -0.161231783329455     
   449.000000000000      -0.161149135259040     
   450.000000000000      -0.161066845480328     
   451.000000000000      -0.160984912519735     
   452.000000000000      -0.160903334890192     
   453.000000000000      -0.160822111113837     
   454.000000000000      -0.160741239699825     
   455.000000000000      -0.160660719166938     
   456.000000000000      -0.160580548021450     
   457.000000000000      -0.160500724779659     
   458.000000000000      -0.160421247945817     
   459.000000000000      -0.160342116034558     
   460.000000000000      -0.160263327548916     
   461.000000000000      -0.160184881002657     
   462.000000000000      -0.160106774898365     
   463.000000000000      -0.160029007749675     
   464.000000000000      -0.159951578059453     
   465.000000000000      -0.159874484341921     
   466.000000000000      -0.159797725100902     
   467.000000000000      -0.159721298851879     
   468.000000000000      -0.159645204100286     
   469.000000000000      -0.159569439363501     
   470.000000000000      -0.159494003149186     
   471.000000000000      -0.159418893977202     
   472.000000000000      -0.159344110358031     
   473.000000000000      -0.159269650814591     
   474.000000000000      -0.159195513860735     
   475.000000000000      -0.159121698022959     
   476.000000000000      -0.159048201819007     
   477.000000000000      -0.158975023779463     
   478.000000000000      -0.158902162426446     
   479.000000000000      -0.158829616295109     
   480.000000000000      -0.158757383912397     
   481.000000000000      -0.158685463818485     
   482.000000000000      -0.158613854545585     
   483.000000000000      -0.158542554639297     
   484.000000000000      -0.158471562637510     
   485.000000000000      -0.158400877091655     
   486.000000000000      -0.158330496545670     
   487.000000000000      -0.158260419557184     
   488.000000000000      -0.158190644676553     
   489.000000000000      -0.158121170467943     
   490.000000000000      -0.158051995488451     
   491.000000000000      -0.157983118309122     
   492.000000000000      -0.157914537494111     
   493.000000000000      -0.157846251621622     
   494.000000000000      -0.157778259263181     
   495.000000000000      -0.157710559004438     
   496.000000000000      -0.157643149424535     
   497.000000000000      -0.157576029116851     
   498.000000000000      -0.157509196668406     
   499.000000000000      -0.157442650680538     
   500.000000000000      -0.157376389748377     
   501.000000000000      -0.157310412481455     
   502.000000000000      -0.157244717483251     
   503.000000000000      -0.157179303371693     
   504.000000000000      -0.157114168758791     
   505.000000000000      -0.157049312271073     
   506.000000000000      -0.156984732529287     
   507.000000000000      -0.156920428168740     
   508.000000000000      -0.156856397819073     
   509.000000000000      -0.156792640124538     
   510.000000000000      -0.156729153723849     
   511.000000000000      -0.156665937270362     
   512.000000000000      -0.156602989411993     
   513.000000000000      -0.156540308811339     
   514.000000000000      -0.156477894125667     
   515.000000000000      -0.156415744026946     
   516.000000000000      -0.156353857181916     
   517.000000000000      -0.156292232272037     
   518.000000000000      -0.156230867973631     
   519.000000000000      -0.156169762977756     
   520.000000000000      -0.156108915970416     
   521.000000000000      -0.156048325652367     
   522.000000000000      -0.155987990719394     
   523.000000000000      -0.155927909882041     
   524.000000000000      -0.155868081845954     
   525.000000000000      -0.155808505331537     
   526.000000000000      -0.155749179054382     
   527.000000000000      -0.155690101744822     
   528.000000000000      -0.155631272128455     
   529.000000000000      -0.155572688945622     
   530.000000000000      -0.155514350931970     
   531.000000000000      -0.155456256837902     
   532.000000000000      -0.155398405409190     
   533.000000000000      -0.155340795406324     
   534.000000000000      -0.155283425585248     
   535.000000000000      -0.155226294716594     
   536.000000000000      -0.155169401566503     
   537.000000000000      -0.155112744915791     
   538.000000000000      -0.155056323540828     
   539.000000000000      -0.155000136232650     
   540.000000000000      -0.154944181777885     
   541.000000000000      -0.154888458977793     
   542.000000000000      -0.154832966629283     
   543.000000000000      -0.154777703543874     
   544.000000000000      -0.154722668528776     
   545.000000000000      -0.154667860405766     
   546.000000000000      -0.154613277992369     
   547.000000000000      -0.154558920120645     
   548.000000000000      -0.154504785618418     
   549.000000000000      -0.154450873328033     
   550.000000000000      -0.154397182087642     
   551.000000000000      -0.154343710749869     
   552.000000000000      -0.154290458163182     
   553.000000000000      -0.154237423190477     
   554.000000000000      -0.154184604690546     
   555.000000000000      -0.154132001536549     
   556.000000000000      -0.154079612597577     
   557.000000000000      -0.154027436757068     
   558.000000000000      -0.153975472894388     
   559.000000000000      -0.153923719903229     
   560.000000000000      -0.153872176673232     
   561.000000000000      -0.153820842108311     
   562.000000000000      -0.153769715108383     
   563.000000000000      -0.153718794587566     
   564.000000000000      -0.153668079456005     
   565.000000000000      -0.153617568638015     
   566.000000000000      -0.153567261053956     
   567.000000000000      -0.153517155638297     
   568.000000000000      -0.153467251321586     
   569.000000000000      -0.153417547048437     
   570.000000000000      -0.153368041759546     
   571.000000000000      -0.153318734409638     
   572.000000000000      -0.153269623949537     
   573.000000000000      -0.153220709344036     
   574.000000000000      -0.153171989554054     
   575.000000000000      -0.153123463554424     
   576.000000000000      -0.153075130316128     
   577.000000000000      -0.153026988823999     
   578.000000000000      -0.152979038059026     
   579.000000000000      -0.152931277016026     
   580.000000000000      -0.152883704685969     
   581.000000000000      -0.152836320073580     
   582.000000000000      -0.152789122179784     
   583.000000000000      -0.152742110019196     
   584.000000000000      -0.152695282602626     
   585.000000000000      -0.152648638954524     
   586.000000000000      -0.152602178095561     
   587.000000000000      -0.152555899059990     
   588.000000000000      -0.152509800878285     
   589.000000000000      -0.152463882594447     
   590.000000000000      -0.152418143248705     
   591.000000000000      -0.152372581894764     
   592.000000000000      -0.152327197582575     
   593.000000000000      -0.152281989375487     
   594.000000000000      -0.152236956333115     
   595.000000000000      -0.152192097528405     
   596.000000000000      -0.152147412030591     
   597.000000000000      -0.152102898922173     
   598.000000000000      -0.152058557281938     
   599.000000000000      -0.152014386201884     
   600.000000000000      -0.151970384770304     
   601.000000000000      -0.151926552088643     
   602.000000000000      -0.151882887254646     
   603.000000000000      -0.151839389379145     
   604.000000000000      -0.151796057569270     
   605.000000000000      -0.151752890945200     
   606.000000000000      -0.151709888623407     
   607.000000000000      -0.151667049733334     
   608.000000000000      -0.151624373400748     
   609.000000000000      -0.151581858764308     
   610.000000000000      -0.151539504958993     
   611.000000000000      -0.151497311132640     
   612.000000000000      -0.151455276429383     
   613.000000000000      -0.151413400006151     
   614.000000000000      -0.151371681016195     
   615.000000000000      -0.151330118625480     
   616.000000000000      -0.151288711996306     
   617.000000000000      -0.151247460303617     
   618.000000000000      -0.151206362718689     
   619.000000000000      -0.151165418425382     
   620.000000000000      -0.151124626603898     
   621.000000000000      -0.151083986446955     
   622.000000000000      -0.151043497143602     
   623.000000000000      -0.151003157895352     
   624.000000000000      -0.150962967900053     
   625.000000000000      -0.150922926367946     
   626.000000000000      -0.150883032505614     
   627.000000000000      -0.150843285531953     
   628.000000000000      -0.150803684662209     
   629.000000000000      -0.150764229123880     
   630.000000000000      -0.150724918140818     
   631.000000000000      -0.150685750949045     
   632.000000000000      -0.150646726780951     
   633.000000000000      -0.150607844881031     
   634.000000000000      -0.150569104490139     
   635.000000000000      -0.150530504861170     
   636.000000000000      -0.150492045243381     
   637.000000000000      -0.150453724898006     
   638.000000000000      -0.150415543082626     
   639.000000000000      -0.150377499066754     
   640.000000000000      -0.150339592116234     
   641.000000000000      -0.150301821508767     
   642.000000000000      -0.150264186518415     
   643.000000000000      -0.150226686431006     
   644.000000000000      -0.150189320528721     
   645.000000000000      -0.150152088105467     
   646.000000000000      -0.150114988451483     
   647.000000000000      -0.150078020868667     
   648.000000000000      -0.150041184655256     
   649.000000000000      -0.150004479121071     
   650.000000000000      -0.149967903572285     
   651.000000000000      -0.149931457326570     
   652.000000000000      -0.149895139697946     
   653.000000000000      -0.149858950011881     
   654.000000000000      -0.149822887590187     
   655.000000000000      -0.149786951766044     
   656.000000000000      -0.149751141868979     
   657.000000000000      -0.149715457239824     
   658.000000000000      -0.149679897215757     
   659.000000000000      -0.149644461145184     
   660.000000000000      -0.149609148372872     
   661.000000000000      -0.149573958254723     
   662.000000000000      -0.149538890143006     
   663.000000000000      -0.149503943401086     
   664.000000000000      -0.149469117388660     
   665.000000000000      -0.149434411476459     
   666.000000000000      -0.149399825031551     
   667.000000000000      -0.149365357431968     
   668.000000000000      -0.149331008052069     
   669.000000000000      -0.149296776277120     
   670.000000000000      -0.149262661488710     
   671.000000000000      -0.149228663079263     
   672.000000000000      -0.149194780437527     
   673.000000000000      -0.149161012963013     
   674.000000000000      -0.149127360051555     
   675.000000000000      -0.149093821109688     
   676.000000000000      -0.149060395540272     
   677.000000000000      -0.149027082756780     
   678.000000000000      -0.148993882169018     
   679.000000000000      -0.148960793197351     
   680.000000000000      -0.148927815258462     
   681.000000000000      -0.148894947779516     
   682.000000000000      -0.148862190184007     
   683.000000000000      -0.148829541905851     
   684.000000000000      -0.148797002375273     
   685.000000000000      -0.148764571032863     
   686.000000000000      -0.148732247315519     
   687.000000000000      -0.148700030670431     
   688.000000000000      -0.148667920541102     
   689.000000000000      -0.148635916381245     
   690.000000000000      -0.148604017640898     
   691.000000000000      -0.148572223780249     
   692.000000000000      -0.148540534255790     
   693.000000000000      -0.148508948534113     
   694.000000000000      -0.148477466078103     
   695.000000000000      -0.148446086360669     
   696.000000000000      -0.148414808851030     
   697.000000000000      -0.148383633028354     
   698.000000000000      -0.148352558368117     
   699.000000000000      -0.148321584355691     
   700.000000000000      -0.148290710472739     
   701.000000000000      -0.148259936210755     
   702.000000000000      -0.148229261057515     
   703.000000000000      -0.148198684510575     
   704.000000000000      -0.148168206063779     
   705.000000000000      -0.148137825220677     
   706.000000000000      -0.148107541481091     
   707.000000000000      -0.148077354354489     
   708.000000000000      -0.148047263346631     
   709.000000000000      -0.148017267972840     
   710.000000000000      -0.147987367744726     
   711.000000000000      -0.147957562183414     
   712.000000000000      -0.147927850806304     
   713.000000000000      -0.147898233140244     
   714.000000000000      -0.147868708708355     
   715.000000000000      -0.147839277043159     
   716.000000000000      -0.147809937673444     
   717.000000000000      -0.147780690137317     
   718.000000000000      -0.147751533969166     
   719.000000000000      -0.147722468712628     
   720.000000000000      -0.147693493907627     
   721.000000000000      -0.147664609103279     
   722.000000000000      -0.147635813844967     
   723.000000000000      -0.147607107687215     
   724.000000000000      -0.147578490180820     
   725.000000000000      -0.147549960885639     
   726.000000000000      -0.147521519357815     
   727.000000000000      -0.147493165162495     
   728.000000000000      -0.147464897861101     
   729.000000000000      -0.147436717023986     
   730.000000000000      -0.147408622217801     
   731.000000000000      -0.147380613018063     
   732.000000000000      -0.147352688996572     
   733.000000000000      -0.147324849733940     
   734.000000000000      -0.147297094807078     
   735.000000000000      -0.147269423801628     
   736.000000000000      -0.147241836299530     
   737.000000000000      -0.147214331891410     
   738.000000000000      -0.147186910164176     
   739.000000000000      -0.147159570713391     
   740.000000000000      -0.147132313130869     
   741.000000000000      -0.147105137017018     
   742.000000000000      -0.147078041968527     
   743.000000000000      -0.147051027590605     
   744.000000000000      -0.147024093484735     
   745.000000000000      -0.146997239260861     
   746.000000000000      -0.146970464525220     
   747.000000000000      -0.146943768892432     
   748.000000000000      -0.146917151973422     
   749.000000000000      -0.146890613387434     
   750.000000000000      -0.146864152750033     
   751.000000000000      -0.146837769685036     
   752.000000000000      -0.146811463812559     
   753.000000000000      -0.146785234760943     
   754.000000000000      -0.146759082154824     
   755.000000000000      -0.146733005627001     
   756.000000000000      -0.146707004806574     
   757.000000000000      -0.146681079330733     
   758.000000000000      -0.146655228832988     
   759.000000000000      -0.146629452954894     
   760.000000000000      -0.146603751334314     
   761.000000000000      -0.146578123617085     
   762.000000000000      -0.146552569445365     
   763.000000000000      -0.146527088469244     
   764.000000000000      -0.146501680335133     
   765.000000000000      -0.146476344697297     
   766.000000000000      -0.146451081206344     
   767.000000000000      -0.146425889520686     
   768.000000000000      -0.146400769295062     
   769.000000000000      -0.146375720191973     
   770.000000000000      -0.146350741870252     
   771.000000000000      -0.146325833996428     
   772.000000000000      -0.146300996233375     
   773.000000000000      -0.146276228251618     
   774.000000000000      -0.146251529718014     
   775.000000000000      -0.146226900307019     
   776.000000000000      -0.146202339689424     
   777.000000000000      -0.146177847543576     
   778.000000000000      -0.146153423544158     
   779.000000000000      -0.146129067373350     
   780.000000000000      -0.146104778709678     
   781.000000000000      -0.146080557239103     
   782.000000000000      -0.146056402643954     
   783.000000000000      -0.146032314613928     
   784.000000000000      -0.146008292835098     
   785.000000000000      -0.145984337000852     
   786.000000000000      -0.145960446800952     
   787.000000000000      -0.145936621932449     
   788.000000000000      -0.145912862088768     
   789.000000000000      -0.145889166970535     
   790.000000000000      -0.145865536274777     
   791.000000000000      -0.145841969705682     
   792.000000000000      -0.145818466963836     
   793.000000000000      -0.145795027756941     
   794.000000000000      -0.145771651789106     
   795.000000000000      -0.145748338771486     
   796.000000000000      -0.145725088411661     
   797.000000000000      -0.145701900424198     
   798.000000000000      -0.145678774520110     
   799.000000000000      -0.145655710417348     
   800.000000000000      -0.145632707830295     
   801.000000000000      -0.145609766480242     
   802.000000000000      -0.145586886084919     
   803.000000000000      -0.145564066368896     
   804.000000000000      -0.145541307053192     
   805.000000000000      -0.145518607865646     
   806.000000000000      -0.145495968530527     
   807.000000000000      -0.145473388778884     
   808.000000000000      -0.145450868338194     
   809.000000000000      -0.145428406942655     
   810.000000000000      -0.145406004322937     
   811.000000000000      -0.145383660216365     
   812.000000000000      -0.145361374356750     
   813.000000000000      -0.145339146484479     
   814.000000000000      -0.145316976336458     
   815.000000000000      -0.145294863656134     
   816.000000000000      -0.145272808183447     
   817.000000000000      -0.145250809664867     
   818.000000000000      -0.145228867843368     
   819.000000000000      -0.145206982468360     
   820.000000000000      -0.145185153285790     
   821.000000000000      -0.145163380048011     
   822.000000000000      -0.145141662503910     
   823.000000000000      -0.145120000408733     
   824.000000000000      -0.145098393514257     
   825.000000000000      -0.145076841578565     
   826.000000000000      -0.145055344356327     
   827.000000000000      -0.145033901608437     
   828.000000000000      -0.145012513092394     
   829.000000000000      -0.144991178571871     
   830.000000000000      -0.144969897807143     
   831.000000000000      -0.144948670564655     
   832.000000000000      -0.144927496607425     
   833.000000000000      -0.144906375704600     
   834.000000000000      -0.144885307621929     
   835.000000000000      -0.144864292131222     
   836.000000000000      -0.144843329000927     
   837.000000000000      -0.144822418005497     
   838.000000000000      -0.144801558916026     
   839.000000000000      -0.144780751509567     
   840.000000000000      -0.144759995559837     
   841.000000000000      -0.144739290846469     
   842.000000000000      -0.144718637145754     
   843.000000000000      -0.144698034239870     
   844.000000000000      -0.144677481907648     
   845.000000000000      -0.144656979933786     
   846.000000000000      -0.144636528099639     
   847.000000000000      -0.144616126192354     
   848.000000000000      -0.144595773995784     
   849.000000000000      -0.144575471299536     
   850.000000000000      -0.144555217889899     
   851.000000000000      -0.144535013558896     
   852.000000000000      -0.144514858095258     
   853.000000000000      -0.144494751293363     
   854.000000000000      -0.144474692944331     
   855.000000000000      -0.144454682844896     
   856.000000000000      -0.144434720788546     
   857.000000000000      -0.144414806574331     
   858.000000000000      -0.144394939998069     
   859.000000000000      -0.144375120861115     
   860.000000000000      -0.144355348961570     
   861.000000000000      -0.144335624103039     
   862.000000000000      -0.144315946085910     
   863.000000000000      -0.144296314716026     
   864.000000000000      -0.144276729796011     
   865.000000000000      -0.144257191133908     
   866.000000000000      -0.144237698534564     
   867.000000000000      -0.144218251808184     
   868.000000000000      -0.144198850761802     
   869.000000000000      -0.144179495207768     
   870.000000000000      -0.144160184955286     
   871.000000000000      -0.144140919818817     
   872.000000000000      -0.144121699609689     
   873.000000000000      -0.144102524144461     
   874.000000000000      -0.144083393236568     
   875.000000000000      -0.144064306704637     
   876.000000000000      -0.144045264364166     
   877.000000000000      -0.144026266035807     
   878.000000000000      -0.144007311537126     
   879.000000000000      -0.143988400690800     
   880.000000000000      -0.143969533316406     
   881.000000000000      -0.143950709238610     
   882.000000000000      -0.143931928278984     
   883.000000000000      -0.143913190264138     
   884.000000000000      -0.143894495017637     
   885.000000000000      -0.143875842368027     
   886.000000000000      -0.143857232140815     
   887.000000000000      -0.143838664166448     
   888.000000000000      -0.143820138272364     
   889.000000000000      -0.143801654290906     
   890.000000000000      -0.143783212051394     
   891.000000000000      -0.143764811388040     
   892.000000000000      -0.143746452132037     
   893.000000000000      -0.143728134119430     
   894.000000000000      -0.143709857183268     
   895.000000000000      -0.143691621161403     
   896.000000000000      -0.143673425888731     
   897.000000000000      -0.143655271204883     
   898.000000000000      -0.143637156946547     
   899.000000000000      -0.143619082955118     
   900.000000000000      -0.143601049069080     
   901.000000000000      -0.143583055131582     
   902.000000000000      -0.143565100982859     
   903.000000000000      -0.143547186467771     
   904.000000000000      -0.143529311428286     
   905.000000000000      -0.143511475710992     
   906.000000000000      -0.143493679159560     
   907.000000000000      -0.143475921622243     
   908.000000000000      -0.143458202944410     
   909.000000000000      -0.143440522975969     
   910.000000000000      -0.143422881563974     
   911.000000000000      -0.143405278559970     
   912.000000000000      -0.143387713812641     
   913.000000000000      -0.143370187175153     
   914.000000000000      -0.143352698497832     
   915.000000000000      -0.143335247635432     
   916.000000000000      -0.143317834439887     
   917.000000000000      -0.143300458767521     
   918.000000000000      -0.143283120471870     
   919.000000000000      -0.143265819410797     
   920.000000000000      -0.143248555439402     
   921.000000000000      -0.143231328417100     
   922.000000000000      -0.143214138200534     
   923.000000000000      -0.143196984650628     
   924.000000000000      -0.143179867625565     
   925.000000000000      -0.143162786987753     
   926.000000000000      -0.143145742596883     
   927.000000000000      -0.143128734316851     
   928.000000000000      -0.143111762008841     
   929.000000000000      -0.143094825538198     
   930.000000000000      -0.143077924767583     
   931.000000000000      -0.143061059563775     
   932.000000000000      -0.143044229790887     
   933.000000000000      -0.143027435317127     
   934.000000000000      -0.143010676008039     
   935.000000000000      -0.142993951733235     
   936.000000000000      -0.142977262359674     
   937.000000000000      -0.142960607758356     
   938.000000000000      -0.142943987797649     
   939.000000000000      -0.142927402349890     
   940.000000000000      -0.142910851284853     
   941.000000000000      -0.142894334476240     
   942.000000000000      -0.142877851795169     
   943.000000000000      -0.142861403116675     
   944.000000000000      -0.142844988313229     
   945.000000000000      -0.142828607261177     
   946.000000000000      -0.142812259834323     
   947.000000000000      -0.142795945910322     
   948.000000000000      -0.142779665364287     
   949.000000000000      -0.142763418075150     
   950.000000000000      -0.142747203919323     
   951.000000000000      -0.142731022777013     
   952.000000000000      -0.142714874525911     
   953.000000000000      -0.142698759047468     
   954.000000000000      -0.142682676220666     
   955.000000000000      -0.142666625928161     
   956.000000000000      -0.142650608050188     
   957.000000000000      -0.142634622470643     
   958.000000000000      -0.142618669070982     
   959.000000000000      -0.142602747736307     
   960.000000000000      -0.142586858349297     
   961.000000000000      -0.142571000796243     
   962.000000000000      -0.142555174961017     
   963.000000000000      -0.142539380731093     
   964.000000000000      -0.142523617991546     
   965.000000000000      -0.142507886630985     
   966.000000000000      -0.142492186535674     
   967.000000000000      -0.142476517595371     
   968.000000000000      -0.142460879697484     
   969.000000000000      -0.142445272732906     
   970.000000000000      -0.142429696590215     
   971.000000000000      -0.142414151161407     
   972.000000000000      -0.142398636336168     
   973.000000000000      -0.142383152007613     
   974.000000000000      -0.142367698066561     
   975.000000000000      -0.142352274407194     
   976.000000000000      -0.142336880921461     
   977.000000000000      -0.142321517504590     
   978.000000000000      -0.142306184049629     
   979.000000000000      -0.142290880452885     
   980.000000000000      -0.142275606608467     
   981.000000000000      -0.142260362413733     
   982.000000000000      -0.142245147763855     
   983.000000000000      -0.142229962557230     
   984.000000000000      -0.142214806690084     
   985.000000000000      -0.142199680061830     
   986.000000000000      -0.142184582569732     
   987.000000000000      -0.142169514114217     
   988.000000000000      -0.142154474593560     
   989.000000000000      -0.142139463909200     
   990.000000000000      -0.142124481960431     
   991.000000000000      -0.142109528649675     
   992.000000000000      -0.142094603877221     
   993.000000000000      -0.142079707546453     
   994.000000000000      -0.142064839558659     
   995.000000000000      -0.142049999818185     
   996.000000000000      -0.142035188227298     
   997.000000000000      -0.142020404691303     
   998.000000000000      -0.142005649113397     
   999.000000000000      -0.141990921399834     
   1000.00000000000      -0.141976221454781     
   1001.00000000000      -0.141961549185408     
   1002.00000000000      -0.141946904496851     
   1003.00000000000      -0.141932287297154     
   1004.00000000000      -0.141917697492382     
   1005.00000000000      -0.141903134991490     
   1006.00000000000      -0.141888599701471     
   1007.00000000000      -0.141874091532176     
   1008.00000000000      -0.141859610391502     
   1009.00000000000      -0.141845156190175     
   1010.00000000000      -0.141830728836981     
   1011.00000000000      -0.141816328243535     
   1012.00000000000      -0.141801954319513     
   1013.00000000000      -0.141787606977370     
   1014.00000000000      -0.141773286127663     
   1015.00000000000      -0.141758991683682     
   1016.00000000000      -0.141744723556856     
   1017.00000000000      -0.141730481661332     
   1018.00000000000      -0.141716265909382     
   1019.00000000000      -0.141702076215982     
   1020.00000000000      -0.141687912494252     
   1021.00000000000      -0.141673774659976     
   1022.00000000000      -0.141659662627112     
   1023.00000000000      -0.141645576312242     
   1024.00000000000      -0.141631515630162     
   1025.00000000000      -0.141617480498266     
   1026.00000000000      -0.141603470832139     
   1027.00000000000      -0.141589486549967     
   1028.00000000000      -0.141575527568159     
   1029.00000000000      -0.141561593805661     
   1030.00000000000      -0.141547685179684     
   1031.00000000000      -0.141533801609932     
   1032.00000000000      -0.141519943014406     
   1033.00000000000      -0.141506109313596     
   1034.00000000000      -0.141492300426255     
   1035.00000000000      -0.141478516273623     
   1036.00000000000      -0.141464756775222     
   1037.00000000000      -0.141451021853039     
   1038.00000000000      -0.141437311427361     
   1039.00000000000      -0.141423625420883     
   1040.00000000000      -0.141409963754657     
   1041.00000000000      -0.141396326352111     
   1042.00000000000      -0.141382713135023     
   1043.00000000000      -0.141369124027555     
   1044.00000000000      -0.141355558952203     
   1045.00000000000      -0.141342017833816     
   1046.00000000000      -0.141328500595641     
   1047.00000000000      -0.141315007163221     
   1048.00000000000      -0.141301537460526     
   1049.00000000000      -0.141288091413772     
   1050.00000000000      -0.141274668947640     
   1051.00000000000      -0.141261269989035     
   1052.00000000000      -0.141247894463318     
   1053.00000000000      -0.141234542298069     
   1054.00000000000      -0.141221213419377     
   1055.00000000000      -0.141207907755462     
   1056.00000000000      -0.141194625233075     
   1057.00000000000      -0.141181365781110     
   1058.00000000000      -0.141168129326985     
   1059.00000000000      -0.141154915800253     
   1060.00000000000      -0.141141725129019     
   1061.00000000000      -0.141128557243451     
   1062.00000000000      -0.141115412072311     
   1063.00000000000      -0.141102289546411     
   1064.00000000000      -0.141089189595158     
   1065.00000000000      -0.141076112150004     
   1066.00000000000      -0.141063057140977     
   1067.00000000000      -0.141050024500162     
   1068.00000000000      -0.141037014158244     
   1069.00000000000      -0.141024026047881     
   1070.00000000000      -0.141011060100401     
   1071.00000000000      -0.140998116249070     
   1072.00000000000      -0.140985194425834     
   1073.00000000000      -0.140972294564571     
   1074.00000000000      -0.140959416597824     
   1075.00000000000      -0.140946560460063     
   1076.00000000000      -0.140933726084451     
   1077.00000000000      -0.140920913406046     
   1078.00000000000      -0.140908122358587     
   1079.00000000000      -0.140895352877711     
   1080.00000000000      -0.140882604897771     
   1081.00000000000      -0.140869878354969     
   1082.00000000000      -0.140857173184248     
   1083.00000000000      -0.140844489322353     
   1084.00000000000      -0.140831826704827     
   1085.00000000000      -0.140819185268963     
   1086.00000000000      -0.140806564950878     
   1087.00000000000      -0.140793965688406     
   1088.00000000000      -0.140781387418257     
   1089.00000000000      -0.140768830078810     
   1090.00000000000      -0.140756293607304     
   1091.00000000000      -0.140743777942675     
   1092.00000000000      -0.140731283022703     
   1093.00000000000      -0.140718808786879     
   1094.00000000000      -0.140706355173521     
   1095.00000000000      -0.140693922122627     
   1096.00000000000      -0.140681509573090     
   1097.00000000000      -0.140669117465417     
   1098.00000000000      -0.140656745739029     
   1099.00000000000      -0.140644394334938     
   1100.00000000000      -0.140632063193101     
   1101.00000000000      -0.140619752255044     
   1102.00000000000      -0.140607461461253     
   1103.00000000000      -0.140595190753746     
   1104.00000000000      -0.140582940073538     
   1105.00000000000      -0.140570709363144     
   1106.00000000000      -0.140558498564071     
   1107.00000000000      -0.140546307619325     
   1108.00000000000      -0.140534136470950     
   1109.00000000000      -0.140521985062412     
   1110.00000000000      -0.140509853336246     
   1111.00000000000      -0.140497741236417     
   1112.00000000000      -0.140485648705956     
   1113.00000000000      -0.140473575689301     
   1114.00000000000      -0.140461522129968     
   1115.00000000000      -0.140449487972881     
   1116.00000000000      -0.140437473162017     
   1117.00000000000      -0.140425477642760     
   1118.00000000000      -0.140413501359590     
   1119.00000000000      -0.140401544258325     
   1120.00000000000      -0.140389606283925     
   1121.00000000000      -0.140377687382673     
   1122.00000000000      -0.140365787500016     
   1123.00000000000      -0.140353906582642     
   1124.00000000000      -0.140342044576476     
   1125.00000000000      -0.140330201428655     
   1126.00000000000      -0.140318377085547     
   1127.00000000000      -0.140306571494755     
   1128.00000000000      -0.140294784603099     
   1129.00000000000      -0.140283016358603     
   1130.00000000000      -0.140271266708514     
   1131.00000000000      -0.140259535601306     
   1132.00000000000      -0.140247822984673     
   1133.00000000000      -0.140236128807513     
   1134.00000000000      -0.140224453017966     
   1135.00000000000      -0.140212795565332     
   1136.00000000000      -0.140201156398177     
   1137.00000000000      -0.140189535466227     
   1138.00000000000      -0.140177932718494     
   1139.00000000000      -0.140166348105097     
   1140.00000000000      -0.140154781575471     
   1141.00000000000      -0.140143233080150     
   1142.00000000000      -0.140131702568988     
   1143.00000000000      -0.140120189992895     
   1144.00000000000      -0.140108695302153     
   1145.00000000000      -0.140097218448099     
   1146.00000000000      -0.140085759381407     
   1147.00000000000      -0.140074318053785     
   1148.00000000000      -0.140062894416349     
   1149.00000000000      -0.140051488421162     
   1150.00000000000      -0.140040100019752     
   1151.00000000000      -0.140028729164586     
   1152.00000000000      -0.140017375807577     
   1153.00000000000      -0.140006039901571     
   1154.00000000000      -0.139994721398877     
   1155.00000000000      -0.139983420252712     
   1156.00000000000      -0.139972136415768     
   1157.00000000000      -0.139960869841631     
   1158.00000000000      -0.139949620483392     
   1159.00000000000      -0.139938388295007     
   1160.00000000000      -0.139927173229943     
   1161.00000000000      -0.139915975242529     
   1162.00000000000      -0.139904794286608     
   1163.00000000000      -0.139893630316836     
   1164.00000000000      -0.139882483287437     
   1165.00000000000      -0.139871353153473     
   1166.00000000000      -0.139860239869504     
   1167.00000000000      -0.139849143390930     
   1168.00000000000      -0.139838063672717     
   1169.00000000000      -0.139827000670555     
   1170.00000000000      -0.139815954339796     
   1171.00000000000      -0.139804924636507     
   1172.00000000000      -0.139793911516371     
   1173.00000000000      -0.139782914935786     
   1174.00000000000      -0.139771934850805     
   1175.00000000000      -0.139760971218172     
   1176.00000000000      -0.139750023994270     
   1177.00000000000      -0.139739093136169     
   1178.00000000000      -0.139728178600630     
   1179.00000000000      -0.139717280345044     
   1180.00000000000      -0.139706398326495     
   1181.00000000000      -0.139695532502710     
   1182.00000000000      -0.139684682831128     
   1183.00000000000      -0.139673849269797     
   1184.00000000000      -0.139663031776477     
   1185.00000000000      -0.139652230309531     
   1186.00000000000      -0.139641444827071     
   1187.00000000000      -0.139630675287769     
   1188.00000000000      -0.139619921650064     
   1189.00000000000      -0.139609183872945     
   1190.00000000000      -0.139598461915183     
   1191.00000000000      -0.139587755736075     
   1192.00000000000      -0.139577065294719     
   1193.00000000000      -0.139566390550696     
   1194.00000000000      -0.139555731463433     
   1195.00000000000      -0.139545087992815     
   1196.00000000000      -0.139534460098582     
   1197.00000000000      -0.139523847740934     
   1198.00000000000      -0.139513250879919     
   1199.00000000000      -0.139502669476043     
   1200.00000000000      -0.139492103489644     
   1201.00000000000      -0.139481552881524     
   1202.00000000000      -0.139471017612343     
   1203.00000000000      -0.139460497643176     
   1204.00000000000      -0.139449992935004     
   1205.00000000000      -0.139439503449172     
   1206.00000000000      -0.139429029146982     
   1207.00000000000      -0.139418569990041     
   1208.00000000000      -0.139408125939977     
   1209.00000000000      -0.139397696958672     
   1210.00000000000      -0.139387283008029     
   1211.00000000000      -0.139376884050219     
   1212.00000000000      -0.139366500047430     
   1213.00000000000      -0.139356130962123     
   1214.00000000000      -0.139345776756790     
   1215.00000000000      -0.139335437394141     
   1216.00000000000      -0.139325112836947     
   1217.00000000000      -0.139314803048217     
   1218.00000000000      -0.139304507990975     
   1219.00000000000      -0.139294227628499     
   1220.00000000000      -0.139283961924116     
   1221.00000000000      -0.139273710841381     
   1222.00000000000      -0.139263474343873     
   1223.00000000000      -0.139253252395407     
   1224.00000000000      -0.139243044959851     
   1225.00000000000      -0.139232852001261     
   1226.00000000000      -0.139222673483797     
   1227.00000000000      -0.139212509371767     
   1228.00000000000      -0.139202359629607     
   1229.00000000000      -0.139192224221866     
   1230.00000000000      -0.139182103113240     
   1231.00000000000      -0.139171996268562     
   1232.00000000000      -0.139161903652782     
   1233.00000000000      -0.139151825230944     
   1234.00000000000      -0.139141760968295     
   1235.00000000000      -0.139131710830145     
   1236.00000000000      -0.139121674781970     
   1237.00000000000      -0.139111652789325     
   1238.00000000000      -0.139101644817962     
   1239.00000000000      -0.139091650833662     
   1240.00000000000      -0.139081670802437     
   1241.00000000000      -0.139071704690314     
   1242.00000000000      -0.139061752463547     
   1243.00000000000      -0.139051814088392     
   1244.00000000000      -0.139041889531372     
   1245.00000000000      -0.139031978758974     
   1246.00000000000      -0.139022081737953     
   1247.00000000000      -0.139012198435034     
   1248.00000000000      -0.139002328817236     
   1249.00000000000      -0.138992472851513     
   1250.00000000000      -0.138982630505105     
   1251.00000000000      -0.138972801745198     
   1252.00000000000      -0.138962986539294     
   1253.00000000000      -0.138953184854784     
   1254.00000000000      -0.138943396659415     
   1255.00000000000      -0.138933621920799     
   1256.00000000000      -0.138923860606924     
   1257.00000000000      -0.138914112685635     
   1258.00000000000      -0.138904378125130     
   1259.00000000000      -0.138894656893478     
   1260.00000000000      -0.138884948959120     
   1261.00000000000      -0.138875254290327     
   1262.00000000000      -0.138865572855784     
   1263.00000000000      -0.138855904623957     
   1264.00000000000      -0.138846249563785     
   1265.00000000000      -0.138836607643944     
   1266.00000000000      -0.138826978833580     
   1267.00000000000      -0.138817363101595     
   1268.00000000000      -0.138807760417342     
   1269.00000000000      -0.138798170749941     
   1270.00000000000      -0.138788594068979     
   1271.00000000000      -0.138779030343779     
   1272.00000000000      -0.138769479544125     
   1273.00000000000      -0.138759941639553     
   1274.00000000000      -0.138750416600081     
   1275.00000000000      -0.138740904395434     
   1276.00000000000      -0.138731404995860     
   1277.00000000000      -0.138721918371257     
   1278.00000000000      -0.138712444492086     
   1279.00000000000      -0.138702983328478     
   1280.00000000000      -0.138693534851103     
   1281.00000000000      -0.138684099030256     
   1282.00000000000      -0.138674675836837     
   1283.00000000000      -0.138665265241339     
   1284.00000000000      -0.138655867214857     
   1285.00000000000      -0.138646481728094     
   1286.00000000000      -0.138637108752339     
   1287.00000000000      -0.138627748258476     
   1288.00000000000      -0.138618400218016     
   1289.00000000000      -0.138609064602024     
   1290.00000000000      -0.138599741382218     
   1291.00000000000      -0.138590430529845     
   1292.00000000000      -0.138581132016822     
   1293.00000000000      -0.138571845814591     
   1294.00000000000      -0.138562571895254     
   1295.00000000000      -0.138553310230449     
   1296.00000000000      -0.138544060792466     
   1297.00000000000      -0.138534823553151     
   1298.00000000000      -0.138525598484978     
   1299.00000000000      -0.138516385559944     
   1300.00000000000      -0.138507184750740     
   1301.00000000000      -0.138497996029520     
   1302.00000000000      -0.138488819369215     
   1303.00000000000      -0.138479654742116     
   1304.00000000000      -0.138470502121350     
   1305.00000000000      -0.138461361479402     
   1306.00000000000      -0.138452232789564     
   1307.00000000000      -0.138443116024512     
   1308.00000000000      -0.138434011157698     
   1309.00000000000      -0.138424918162005     
   1310.00000000000      -0.138415837011059     
   1311.00000000000      -0.138406767677891     
   1312.00000000000      -0.138397710136331     
   1313.00000000000      -0.138388664359592     
   1314.00000000000      -0.138379630321675     
   1315.00000000000      -0.138370607995942     
   1316.00000000000      -0.138361597356599     
   1317.00000000000      -0.138352598377168     
   1318.00000000000      -0.138343611032016     
   1319.00000000000      -0.138334635294852     
   1320.00000000000      -0.138325671140206     
   1321.00000000000      -0.138316718541937     
   1322.00000000000      -0.138307777474792     
   1323.00000000000      -0.138298847912769     
   1324.00000000000      -0.138289929830767     
   1325.00000000000      -0.138281023202976     
   1326.00000000000      -0.138272128004477     
   1327.00000000000      -0.138263244209587     
   1328.00000000000      -0.138254371793560     
   1329.00000000000      -0.138245510730890     
   1330.00000000000      -0.138236660996977     
   1331.00000000000      -0.138227822566489     
   1332.00000000000      -0.138218995415002     
   1333.00000000000      -0.138210179517315     
   1334.00000000000      -0.138201374849191     
   1335.00000000000      -0.138192581385562     
   1336.00000000000      -0.138183799102353     
   1337.00000000000      -0.138175027974690     
   1338.00000000000      -0.138166267978636     
   1339.00000000000      -0.138157519089440     
   1340.00000000000      -0.138148781283370     
   1341.00000000000      -0.138140054535785     
   1342.00000000000      -0.138131338823140     
   1343.00000000000      -0.138122634120959     
   1344.00000000000      -0.138113940405813     
   1345.00000000000      -0.138105257653397     
   1346.00000000000      -0.138096585840440     
   1347.00000000000      -0.138087924942782     
   1348.00000000000      -0.138079274937306     
   1349.00000000000      -0.138070635799983     
   1350.00000000000      -0.138062007507882     
   1351.00000000000      -0.138053390037107     
   1352.00000000000      -0.138044783364855     
   1353.00000000000      -0.138036187467386     
   1354.00000000000      -0.138027602322065     
   1355.00000000000      -0.138019027905293     
   1356.00000000000      -0.138010464194579     
   1357.00000000000      -0.138001911166441     
   1358.00000000000      -0.137993368798553     
   1359.00000000000      -0.137984837067569     
   1360.00000000000      -0.137976315951329     
   1361.00000000000      -0.137967805426608     
   1362.00000000000      -0.137959305471397     
   1363.00000000000      -0.137950816062604     
   1364.00000000000      -0.137942337178374     
   1365.00000000000      -0.137933868795758     
   1366.00000000000      -0.137925410893025     
   1367.00000000000      -0.137916963447352     
   1368.00000000000      -0.137908526437174     
   1369.00000000000      -0.137900099839798     
   1370.00000000000      -0.137891683633802     
   1371.00000000000      -0.137883277796619     
   1372.00000000000      -0.137874882306959     
   1373.00000000000      -0.137866497142399     
   1374.00000000000      -0.137858122281804     
   1375.00000000000      -0.137849757702863     
   1376.00000000000      -0.137841403384543     
   1377.00000000000      -0.137833059304704     
   1378.00000000000      -0.137824725442464     
   1379.00000000000      -0.137816401775781     
   1380.00000000000      -0.137808088283920     
   1381.00000000000      -0.137799784944979     
   1382.00000000000      -0.137791491738323     
   1383.00000000000      -0.137783208642189     
   1384.00000000000      -0.137774935636100     
   1385.00000000000      -0.137766672698388     
   1386.00000000000      -0.137758419808717     
   1387.00000000000      -0.137750176945559     
   1388.00000000000      -0.137741944088682     
   1389.00000000000      -0.137733721216683     
   1390.00000000000      -0.137725508309501     
   1391.00000000000      -0.137717305345811     
   1392.00000000000      -0.137709112305682     
   1393.00000000000      -0.137700929167956     
   1394.00000000000      -0.137692755912792     
   1395.00000000000      -0.137684592519140     
   1396.00000000000      -0.137676438967326     
   1397.00000000000      -0.137668295236389     
   1398.00000000000      -0.137660161306781     
   1399.00000000000      -0.137652037157664     
   1400.00000000000      -0.137643922769600     
   1401.00000000000      -0.137635818121901     
   1402.00000000000      -0.137627723195247     
   1403.00000000000      -0.137619637969049     
   1404.00000000000      -0.137611562424123     
   1405.00000000000      -0.137603496539973     
   1406.00000000000      -0.137595440297585     
   1407.00000000000      -0.137587393676534     
   1408.00000000000      -0.137579350738404     
   1409.00000000000      -0.137571312057962     
   1410.00000000000      -0.137563284227506     
   1411.00000000000      -0.137555267404281     
   1412.00000000000      -0.137547261557080     
   1413.00000000000      -0.137539266578314     
   1414.00000000000      -0.137531282330882     
   1415.00000000000      -0.137523308665457     
   1416.00000000000      -0.137515345433668     
   1417.00000000000      -0.137507392490579     
   1418.00000000000      -0.137499449700515     
   1419.00000000000      -0.137491516843781     
   1420.00000000000      -0.137483593898008     
   1421.00000000000      -0.137475680758131     
   1422.00000000000      -0.137467777327682     
   1423.00000000000      -0.137459883516804     
   1424.00000000000      -0.137451999245124     
   1425.00000000000      -0.137444124438348     
   1426.00000000000      -0.137436259030747     
   1427.00000000000      -0.137428402961496     
   1428.00000000000      -0.137420556177158     
   1429.00000000000      -0.137412718628047     
   1430.00000000000      -0.137404890270772     
   1431.00000000000      -0.137397071064568     
   1432.00000000000      -0.137389260974022     
   1433.00000000000      -0.137381460043242     
   1434.00000000000      -0.137373668223811     
   1435.00000000000      -0.137365885416335     
   1436.00000000000      -0.137358111594001     
   1437.00000000000      -0.137350346732480     
   1438.00000000000      -0.137342590811577     
   1439.00000000000      -0.137334843811287     
   1440.00000000000      -0.137327105714607     
   1441.00000000000      -0.137319376503975     
   1442.00000000000      -0.137311656164304     
   1443.00000000000      -0.137303944679546     
   1444.00000000000      -0.137296242035804     
   1445.00000000000      -0.137288548217945     
   1446.00000000000      -0.137280863212789     
   1447.00000000000      -0.137273187005717     
   1448.00000000000      -0.137265519583923     
   1449.00000000000      -0.137257860933042     
   1450.00000000000      -0.137250211040426     
   1451.00000000000      -0.137242569891772     
   1452.00000000000      -0.137234937474438     
   1453.00000000000      -0.137227313774056     
   1454.00000000000      -0.137219698777896     
   1455.00000000000      -0.137212092471451     
   1456.00000000000      -0.137204494841841     
   1457.00000000000      -0.137196905874379     
   1458.00000000000      -0.137189325556000     
   1459.00000000000      -0.137181753871819     
   1460.00000000000      -0.137174190808572     
   1461.00000000000      -0.137166636351177     
   1462.00000000000      -0.137159090486185     
   1463.00000000000      -0.137151553198307     
   1464.00000000000      -0.137144024473920     
   1465.00000000000      -0.137136504297557     
   1466.00000000000      -0.137128992655431     
   1467.00000000000      -0.137121489531907     
   1468.00000000000      -0.137113994913063     
   1469.00000000000      -0.137106508783129     
   1470.00000000000      -0.137099031128052     
   1471.00000000000      -0.137091561931942     
   1472.00000000000      -0.137084101180654     
   1473.00000000000      -0.137076648858194     
   1474.00000000000      -0.137069204950344     
   1475.00000000000      -0.137061769441031     
   1476.00000000000      -0.137054342315973     
   1477.00000000000      -0.137046923559045     
   1478.00000000000      -0.137039513155921     
   1479.00000000000      -0.137032111090430     
   1480.00000000000      -0.137024717348230     
   1481.00000000000      -0.137017331913123     
   1482.00000000000      -0.137009954770752     
   1483.00000000000      -0.137002585904905     
   1484.00000000000      -0.136995225301231     
   1485.00000000000      -0.136987872943517     
   1486.00000000000      -0.136980528817428     
   1487.00000000000      -0.136973192906761     
   1488.00000000000      -0.136965865197202     
   1489.00000000000      -0.136958545672571     
   1490.00000000000      -0.136951234318587     
   1491.00000000000      -0.136943931119090     
   1492.00000000000      -0.136936636059845     
   1493.00000000000      -0.136929349124729     
   1494.00000000000      -0.136922070299547     
   1495.00000000000      -0.136914799568220     
   1496.00000000000      -0.136907536916603     
   1497.00000000000      -0.136900282328662     
   1498.00000000000      -0.136893035790311     
   1499.00000000000      -0.136885797285562     
   1500.00000000000      -0.136878566800390     
   1501.00000000000      -0.136871344318857     
   1502.00000000000      -0.136864129827005     
   1503.00000000000      -0.136856923308951     
   1504.00000000000      -0.136849724750805     
   1505.00000000000      -0.136842534136740     
   1506.00000000000      -0.136835351452937     
   1507.00000000000      -0.136828176683624     
   1508.00000000000      -0.136821009815054     
   1509.00000000000      -0.136813850831521     
   1510.00000000000      -0.136806699719344     
   1511.00000000000      -0.136799556462882     
   1512.00000000000      -0.136792421048533     
   1513.00000000000      -0.136785293460718     
   1514.00000000000      -0.136778173685905     
   1515.00000000000      -0.136771061708582     
   1516.00000000000      -0.136763957515295     
   1517.00000000000      -0.136756861090596     
   1518.00000000000      -0.136749772421105     
   1519.00000000000      -0.136742691491442     
   1520.00000000000      -0.136735618288301     
   1521.00000000000      -0.136728552796375     
   1522.00000000000      -0.136721495002430     
   1523.00000000000      -0.136714444891226     
   1524.00000000000      -0.136707402449611     
   1525.00000000000      -0.136700367662407     
   1526.00000000000      -0.136693340516540     
   1527.00000000000      -0.136686320996900     
   1528.00000000000      -0.136679309090487     
   1529.00000000000      -0.136672304782265     
   1530.00000000000      -0.136665308059309     
   1531.00000000000      -0.136658318906647     
   1532.00000000000      -0.136651337311435     
   1533.00000000000      -0.136644363258767     
   1534.00000000000      -0.136637396735872     
   1535.00000000000      -0.136630437727915     
   1536.00000000000      -0.136623486222202     
   1537.00000000000      -0.136616542203964     
   1538.00000000000      -0.136609605660586     
   1539.00000000000      -0.136602676577363     
   1540.00000000000      -0.136595754941754     
   1541.00000000000      -0.136588840739124     
   1542.00000000000      -0.136581933957008     
   1543.00000000000      -0.136575034580837     
   1544.00000000000      -0.136568142598218     
   1545.00000000000      -0.136561257994649     
   1546.00000000000      -0.136554380757817     
   1547.00000000000      -0.136547510873284     
   1548.00000000000      -0.136540648328806     
   1549.00000000000      -0.136533793110014     
   1550.00000000000      -0.136526945204739     
   1551.00000000000      -0.136520104598678     
   1552.00000000000      -0.136513271279734     
   1553.00000000000      -0.136506445233667     
   1554.00000000000      -0.136499626448456     
   1555.00000000000      -0.136492814909922     
   1556.00000000000      -0.136486010606119     
   1557.00000000000      -0.136479213522935     
   1558.00000000000      -0.136472423648491     
   1559.00000000000      -0.136465640968742     
   1560.00000000000      -0.136458865471881     
   1561.00000000000      -0.136452097143924     
   1562.00000000000      -0.136445335973134     
   1563.00000000000      -0.136438581945593     
   1564.00000000000      -0.136431835049635     
   1565.00000000000      -0.136425095271401     
   1566.00000000000      -0.136418362599303     
   1567.00000000000      -0.136411637019536     
   1568.00000000000      -0.136404918520579     
   1569.00000000000      -0.136398207088696     
   1570.00000000000      -0.136391502712434     
   1571.00000000000      -0.136384805378117     
   1572.00000000000      -0.136378115074363     
   1573.00000000000      -0.136371431787557     
   1574.00000000000      -0.136364755506380     
   1575.00000000000      -0.136358086217279     
   1576.00000000000      -0.136351423909004     
   1577.00000000000      -0.136344768568062     
   1578.00000000000      -0.136338120183273     
   1579.00000000000      -0.136331478741198     
   1580.00000000000      -0.136324844230727     
   1581.00000000000      -0.136318216638482     
   1582.00000000000      -0.136311595953414     
   1583.00000000000      -0.136304982162208     
   1584.00000000000      -0.136298375253881     
   1585.00000000000      -0.136291775215172     
   1586.00000000000      -0.136285182035168     
   1587.00000000000      -0.136278595700665     
   1588.00000000000      -0.136272016200811     
   1589.00000000000      -0.136265443522465     
   1590.00000000000      -0.136258877654837     
   1591.00000000000      -0.136252318584837     
   1592.00000000000      -0.136245766301748     
   1593.00000000000      -0.136239220792536     
   1594.00000000000      -0.136232682046540     
   1595.00000000000      -0.136226150050790     
   1596.00000000000      -0.136219624794684     
   1597.00000000000      -0.136213106265306     
   1598.00000000000      -0.136206594452120     
   1599.00000000000      -0.136200089342269     
   1600.00000000000      -0.136193590925272     
   1601.00000000000      -0.136187099188328     
   1602.00000000000      -0.136180614121020     
   1603.00000000000      -0.136174135710595     
   1604.00000000000      -0.136167663946704     
   1605.00000000000      -0.136161198816654     
   1606.00000000000      -0.136154740310151     
   1607.00000000000      -0.136148288414549     
   1608.00000000000      -0.136141843119619     
   1609.00000000000      -0.136135404412774     
   1610.00000000000      -0.136128972283840     
   1611.00000000000      -0.136122546720283     
   1612.00000000000      -0.136116127711989     
   1613.00000000000      -0.136109715246478     
   1614.00000000000      -0.136103309313695     
   1615.00000000000      -0.136096909901207     
   1616.00000000000      -0.136090516999022     
   1617.00000000000      -0.136084130594760     
   1618.00000000000      -0.136077750678487     
   1619.00000000000      -0.136071377237875     
   1620.00000000000      -0.136065010263044     
   1621.00000000000      -0.136058649741720     
   1622.00000000000      -0.136052295664078     
   1623.00000000000      -0.136045948017896     
   1624.00000000000      -0.136039606793413     
   1625.00000000000      -0.136033271978448     
   1626.00000000000      -0.136026943563300     
   1627.00000000000      -0.136020621535843     
   1628.00000000000      -0.136014305886424     
   1629.00000000000      -0.136007996602973     
   1630.00000000000      -0.136001693675887     
   1631.00000000000      -0.135995397093145     
   1632.00000000000      -0.135989106845211     
   1633.00000000000      -0.135982822920109     
   1634.00000000000      -0.135976545308352     
   1635.00000000000      -0.135970273998017     
   1636.00000000000      -0.135964008979670     
   1637.00000000000      -0.135957750241436     
   1638.00000000000      -0.135951497773933     
   1639.00000000000      -0.135945251565341     
   1640.00000000000      -0.135939011606335     
   1641.00000000000      -0.135932777885134     
   1642.00000000000      -0.135926550392471     
   1643.00000000000      -0.135920329116608     
   1644.00000000000      -0.135914114048331     
   1645.00000000000      -0.135907905175957     
   1646.00000000000      -0.135901702490324     
   1647.00000000000      -0.135895505979789     
   1648.00000000000      -0.135889315635243     
   1649.00000000000      -0.135883131445096     
   1650.00000000000      -0.135876953400290     
   1651.00000000000      -0.135870781489283     
   1652.00000000000      -0.135864615703065     
   1653.00000000000      -0.135858456030139     
   1654.00000000000      -0.135852302461547     
   1655.00000000000      -0.135846154985841     
   1656.00000000000      -0.135840013594116     
   1657.00000000000      -0.135833878274966     
   1658.00000000000      -0.135827749019533     
   1659.00000000000      -0.135821625816462     
   1660.00000000000      -0.135815508656949     
   1661.00000000000      -0.135809397529677     
   1662.00000000000      -0.135803292425891     
   1663.00000000000      -0.135797193334322     
   1664.00000000000      -0.135791100246267     
   1665.00000000000      -0.135785013150499     
   1666.00000000000      -0.135778932038366     
   1667.00000000000      -0.135772856898688     
   1668.00000000000      -0.135766787722854     
   1669.00000000000      -0.135760724499733     
   1670.00000000000      -0.135754667220764     
   1671.00000000000      -0.135748615874858     
   1672.00000000000      -0.135742570453503     
   1673.00000000000      -0.135736530945654     
   1674.00000000000      -0.135730497342848     
   1675.00000000000      -0.135724469634078     
   1676.00000000000      -0.135718447810935     
   1677.00000000000      -0.135712431862454     
   1678.00000000000      -0.135706421780272     
   1679.00000000000      -0.135700417553466     
   1680.00000000000      -0.135694419173722     
   1681.00000000000      -0.135688426630164     
   1682.00000000000      -0.135682439914520     
   1683.00000000000      -0.135676459015949     
   1684.00000000000      -0.135670483926231     
   1685.00000000000      -0.135664514634577     
   1686.00000000000      -0.135658551132802     
   1687.00000000000      -0.135652593410159     
   1688.00000000000      -0.135646641458518     
   1689.00000000000      -0.135640695267171     
   1690.00000000000      -0.135634754828024     
   1691.00000000000      -0.135628820130421     
   1692.00000000000      -0.135622891166312     
   1693.00000000000      -0.135616967925068     
   1694.00000000000      -0.135611050398701     
   1695.00000000000      -0.135605138576624     
   1696.00000000000      -0.135599232450887     
   1697.00000000000      -0.135593332010939     
   1698.00000000000      -0.135587437248883     
   1699.00000000000      -0.135581548154205     
   1700.00000000000      -0.135575664719047     
   1701.00000000000      -0.135569786932948     
   1702.00000000000      -0.135563914788086     
   1703.00000000000      -0.135558048274040     
   1704.00000000000      -0.135552187383031     
   1705.00000000000      -0.135546332104680     
   1706.00000000000      -0.135540482431253     
   1707.00000000000      -0.135534638352410     
   1708.00000000000      -0.135528799860456     
   1709.00000000000      -0.135522966945088     
   1710.00000000000      -0.135517139598666     
   1711.00000000000      -0.135511317810917     
   1712.00000000000      -0.135505501574241     
   1713.00000000000      -0.135499690878412     
   1714.00000000000      -0.135493885715868     
   1715.00000000000      -0.135488086076423     
   1716.00000000000      -0.135482291952559     
   1717.00000000000      -0.135476503334132     
   1718.00000000000      -0.135470720213651     
   1719.00000000000      -0.135464942581020     
   1720.00000000000      -0.135459170428789     
   1721.00000000000      -0.135453403746895     
   1722.00000000000      -0.135447642527943     
   1723.00000000000      -0.135441886761897     
   1724.00000000000      -0.135436136441400     
   1725.00000000000      -0.135430391556463     
   1726.00000000000      -0.135424651642604     
   1727.00000000000      -0.135418917037983     
   1728.00000000000      -0.135413187916288     
   1729.00000000000      -0.135407464273191     
   1730.00000000000      -0.135401746099274     
   1731.00000000000      -0.135396033379423     
   1732.00000000000      -0.135390326099903     
   1733.00000000000      -0.135384624243986     
   1734.00000000000      -0.135378927797702     
   1735.00000000000      -0.135373236744725     
   1736.00000000000      -0.135367551071869     
   1737.00000000000      -0.135361870763808     
   1738.00000000000      -0.135356195808392     
   1739.00000000000      -0.135350526191358     
   1740.00000000000      -0.135344861901584     
   1741.00000000000      -0.135339202925833     
   1742.00000000000      -0.135333549253916     
   1743.00000000000      -0.135327900873405     
   1744.00000000000      -0.135322257774951     
   1745.00000000000      -0.135316619946884     
   1746.00000000000      -0.135310987380499     
   1747.00000000000      -0.135305360064704     
   1748.00000000000      -0.135299737991356     
   1749.00000000000      -0.135294121149831     
   1750.00000000000      -0.135288509532470     
   1751.00000000000      -0.135282903129018     
   1752.00000000000      -0.135277301932119     
   1753.00000000000      -0.135271705931859     
   1754.00000000000      -0.135266115121116     
   1755.00000000000      -0.135260529490233     
   1756.00000000000      -0.135254949032303     
   1757.00000000000      -0.135249373737853     
   1758.00000000000      -0.135243803600136     
   1759.00000000000      -0.135238238609781     
   1760.00000000000      -0.135232678760201     
   1761.00000000000      -0.135227124042135     
   1762.00000000000      -0.135221574449079     
   1763.00000000000      -0.135216029971864     
   1764.00000000000      -0.135210490604041     
   1765.00000000000      -0.135204956336491     
   1766.00000000000      -0.135199427162846     
   1767.00000000000      -0.135193903074035     
   1768.00000000000      -0.135188384063716     
   1769.00000000000      -0.135182870122838     
   1770.00000000000      -0.135177361245124     
   1771.00000000000      -0.135171857421577     
   1772.00000000000      -0.135166358645913     
   1773.00000000000      -0.135160864909152     
   1774.00000000000      -0.135155376205066     
   1775.00000000000      -0.135149892524681     
   1776.00000000000      -0.135144415013649     
   1777.00000000000      -0.135138944519410     
   1778.00000000000      -0.135133478687026     
   1779.00000000000      -0.135128017444679     
   1780.00000000000      -0.135122560784617     
   1781.00000000000      -0.135117108720102     
   1782.00000000000      -0.135111661276985     
   1783.00000000000      -0.135106218482013     
   1784.00000000000      -0.135100780365138     
   1785.00000000000      -0.135095346952428     
   1786.00000000000      -0.135089918270662     
   1787.00000000000      -0.135084494341391     
   1788.00000000000      -0.135079075186252     
   1789.00000000000      -0.135073660821497     
   1790.00000000000      -0.135068251263463     
   1791.00000000000      -0.135062846523302     
   1792.00000000000      -0.135057446612548     
   1793.00000000000      -0.135052051537874     
   1794.00000000000      -0.135046661306694     
   1795.00000000000      -0.135041275921907     
   1796.00000000000      -0.135035895387519     
   1797.00000000000      -0.135030519703344     
   1798.00000000000      -0.135025148870621     
   1799.00000000000      -0.135019782886719     
   1800.00000000000      -0.135014421750701     
   1801.00000000000      -0.135009065458024     
   1802.00000000000      -0.135003714006060     
   1803.00000000000      -0.134998367388803     
   1804.00000000000      -0.134993025602355     
   1805.00000000000      -0.134987688639594     
   1806.00000000000      -0.134982356495681     
   1807.00000000000      -0.134977029162690     
   1808.00000000000      -0.134971706635105     
   1809.00000000000      -0.134966388904438     
   1810.00000000000      -0.134961075964703     
   1811.00000000000      -0.134955767807009     
   1812.00000000000      -0.134950464425069     
   1813.00000000000      -0.134945165809748     
   1814.00000000000      -0.134939871954547     
   1815.00000000000      -0.134934582850218     
   1816.00000000000      -0.134929298490159     
   1817.00000000000      -0.134924018865060     
   1818.00000000000      -0.134918743968306     
   1819.00000000000      -0.134913473790570     
   1820.00000000000      -0.134908208325231     
   1821.00000000000      -0.134902947563015     
   1822.00000000000      -0.134897691497368     
   1823.00000000000      -0.134892440119061     
   1824.00000000000      -0.134887193421646     
   1825.00000000000      -0.134881951395949     
   1826.00000000000      -0.134876714035583     
   1827.00000000000      -0.134871481331502     
   1828.00000000000      -0.134866253277406     
   1829.00000000000      -0.134861029864328     
   1830.00000000000      -0.134855811086100     
   1831.00000000000      -0.134850596933831     
   1832.00000000000      -0.134845387401429     
   1833.00000000000      -0.134840182480108     
   1834.00000000000      -0.134834982163885     
   1835.00000000000      -0.134829786444075     
   1836.00000000000      -0.134824595314754     
   1837.00000000000      -0.134819408767330     
   1838.00000000000      -0.134814226795964     
   1839.00000000000      -0.134809049392168     
   1840.00000000000      -0.134803876550188     
   1841.00000000000      -0.134798708261575     
   1842.00000000000      -0.134793544520660     
   1843.00000000000      -0.134788385319080     
   1844.00000000000      -0.134783230651222     
   1845.00000000000      -0.134778080508802     
   1846.00000000000      -0.134772934886272     
   1847.00000000000      -0.134767793775402     
   1848.00000000000      -0.134762657170708     
   1849.00000000000      -0.134757525064008     
   1850.00000000000      -0.134752397449899     
   1851.00000000000      -0.134747274320237     
   1852.00000000000      -0.134742155669642     
   1853.00000000000      -0.134737041490061     
   1854.00000000000      -0.134731931776172     
   1855.00000000000      -0.134726826519937     
   1856.00000000000      -0.134721725716113     
   1857.00000000000      -0.134716629356678     
   1858.00000000000      -0.134711537436421     
   1859.00000000000      -0.134706449947408     
   1860.00000000000      -0.134701366884441     
   1861.00000000000      -0.134696288239616     
   1862.00000000000      -0.134691214007788     
   1863.00000000000      -0.134686144181111     
   1864.00000000000      -0.134681078754430     
   1865.00000000000      -0.134676017719966     
   1866.00000000000      -0.134670961072621     
   1867.00000000000      -0.134665908804609     
   1868.00000000000      -0.134660860910878     
   1869.00000000000      -0.134655817383675     
   1870.00000000000      -0.134650778217997     
   1871.00000000000      -0.134645743406125     
   1872.00000000000      -0.134640712943061     
   1873.00000000000      -0.134635686821134     
   1874.00000000000      -0.134630665035399     
   1875.00000000000      -0.134625647578175     
   1876.00000000000      -0.134620634444550     
   1877.00000000000      -0.134615625626898     
   1878.00000000000      -0.134610621120333     
   1879.00000000000      -0.134605620917247     
   1880.00000000000      -0.134600625012777     
   1881.00000000000      -0.134595633399367     
   1882.00000000000      -0.134590646072161     
   1883.00000000000      -0.134585663023637     
   1884.00000000000      -0.134580684248977     
   1885.00000000000      -0.134575709740661     
   1886.00000000000      -0.134570739493912     
   1887.00000000000      -0.134565773501251     
   1888.00000000000      -0.134560811757911     
   1889.00000000000      -0.134555854256433     
   1890.00000000000      -0.134550900992097     
   1891.00000000000      -0.134545951957476     
   1892.00000000000      -0.134541007147831     
   1893.00000000000      -0.134536066555802     
   1894.00000000000      -0.134531130176678     
   1895.00000000000      -0.134526198003105     
   1896.00000000000      -0.134521270030405     
   1897.00000000000      -0.134516346251235     
   1898.00000000000      -0.134511426660942     
   1899.00000000000      -0.134506511252219     
   1900.00000000000      -0.134501600020453     
   1901.00000000000      -0.134496692958345     
   1902.00000000000      -0.134491790061302     
   1903.00000000000      -0.134486891322053     
   1904.00000000000      -0.134481996736044     
   1905.00000000000      -0.134477106296016     
   1906.00000000000      -0.134472219997417     
   1907.00000000000      -0.134467337833043     
   1908.00000000000      -0.134462459798370     
   1909.00000000000      -0.134457585886204     
   1910.00000000000      -0.134452716092039     
   1911.00000000000      -0.134447850408693     
   1912.00000000000      -0.134442988831684     
   1913.00000000000      -0.134438131353897     
   1914.00000000000      -0.134433277970861     
   1915.00000000000      -0.134428428675443     
   1916.00000000000      -0.134423583463246     
   1917.00000000000      -0.134418742327140     
   1918.00000000000      -0.134413905262712     
   1919.00000000000      -0.134409072262912     
   1920.00000000000      -0.134404243323320     
   1921.00000000000      -0.134399418436909     
   1922.00000000000      -0.134394597599296     
   1923.00000000000      -0.134389780803475     
   1924.00000000000      -0.134384968045080     
   1925.00000000000      -0.134380159317116     
   1926.00000000000      -0.134375354615246     
   1927.00000000000      -0.134370553932500     
   1928.00000000000      -0.134365757264565     
   1929.00000000000      -0.134360964604497     
   1930.00000000000      -0.134356175948010     
   1931.00000000000      -0.134351391288172     
   1932.00000000000      -0.134346610620715     
   1933.00000000000      -0.134341833938730     
   1934.00000000000      -0.134337061237973     
   1935.00000000000      -0.134332292511569     
   1936.00000000000      -0.134327527755278     
   1937.00000000000      -0.134322766962254     
   1938.00000000000      -0.134318010128282     
   1939.00000000000      -0.134313257246529     
   1940.00000000000      -0.134308508312809     
   1941.00000000000      -0.134303763320298     
   1942.00000000000      -0.134299022264846     
   1943.00000000000      -0.134294285139662     
   1944.00000000000      -0.134289551940582     
   1945.00000000000      -0.134284822660846     
   1946.00000000000      -0.134280097296337     
   1947.00000000000      -0.134275375840307     
   1948.00000000000      -0.134270658288646     
   1949.00000000000      -0.134265944634618     
   1950.00000000000      -0.134261234874168     
   1951.00000000000      -0.134256529000573     
   1952.00000000000      -0.134251827009772     
   1953.00000000000      -0.134247128895073     
   1954.00000000000      -0.134242434652452     
   1955.00000000000      -0.134237744275225     
   1956.00000000000      -0.134233057759389     
   1957.00000000000      -0.134228375098292     
   1958.00000000000      -0.134223696287937     
   1959.00000000000      -0.134219021321713     
   1960.00000000000      -0.134214350195617     
   1961.00000000000      -0.134209682903056     
   1962.00000000000      -0.134205019440066     
   1963.00000000000      -0.134200359800081     
   1964.00000000000      -0.134195703979142     
   1965.00000000000      -0.134191051970699     
   1966.00000000000      -0.134186403770803     
   1967.00000000000      -0.134181759372968     
   1968.00000000000      -0.134177118773256     
   1969.00000000000      -0.134172481965169     
   1970.00000000000      -0.134167848944798     
   1971.00000000000      -0.134163219705660     
   1972.00000000000      -0.134158594243902     
   1973.00000000000      -0.134153972553049     
   1974.00000000000      -0.134149354629238     
   1975.00000000000      -0.134144740466025     
   1976.00000000000      -0.134140130059566     
   1977.00000000000      -0.134135523403458     
   1978.00000000000      -0.134130920493863     
   1979.00000000000      -0.134126321324373     
   1980.00000000000      -0.134121725891217     
   1981.00000000000      -0.134117134187991     
   1982.00000000000      -0.134112546210896     
   1983.00000000000      -0.134107961953612     
   1984.00000000000      -0.134103381412359     
   1985.00000000000      -0.134098804580797     
   1986.00000000000      -0.134094231455165     
   1987.00000000000      -0.134089662029164     
   1988.00000000000      -0.134085096299037     
   1989.00000000000      -0.134080534258520     
   1990.00000000000      -0.134075975903861     
   1991.00000000000      -0.134071421228810     
   1992.00000000000      -0.134066870229668     
   1993.00000000000      -0.134062322900174     
   1994.00000000000      -0.134057779236655     
   1995.00000000000      -0.134053239232885     
   1996.00000000000      -0.134048702885161     
   1997.00000000000      -0.134044170187326     
   1998.00000000000      -0.134039641135686     
   1999.00000000000      -0.134035115724083     
   2000.00000000000      -0.134030593948854     
