  0.000000000000000E+000   1.00000000000000     
  0.250000000000000       0.999799894210538     
  0.500000000000000       0.999242535679106     
  0.750000000000000       0.998384516634580     
   1.00000000000000       0.997294688348096     
   1.25000000000000       0.996042183516107     
   1.50000000000000       0.994689950697339     
   1.75000000000000       0.993291340270226     
   2.00000000000000       0.991888978876267     
   2.25000000000000       0.990515199466187     
   2.50000000000000       0.989193299777900     
   2.75000000000000       0.987939097730763     
   3.00000000000000       0.986762471009078     
   3.25000000000000       0.985668729768268     
   3.50000000000000       0.984659769537745     
   3.75000000000000       0.983735003168595     
   4.00000000000000       0.982892094397048     
   4.25000000000000       0.982127523732641     
   4.50000000000000       0.981437017688477     
   4.75000000000000       0.980815869315665     
   5.00000000000000       0.980259173728748     
   5.25000000000000       0.979761997992237     
   5.50000000000000       0.979319500870664     
   5.75000000000000       0.978927014634405     
   6.00000000000000       0.978580098419358     
   6.25000000000000       0.978274570477396     
   6.50000000000000       0.978006524937563     
   6.75000000000000       0.977772337367504     
   7.00000000000000       0.977568662384585     
   7.25000000000000       0.977392425763380     
   7.50000000000000       0.977240812874064     
   7.75000000000000       0.977111254811981     
   8.00000000000000       0.977001413220230     
   8.25000000000000       0.976909164534606     
   8.50000000000000       0.976832584171847     
   8.75000000000000       0.976769931027390     
   9.00000000000000       0.976719632531743     
   9.25000000000000       0.976680270426791     
   9.50000000000000       0.976650567359885     
   9.75000000000000       0.976629374345769     
   10.0000000000000       0.976615659112440     
   10.2500000000000       0.976608495323221     
   10.5000000000000       0.976607052650002     
   10.7500000000000       0.976610587661896     
   11.0000000000000       0.976618435486313     
   11.2500000000000       0.976630002195275     
   11.5000000000000       0.976644757868343     
   11.7500000000000       0.976662230283091     
   12.0000000000000       0.976681999184890     
   12.2500000000000       0.976703691089821     
   12.5000000000000       0.976726974576294     
   12.7500000000000       0.976751556023752     
   13.0000000000000       0.976777175759389     
   13.2500000000000       0.976803604576445     
   13.5000000000000       0.976830640590546     
   13.7500000000000       0.976858106402956     
   14.0000000000000       0.976885846542255     
   14.2500000000000       0.976913725158365     
   14.5000000000000       0.976941623945011     
   14.7500000000000       0.976969440268836     
   15.0000000000000       0.976997085485411     
   15.2500000000000       0.977024483424025     
   15.5000000000000       0.977051569025049     
   15.7500000000000       0.977078287114845     
   16.0000000000000       0.977104591304927     
   16.2500000000000       0.977130443003168     
   16.5000000000000       0.977155810526069     
   16.7500000000000       0.977180668302022     
   17.0000000000000       0.977204996156743     
   17.2500000000000       0.977228778672614     
   17.5000000000000       0.977252004614692     
   17.7500000000000       0.977274666416676     
   18.0000000000000       0.977296759720969     
   18.2500000000000       0.977318282967273     
   18.5000000000000       0.977339237025084     
   18.7500000000000       0.977359624865472     
   19.0000000000000       0.977379451268289     
   19.2500000000000       0.977398722561329     
   19.5000000000000       0.977417446388022     
   19.7500000000000       0.977435631500941     
   20.0000000000000       0.977453287578385     
   20.2500000000000       0.977470425061798     
   20.5000000000000       0.977487055011768     
   20.7500000000000       0.977503188980798     
   21.0000000000000       0.977518838901107     
   21.2500000000000       0.977534016985838     
   21.5000000000000       0.977548735642315     
   21.7500000000000       0.977563007396182     
   22.0000000000000       0.977576844825112     
   22.2500000000000       0.977590260501215     
   22.5000000000000       0.977603266941102     
   22.7500000000000       0.977615876562904     
   23.0000000000000       0.977628101649393     
   23.2500000000000       0.977639954316575     
   23.5000000000000       0.977651446487210     
   23.7500000000000       0.977662589868561     
   24.0000000000000       0.977673395934063     
   24.2500000000000       0.977683875908403     
   24.5000000000000       0.977694040755525     
   24.7500000000000       0.977703901169380     
   25.0000000000000       0.977713467566967     
   25.2500000000000       0.977722750083472     
   25.5000000000000       0.977731758569163     
   25.7500000000000       0.977740502587909     
   26.0000000000000       0.977748991416978     
   26.2500000000000       0.977757234048201     
   26.5000000000000       0.977765239189962     
   26.7500000000000       0.977773015270201     
   27.0000000000000       0.977780570440101     
   27.2500000000000       0.977787912578458     
   27.5000000000000       0.977795049296566     
   27.7500000000000       0.977801987943553     
   28.0000000000000       0.977808735612029     
   28.2500000000000       0.977815299144105     
   28.5000000000000       0.977821685137596     
   28.7500000000000       0.977827899952378     
   29.0000000000000       0.977833949716917     
   29.2500000000000       0.977839840334810     
   29.5000000000000       0.977845577491446     
   29.7500000000000       0.977851166660623     
   30.0000000000000       0.977856613111165     
   30.2500000000000       0.977861921913483     
   30.5000000000000       0.977867097946055     
   30.7500000000000       0.977872145901917     
   31.0000000000000       0.977877070294908     
   31.2500000000000       0.977881875465908     
   31.5000000000000       0.977886565588965     
   31.7500000000000       0.977891144677181     
   32.0000000000000       0.977895616588587     
   32.2500000000000       0.977899985031772     
   32.5000000000000       0.977904253571451     
   32.7500000000000       0.977908425633822     
   33.0000000000000       0.977912504511789     
   33.2500000000000       0.977916493370020     
   33.5000000000000       0.977920395249868     
   33.7500000000000       0.977924213074132     
   34.0000000000000       0.977927949651690     
   34.2500000000000       0.977931607681874     
   34.5000000000000       0.977935189758848     
   34.7500000000000       0.977938698375731     
   35.0000000000000       0.977942135928613     
   35.2500000000000       0.977945504720450     
   35.5000000000000       0.977948806964709     
   35.7500000000000       0.977952044789058     
   36.0000000000000       0.977955220238766     
   36.2500000000000       0.977958335280025     
   36.5000000000000       0.977961391803198     
   36.7500000000000       0.977964391625882     
   37.0000000000000       0.977967336495821     
   37.2500000000000       0.977970228093808     
   37.5000000000000       0.977973068036419     
   37.7500000000000       0.977975857878600     
   38.0000000000000       0.977978599116201     
   38.2500000000000       0.977981293188432     
   38.5000000000000       0.977983941480152     
   38.7500000000000       0.977986545324093     
   39.0000000000000       0.977989106003048     
   39.2500000000000       0.977991624751844     
   39.5000000000000       0.977994102759382     
   39.7500000000000       0.977996541170513     
   40.0000000000000       0.977998941087781     
   40.2500000000000       0.978001303573224     
   40.5000000000000       0.978003629650033     
   40.7500000000000       0.978005920304112     
   41.0000000000000       0.978008176485618     
   41.2500000000000       0.978010399110415     
   41.5000000000000       0.978012589061465     
   41.7500000000000       0.978014747190279     
   42.0000000000000       0.978016874318007     
   42.2500000000000       0.978018971236787     
   42.5000000000000       0.978021038710943     
   42.7500000000000       0.978023077478082     
   43.0000000000000       0.978025088250138     
   43.2500000000000       0.978027071714452     
   43.5000000000000       0.978029028534770     
   43.7500000000000       0.978030959352157     
   44.0000000000000       0.978032864785944     
   44.2500000000000       0.978034745434534     
   44.5000000000000       0.978036601876332     
   44.7500000000000       0.978038434670452     
   45.0000000000000       0.978040244357536     
   45.2500000000000       0.978042031460466     
   45.5000000000000       0.978043796485061     
   45.7500000000000       0.978045539920758     
   46.0000000000000       0.978047262241258     
   46.2500000000000       0.978048963905111     
   46.5000000000000       0.978050645356337     
   46.7500000000000       0.978052307025005     
   47.0000000000000       0.978053949327708     
   47.2500000000000       0.978055572668157     
   47.5000000000000       0.978057177437585     
   47.7500000000000       0.978058764015344     
   48.0000000000000       0.978060332769246     
   48.2500000000000       0.978061884056073     
   48.5000000000000       0.978063418221959     
   48.7500000000000       0.978064935602764     
   49.0000000000000       0.978066436524525     
   49.2500000000000       0.978067921303757     
   49.5000000000000       0.978069390247858     
   49.7500000000000       0.978070843655451     
   50.0000000000000       0.978072281816626     
   50.2500000000000       0.978073705013313     
   50.5000000000000       0.978075113519587     
   50.7500000000000       0.978076507601930     
   51.0000000000000       0.978077887519516     
   51.2500000000000       0.978079253524433     
   51.5000000000000       0.978080605861968     
   51.7500000000000       0.978081944770893     
   52.0000000000000       0.978083270483619     
   52.2500000000000       0.978084583226428     
   52.5000000000000       0.978085883219705     
   52.7500000000000       0.978087170678198     
   53.0000000000000       0.978088445811073     
   53.2500000000000       0.978089708822228     
   53.5000000000000       0.978090959910458     
   53.7500000000000       0.978092199269553     
   54.0000000000000       0.978093427088519     
   54.2500000000000       0.978094643551769     
   54.5000000000000       0.978095848839195     
   54.7500000000000       0.978097043126362     
   55.0000000000000       0.978098226584653     
   55.2500000000000       0.978099399381412     
   55.5000000000000       0.978100561680043     
   55.7500000000000       0.978101713640161     
   56.0000000000000       0.978102855417701     
   56.2500000000000       0.978103987165036     
   56.5000000000000       0.978105109031105     
   56.7500000000000       0.978106221161481     
   57.0000000000000       0.978107323698493     
   57.2500000000000       0.978108416781365     
   57.5000000000000       0.978109500546251     
   57.7500000000000       0.978110575126364     
   58.0000000000000       0.978111640652065     
   58.2500000000000       0.978112697250956     
   58.5000000000000       0.978113745047845     
   58.7500000000000       0.978114784165037     
   59.0000000000000       0.978115814722234     
   59.2500000000000       0.978116836836677     
   59.5000000000000       0.978117850623261     
   59.7500000000000       0.978118856194506     
   60.0000000000000       0.978119853660671     
   60.2500000000000       0.978120843129849     
   60.5000000000000       0.978121824707930     
   60.7500000000000       0.978122798498839     
   61.0000000000000       0.978123764604362     
   61.2500000000000       0.978124723124382     
   61.5000000000000       0.978125674156869     
   61.7500000000000       0.978126617797893     
   62.0000000000000       0.978127554141759     
   62.2500000000000       0.978128483280978     
   62.5000000000000       0.978129405306319     
   62.7500000000000       0.978130320306961     
   63.0000000000000       0.978131228370367     
   63.2500000000000       0.978132129582483     
   63.5000000000000       0.978133024027633     
   63.7500000000000       0.978133911788656     
   64.0000000000000       0.978134792946941     
   64.2500000000000       0.978135667582419     
   64.5000000000000       0.978136535773635     
   64.7500000000000       0.978137397597790     
   65.0000000000000       0.978138253130694     
   65.2500000000000       0.978139102446892     
   65.5000000000000       0.978139945619669     
   65.7500000000000       0.978140782721014     
   66.0000000000000       0.978141613821772     
   66.2500000000000       0.978142438991534     
   66.5000000000000       0.978143258298838     
   66.7500000000000       0.978144071811011     
   67.0000000000000       0.978144879594291     
   67.2500000000000       0.978145681713827     
   67.5000000000000       0.978146478233734     
   67.7500000000000       0.978147269217110     
   68.0000000000000       0.978148054726045     
   68.2500000000000       0.978148834821618     
   68.5000000000000       0.978149609563890     
   68.7500000000000       0.978150379012096     
   69.0000000000000       0.978151143224495     
   69.2500000000000       0.978151902258392     
   69.5000000000000       0.978152656170278     
   69.7500000000000       0.978153405015739     
   70.0000000000000       0.978154148849567     
   70.2500000000000       0.978154887725642     
   70.5000000000000       0.978155621697024     
   70.7500000000000       0.978156350816123     
   71.0000000000000       0.978157075134412     
   71.2500000000000       0.978157794702640     
   71.5000000000000       0.978158509570831     
   71.7500000000000       0.978159219788279     
   72.0000000000000       0.978159925403520     
   72.2500000000000       0.978160626464389     
   72.5000000000000       0.978161323018081     
   72.7500000000000       0.978162015111042     
   73.0000000000000       0.978162702789103     
   73.2500000000000       0.978163386097437     
   73.5000000000000       0.978164065080516     
   73.7500000000000       0.978164739782307     
   74.0000000000000       0.978165410246034     
   74.2500000000000       0.978166076514329     
   74.5000000000000       0.978166738629276     
   74.7500000000000       0.978167396632407     
   75.0000000000000       0.978168050564595     
   75.2500000000000       0.978168700466253     
   75.5000000000000       0.978169346377132     
   75.7500000000000       0.978169988336497     
   76.0000000000000       0.978170626383079     
   76.2500000000000       0.978171260555072     
   76.5000000000000       0.978171890890164     
   76.7500000000000       0.978172517425544     
   77.0000000000000       0.978173140197941     
   77.2500000000000       0.978173759243540     
   77.5000000000000       0.978174374598056     
   77.7500000000000       0.978174986296719     
   78.0000000000000       0.978175594374339     
   78.2500000000000       0.978176198865256     
   78.5000000000000       0.978176799803374     
   78.7500000000000       0.978177397222113     
   79.0000000000000       0.978177991154502     
   79.2500000000000       0.978178581633151     
   79.5000000000000       0.978179168690219     
   79.7500000000000       0.978179752357508     
   80.0000000000000       0.978180332666324     
   80.2500000000000       0.978180909647678     
   80.5000000000000       0.978181483332115     
   80.7500000000000       0.978182053749827     
   81.0000000000000       0.978182620930591     
   81.2500000000000       0.978183184903919     
   81.5000000000000       0.978183745698828     
   81.7500000000000       0.978184303344081     
   82.0000000000000       0.978184857868004     
   82.2500000000000       0.978185409298647     
   82.5000000000000       0.978185957663622     
   82.7500000000000       0.978186502990282     
   83.0000000000000       0.978187045305632     
   83.2500000000000       0.978187584636306     
   83.5000000000000       0.978188121008677     
   83.7500000000000       0.978188654448764     
   84.0000000000000       0.978189184982295     
   84.2500000000000       0.978189712634659     
   84.5000000000000       0.978190237430972     
   84.7500000000000       0.978190759396051     
   85.0000000000000       0.978191278554375     
   85.2500000000000       0.978191794930178     
   85.5000000000000       0.978192308547412     
   85.7500000000000       0.978192819429733     
   86.0000000000000       0.978193327600545     
   86.2500000000000       0.978193833082885     
   86.5000000000000       0.978194335899626     
   86.7500000000000       0.978194836073339     
   87.0000000000000       0.978195333626344     
   87.2500000000000       0.978195828580711     
   87.5000000000000       0.978196320958222     
   87.7500000000000       0.978196810780408     
   88.0000000000000       0.978197298068603     
   88.2500000000000       0.978197782843903     
   88.5000000000000       0.978198265127060     
   88.7500000000000       0.978198744938776     
   89.0000000000000       0.978199222299314     
   89.2500000000000       0.978199697228849     
   89.5000000000000       0.978200169747264     
   89.7500000000000       0.978200639874243     
   90.0000000000000       0.978201107629243     
   90.2500000000000       0.978201573031519     
   90.5000000000000       0.978202036100105     
   90.7500000000000       0.978202496853815     
   91.0000000000000       0.978202955311278     
   91.2500000000000       0.978203411490920     
   91.5000000000000       0.978203865410933     
   91.7500000000000       0.978204317089341     
   92.0000000000000       0.978204766543961     
   92.2500000000000       0.978205213792402     
   92.5000000000000       0.978205658852087     
   92.7500000000000       0.978206101740268     
   93.0000000000000       0.978206542474021     
   93.2500000000000       0.978206981070224     
   93.5000000000000       0.978207417545569     
   93.7500000000000       0.978207851916570     
   94.0000000000000       0.978208284199572     
   94.2500000000000       0.978208714410735     
   94.5000000000000       0.978209142566045     
   94.7500000000000       0.978209568681358     
   95.0000000000000       0.978209992772313     
   95.2500000000000       0.978210414854441     
   95.5000000000000       0.978210834943044     
   95.7500000000000       0.978211253053310     
   96.0000000000000       0.978211669200272     
   96.2500000000000       0.978212083398764     
   96.5000000000000       0.978212495663491     
   96.7500000000000       0.978212906009096     
   97.0000000000000       0.978213314449907     
   97.2500000000000       0.978213721000184     
   97.5000000000000       0.978214125674069     
   97.7500000000000       0.978214528485519     
   98.0000000000000       0.978214929448351     
   98.2500000000000       0.978215328576291     
   98.5000000000000       0.978215725882822     
   98.7500000000000       0.978216121381420     
   99.0000000000000       0.978216515085359     
   99.2500000000000       0.978216907007752     
   99.5000000000000       0.978217297161632     
   99.7500000000000       0.978217685559869     
   100.000000000000       0.978218072215196     
   100.250000000000       0.978218457140275     
   100.500000000000       0.978218840347558     
   100.750000000000       0.978219221849459     
   101.000000000000       0.978219601658266     
   101.250000000000       0.978219979786097     
   101.500000000000       0.978220356244942     
   101.750000000000       0.978220731046730     
   102.000000000000       0.978221104203215     
   102.250000000000       0.978221475726079     
   102.500000000000       0.978221845626900     
   102.750000000000       0.978222213917046     
   103.000000000000       0.978222580607907     
   103.250000000000       0.978222945710714     
   103.500000000000       0.978223309236565     
   103.750000000000       0.978223671196445     
   104.000000000000       0.978224031601290     
   104.250000000000       0.978224390461902     
   104.500000000000       0.978224747788990     
   104.750000000000       0.978225103593102     
   105.000000000000       0.978225457884760     
   105.250000000000       0.978225810674369     
   105.500000000000       0.978226161972215     
   105.750000000000       0.978226511788519     
   106.000000000000       0.978226860133319     
   106.250000000000       0.978227207016674     
   106.500000000000       0.978227552448516     
   106.750000000000       0.978227896438685     
   107.000000000000       0.978228238996853     
   107.250000000000       0.978228580132683     
   107.500000000000       0.978228919855751     
   107.750000000000       0.978229258175529     
   108.000000000000       0.978229595101394     
   108.250000000000       0.978229930642645     
   108.500000000000       0.978230264808461     
   108.750000000000       0.978230597607971     
   109.000000000000       0.978230929050181     
   109.250000000000       0.978231259144101     
   109.500000000000       0.978231587898654     
   109.750000000000       0.978231915322606     
   110.000000000000       0.978232241424625     
   110.250000000000       0.978232566213369     
   110.500000000000       0.978232889697412     
   110.750000000000       0.978233211885262     
   111.000000000000       0.978233532785287     
   111.250000000000       0.978233852405877     
   111.500000000000       0.978234170755234     
   111.750000000000       0.978234487841614     
   112.000000000000       0.978234803673071     
   112.250000000000       0.978235118257681     
   112.500000000000       0.978235431603417     
   112.750000000000       0.978235743718159     
   113.000000000000       0.978236054609748     
   113.250000000000       0.978236364285912     
   113.500000000000       0.978236672754414     
   113.750000000000       0.978236980022891     
   114.000000000000       0.978237286098913     
   114.250000000000       0.978237590989927     
   114.500000000000       0.978237894703395     
   114.750000000000       0.978238197246642     
   115.000000000000       0.978238498627007     
   115.250000000000       0.978238798851744     
   115.500000000000       0.978239097928035     
   115.750000000000       0.978239395862994     
   116.000000000000       0.978239692663666     
   116.250000000000       0.978239988337069     
   116.500000000000       0.978240282890154     
   116.750000000000       0.978240576329813     
   117.000000000000       0.978240868662827     
   117.250000000000       0.978241159895948     
   117.500000000000       0.978241450035960     
   117.750000000000       0.978241739089478     
   118.000000000000       0.978242027063033     
   118.250000000000       0.978242313963255     
   118.500000000000       0.978242599796660     
   118.750000000000       0.978242884569590     
   119.000000000000       0.978243168288426     
   119.250000000000       0.978243450959573     
   119.500000000000       0.978243732589255     
   119.750000000000       0.978244013183705     
   120.000000000000       0.978244292749084     
   120.250000000000       0.978244571291557     
   120.500000000000       0.978244848817148     
   120.750000000000       0.978245125331906     
   121.000000000000       0.978245400841769     
   121.250000000000       0.978245675352691     
   121.500000000000       0.978245948870513     
   121.750000000000       0.978246221401113     
   122.000000000000       0.978246492950244     
   122.250000000000       0.978246763523693     
   122.500000000000       0.978247033127070     
   122.750000000000       0.978247301766067     
   123.000000000000       0.978247569446244     
   123.250000000000       0.978247836173173     
   123.500000000000       0.978248101952413     
   123.750000000000       0.978248366789378     
   124.000000000000       0.978248630689485     
   124.250000000000       0.978248893658117     
   124.500000000000       0.978249155700607     
   124.750000000000       0.978249416822271     
   125.000000000000       0.978249677028324     
   125.250000000000       0.978249936324036     
   125.500000000000       0.978250194714544     
   125.750000000000       0.978250452204965     
   126.000000000000       0.978250708800416     
   126.250000000000       0.978250964505916     
   126.500000000000       0.978251219326511     
   126.750000000000       0.978251473267187     
   127.000000000000       0.978251726332797     
   127.250000000000       0.978251978528300     
   127.500000000000       0.978252229858510     
   127.750000000000       0.978252480328289     
   128.000000000000       0.978252729942411     
   128.250000000000       0.978252978705630     
   128.500000000000       0.978253226622600     
   128.750000000000       0.978253473698083     
   129.000000000000       0.978253719936667     
   129.250000000000       0.978253965342952     
   129.500000000000       0.978254209921547     
   129.750000000000       0.978254453676934     
   130.000000000000       0.978254696613693     
   130.250000000000       0.978254938736222     
   130.500000000000       0.978255180048988     
   130.750000000000       0.978255420556392     
   131.000000000000       0.978255660262649     
   131.250000000000       0.978255899172316     
   131.500000000000       0.978256137289543     
   131.750000000000       0.978256374618678     
   132.000000000000       0.978256611163930     
   132.250000000000       0.978256846929547     
   132.500000000000       0.978257081919637     
   132.750000000000       0.978257316138416     
   133.000000000000       0.978257549589943     
   133.250000000000       0.978257782278260     
   133.500000000000       0.978258014207546     
   133.750000000000       0.978258245381769     
   134.000000000000       0.978258475804885     
   134.250000000000       0.978258705480921     
   134.500000000000       0.978258934413807     
   134.750000000000       0.978259162607376     
   135.000000000000       0.978259390065501     
   135.250000000000       0.978259616792146     
   135.500000000000       0.978259842791050     
   135.750000000000       0.978260068066032     
   136.000000000000       0.978260292620820     
   136.250000000000       0.978260516459309     
   136.500000000000       0.978260739585074     
   136.750000000000       0.978260962001843     
   137.000000000000       0.978261183713283     
   137.250000000000       0.978261404722955     
   137.500000000000       0.978261625034532     
   137.750000000000       0.978261844651642     
   138.000000000000       0.978262063577781     
   138.250000000000       0.978262281816524     
   138.500000000000       0.978262499371322     
   138.750000000000       0.978262716245651     
   139.000000000000       0.978262932443075     
   139.250000000000       0.978263147967012     
   139.500000000000       0.978263362820766     
   139.750000000000       0.978263577007821     
   140.000000000000       0.978263790531523     
   140.250000000000       0.978264003395137     
   140.500000000000       0.978264215602074     
   140.750000000000       0.978264427155576     
   141.000000000000       0.978264638058986     
   141.250000000000       0.978264848315491     
   141.500000000000       0.978265057928358     
   141.750000000000       0.978265266900731     
   142.000000000000       0.978265475235801     
   142.250000000000       0.978265682936765     
   142.500000000000       0.978265890006767     
   142.750000000000       0.978266096448862     
   143.000000000000       0.978266302266277     
   143.250000000000       0.978266507461958     
   143.500000000000       0.978266712038998     
   143.750000000000       0.978266916000427     
   144.000000000000       0.978267119349324     
   144.250000000000       0.978267322088589     
   144.500000000000       0.978267524221237     
   144.750000000000       0.978267725750223     
   145.000000000000       0.978267926678443     
   145.250000000000       0.978268127008839     
   145.500000000000       0.978268326744257     
   145.750000000000       0.978268525887688     
   146.000000000000       0.978268724441876     
   146.250000000000       0.978268922409717     
   146.500000000000       0.978269119794033     
   146.750000000000       0.978269316597593     
   147.000000000000       0.978269512823200     
   147.250000000000       0.978269708473598     
   147.500000000000       0.978269903551507     
   147.750000000000       0.978270098059706     
   148.000000000000       0.978270292000861     
   148.250000000000       0.978270485377613     
   148.500000000000       0.978270678192703     
   148.750000000000       0.978270870448792     
   149.000000000000       0.978271062148488     
   149.250000000000       0.978271253294483     
   149.500000000000       0.978271443889365     
   149.750000000000       0.978271633935668     
   150.000000000000       0.978271823435965     
   150.250000000000       0.978272012392756     
   150.500000000000       0.978272200808675     
   150.750000000000       0.978272388686246     
   151.000000000000       0.978272576027877     
   151.250000000000       0.978272762836172     
   151.500000000000       0.978272949113473     
   151.750000000000       0.978273134862299     
   152.000000000000       0.978273320085105     
   152.250000000000       0.978273504784258     
   152.500000000000       0.978273688962304     
   152.750000000000       0.978273872621495     
   153.000000000000       0.978274055764339     
   153.250000000000       0.978274238393076     
   153.500000000000       0.978274420510060     
   153.750000000000       0.978274602117745     
   154.000000000000       0.978274783218354     
   154.250000000000       0.978274963814215     
   154.500000000000       0.978275143907597     
   154.750000000000       0.978275323500802     
   155.000000000000       0.978275502596130     
   155.250000000000       0.978275681195759     
   155.500000000000       0.978275859301933     
   155.750000000000       0.978276036916890     
   156.000000000000       0.978276214042868     
   156.250000000000       0.978276390682020     
   156.500000000000       0.978276566836522     
   156.750000000000       0.978276742508521     
   157.000000000000       0.978276917700199     
   157.250000000000       0.978277092413637     
   157.500000000000       0.978277266651059     
   157.750000000000       0.978277440414551     
   158.000000000000       0.978277613706169     
   158.250000000000       0.978277786527989     
   158.500000000000       0.978277958882171     
   158.750000000000       0.978278130770738     
   159.000000000000       0.978278302195680     
   159.250000000000       0.978278473159102     
   159.500000000000       0.978278643663001     
   159.750000000000       0.978278813709371     
   160.000000000000       0.978278983300259     
   160.250000000000       0.978279152437562     
   160.500000000000       0.978279321123375     
   160.750000000000       0.978279489359618     
   161.000000000000       0.978279657148253     
   161.250000000000       0.978279824491139     
   161.500000000000       0.978279991390296     
   161.750000000000       0.978280157847649     
   162.000000000000       0.978280323864993     
   162.250000000000       0.978280489444271     
   162.500000000000       0.978280654587408     
   162.750000000000       0.978280819296296     
   163.000000000000       0.978280983572709     
   163.250000000000       0.978281147418546     
   163.500000000000       0.978281310835674     
   163.750000000000       0.978281473825911     
   164.000000000000       0.978281636391000     
   164.250000000000       0.978281798532814     
   164.500000000000       0.978281960253154     
   164.750000000000       0.978282121553711     
   165.000000000000       0.978282282436311     
   165.250000000000       0.978282442902810     
   165.500000000000       0.978282602954872     
   165.750000000000       0.978282762594264     
   166.000000000000       0.978282921822732     
   166.250000000000       0.978283080641971     
   166.500000000000       0.978283239053749     
   166.750000000000       0.978283397059729     
   167.000000000000       0.978283554661548     
   167.250000000000       0.978283711860943     
   167.500000000000       0.978283868659650     
   167.750000000000       0.978284025059274     
   168.000000000000       0.978284181061431     
   168.250000000000       0.978284336667889     
   168.500000000000       0.978284491880126     
   168.750000000000       0.978284646699871     
   169.000000000000       0.978284801128738     
   169.250000000000       0.978284955168248     
   169.500000000000       0.978285108820109     
   169.750000000000       0.978285262085919     
   170.000000000000       0.978285414967152     
   170.250000000000       0.978285567465435     
   170.500000000000       0.978285719582407     
   170.750000000000       0.978285871319511     
   171.000000000000       0.978286022678288     
   171.250000000000       0.978286173660357     
   171.500000000000       0.978286324267184     
   171.750000000000       0.978286474500315     
   172.000000000000       0.978286624361286     
   172.250000000000       0.978286773851605     
   172.500000000000       0.978286922972747     
   172.750000000000       0.978287071726167     
   173.000000000000       0.978287220113372     
   173.250000000000       0.978287368135808     
   173.500000000000       0.978287515794984     
   173.750000000000       0.978287663092256     
   174.000000000000       0.978287810029141     
   174.250000000000       0.978287956607102     
   174.500000000000       0.978288102827488     
   174.750000000000       0.978288248691826     
   175.000000000000       0.978288394201478     
   175.250000000000       0.978288539357827     
   175.500000000000       0.978288684162327     
   175.750000000000       0.978288828616325     
   176.000000000000       0.978288972721224     
   176.250000000000       0.978289116478396     
   176.500000000000       0.978289259889211     
   176.750000000000       0.978289402955030     
   177.000000000000       0.978289545677171     
   177.250000000000       0.978289688056932     
   177.500000000000       0.978289830095769     
   177.750000000000       0.978289971794986     
   178.000000000000       0.978290113155914     
   178.250000000000       0.978290254179868     
   178.500000000000       0.978290394868104     
   178.750000000000       0.978290535221982     
   179.000000000000       0.978290675242694     
   179.250000000000       0.978290814931655     
   179.500000000000       0.978290954290136     
   179.750000000000       0.978291093319454     
   180.000000000000       0.978291232020768     
   180.250000000000       0.978291370395334     
   180.500000000000       0.978291508444452     
   180.750000000000       0.978291646169333     
   181.000000000000       0.978291783571287     
   181.250000000000       0.978291920651466     
   181.500000000000       0.978292057411159     
   181.750000000000       0.978292193851612     
   182.000000000000       0.978292329974006     
   182.250000000000       0.978292465779620     
   182.500000000000       0.978292601269531     
   182.750000000000       0.978292736444985     
   183.000000000000       0.978292871307197     
   183.250000000000       0.978293005857339     
   183.500000000000       0.978293140096542     
   183.750000000000       0.978293274026017     
   184.000000000000       0.978293407646944     
   184.250000000000       0.978293540960522     
   184.500000000000       0.978293673967855     
   184.750000000000       0.978293806670020     
   185.000000000000       0.978293939068229     
   185.250000000000       0.978294071163654     
   185.500000000000       0.978294202957389     
   185.750000000000       0.978294334450617     
   186.000000000000       0.978294465644359     
   186.250000000000       0.978294596539757     
   186.500000000000       0.978294727137943     
   186.750000000000       0.978294857439984     
   187.000000000000       0.978294987446985     
   187.250000000000       0.978295117160039     
   187.500000000000       0.978295246580228     
   187.750000000000       0.978295375708704     
   188.000000000000       0.978295504546430     
   188.250000000000       0.978295633094538     
   188.500000000000       0.978295761354075     
   188.750000000000       0.978295889326035     
   189.000000000000       0.978296017011478     
   189.250000000000       0.978296144411589     
   189.500000000000       0.978296271527384     
   189.750000000000       0.978296398359786     
   190.000000000000       0.978296524909879     
   190.250000000000       0.978296651178747     
   190.500000000000       0.978296777167323     
   190.750000000000       0.978296902876647     
   191.000000000000       0.978297028307687     
   191.250000000000       0.978297153461462     
   191.500000000000       0.978297278339049     
   191.750000000000       0.978297402941402     
   192.000000000000       0.978297527269500     
   192.250000000000       0.978297651324346     
   192.500000000000       0.978297775106896     
   192.750000000000       0.978297898618146     
   193.000000000000       0.978298021859114     
   193.250000000000       0.978298144830670     
   193.500000000000       0.978298267533791     
   193.750000000000       0.978298389969551     
   194.000000000000       0.978298512138764     
   194.250000000000       0.978298634042383     
   194.500000000000       0.978298755681356     
   194.750000000000       0.978298877056633     
   195.000000000000       0.978298998169188     
   195.250000000000       0.978299119020010     
   195.500000000000       0.978299239609894     
   195.750000000000       0.978299359939779     
   196.000000000000       0.978299480010619     
   196.250000000000       0.978299599823364     
   196.500000000000       0.978299719378858     
   196.750000000000       0.978299838677991     
   197.000000000000       0.978299957721712     
   197.250000000000       0.978300076510870     
   197.500000000000       0.978300195046398     
   197.750000000000       0.978300313329080     
   198.000000000000       0.978300431359923     
   198.250000000000       0.978300549139699     
   198.500000000000       0.978300666669371     
   198.750000000000       0.978300783949815     
   199.000000000000       0.978300900981729     
   199.250000000000       0.978301017766113     
   199.500000000000       0.978301134303827     
   199.750000000000       0.978301250595709     
   200.000000000000       0.978301366642537     
   200.250000000000       0.978301482445254     
   200.500000000000       0.978301598004648     
   200.750000000000       0.978301713321520     
   201.000000000000       0.978301828396801     
   201.250000000000       0.978301943231180     
   201.500000000000       0.978302057825556     
   201.750000000000       0.978302172180801     
   202.000000000000       0.978302286297678     
   202.250000000000       0.978302400176929     
   202.500000000000       0.978302513819429     
   202.750000000000       0.978302627226004     
   203.000000000000       0.978302740397450     
   203.250000000000       0.978302853334526     
   203.500000000000       0.978302966037944     
   203.750000000000       0.978303078508688     
   204.000000000000       0.978303190747454     
   204.250000000000       0.978303302754979     
   204.500000000000       0.978303414532113     
   204.750000000000       0.978303526079651     
   205.000000000000       0.978303637398247     
   205.250000000000       0.978303748488789     
   205.500000000000       0.978303859351922     
   205.750000000000       0.978303969988374     
   206.000000000000       0.978304080399062     
   206.250000000000       0.978304190584715     
   206.500000000000       0.978304300545973     
   206.750000000000       0.978304410283715     
   207.000000000000       0.978304519798587     
   207.250000000000       0.978304629091341     
   207.500000000000       0.978304738162671     
   207.750000000000       0.978304847013409     
   208.000000000000       0.978304955644228     
   208.250000000000       0.978305064055898     
   208.500000000000       0.978305172249080     
   208.750000000000       0.978305280224521     
   209.000000000000       0.978305387983000     
   209.250000000000       0.978305495525186     
   209.500000000000       0.978305602851737     
   209.750000000000       0.978305709963334     
   210.000000000000       0.978305816860744     
   210.250000000000       0.978305923544685     
   210.500000000000       0.978306030015867     
   210.750000000000       0.978306136274952     
   211.000000000000       0.978306242322601     
   211.250000000000       0.978306348159489     
   211.500000000000       0.978306453786304     
   211.750000000000       0.978306559203779     
   212.000000000000       0.978306664412568     
   212.250000000000       0.978306769413376     
   212.500000000000       0.978306874206876     
   212.750000000000       0.978306978793729     
   213.000000000000       0.978307083174530     
   213.250000000000       0.978307187350010     
   213.500000000000       0.978307291320786     
   213.750000000000       0.978307395087571     
   214.000000000000       0.978307498651043     
   214.250000000000       0.978307602011771     
   214.500000000000       0.978307705170389     
   214.750000000000       0.978307808127585     
   215.000000000000       0.978307910884081     
   215.250000000000       0.978308013440334     
   215.500000000000       0.978308115797114     
   215.750000000000       0.978308217954983     
   216.000000000000       0.978308319914661     
   216.250000000000       0.978308421676794     
   216.500000000000       0.978308523241905     
   216.750000000000       0.978308624610637     
   217.000000000000       0.978308725783627     
   217.250000000000       0.978308826761439     
   217.500000000000       0.978308927544812     
   217.750000000000       0.978309028134393     
   218.000000000000       0.978309128530589     
   218.250000000000       0.978309228734109     
   218.500000000000       0.978309328745629     
   218.750000000000       0.978309428565580     
   219.000000000000       0.978309528194687     
   219.250000000000       0.978309627633558     
   219.500000000000       0.978309726882729     
   219.750000000000       0.978309825942783     
   220.000000000000       0.978309924814377     
   220.250000000000       0.978310023498059     
   220.500000000000       0.978310121994376     
   220.750000000000       0.978310220303916     
   221.000000000000       0.978310318427321     
   221.250000000000       0.978310416365103     
   221.500000000000       0.978310514117841     
   221.750000000000       0.978310611686213     
   222.000000000000       0.978310709070709     
   222.250000000000       0.978310806271910     
   222.500000000000       0.978310903290356     
   222.750000000000       0.978311000126583     
   223.000000000000       0.978311096781215     
   223.250000000000       0.978311193254706     
   223.500000000000       0.978311289547674     
   223.750000000000       0.978311385660745     
   224.000000000000       0.978311481594364     
   224.250000000000       0.978311577349110     
   224.500000000000       0.978311672925460     
   224.750000000000       0.978311768324116     
   225.000000000000       0.978311863545503     
   225.250000000000       0.978311958590304     
   225.500000000000       0.978312053458910     
   225.750000000000       0.978312148151838     
   226.000000000000       0.978312242669648     
   226.250000000000       0.978312337012884     
   226.500000000000       0.978312431182066     
   226.750000000000       0.978312525177800     
   227.000000000000       0.978312619000493     
   227.250000000000       0.978312712650727     
   227.500000000000       0.978312806128989     
   227.750000000000       0.978312899435876     
   228.000000000000       0.978312992571783     
   228.250000000000       0.978313085537269     
   228.500000000000       0.978313178332853     
   228.750000000000       0.978313270959057     
   229.000000000000       0.978313363416389     
   229.250000000000       0.978313455705258     
   229.500000000000       0.978313547826286     
   229.750000000000       0.978313639779889     
   230.000000000000       0.978313731566659     
   230.250000000000       0.978313823187056     
   230.500000000000       0.978313914641533     
   230.750000000000       0.978314005930671     
   231.000000000000       0.978314097054875     
   231.250000000000       0.978314188014594     
   231.500000000000       0.978314278810331     
   231.750000000000       0.978314369442632     
   232.000000000000       0.978314459911952     
   232.250000000000       0.978314550218760     
   232.500000000000       0.978314640363547     
   232.750000000000       0.978314730346808     
   233.000000000000       0.978314820168954     
   233.250000000000       0.978314909830459     
   233.500000000000       0.978314999331915     
   233.750000000000       0.978315088673690     
   234.000000000000       0.978315177856278     
   234.250000000000       0.978315266880116     
   234.500000000000       0.978315355745693     
   234.750000000000       0.978315444453426     
   235.000000000000       0.978315533003739     
   235.250000000000       0.978315621397194     
   235.500000000000       0.978315709634169     
   235.750000000000       0.978315797715213     
   236.000000000000       0.978315885640749     
   236.250000000000       0.978315973411140     
   236.500000000000       0.978316061026931     
   236.750000000000       0.978316148488508     
   237.000000000000       0.978316235796277     
   237.250000000000       0.978316322950727     
   237.500000000000       0.978316409952344     
   237.750000000000       0.978316496801534     
   238.000000000000       0.978316583498698     
   238.250000000000       0.978316670044356     
   238.500000000000       0.978316756438838     
   238.750000000000       0.978316842682585     
   239.000000000000       0.978316928776096     
   239.250000000000       0.978317014719754     
   239.500000000000       0.978317100514046     
   239.750000000000       0.978317186159406     
   240.000000000000       0.978317271656212     
   240.250000000000       0.978317357004815     
   240.500000000000       0.978317442205662     
   240.750000000000       0.978317527259226     
   241.000000000000       0.978317612165887     
   241.250000000000       0.978317696926090     
   241.500000000000       0.978317781540225     
   241.750000000000       0.978317866008680     
   242.000000000000       0.978317950331889     
   242.250000000000       0.978318034510326     
   242.500000000000       0.978318118544279     
   242.750000000000       0.978318202434147     
   243.000000000000       0.978318286180541     
   243.250000000000       0.978318369783786     
   243.500000000000       0.978318453244220     
   243.750000000000       0.978318536562114     
   244.000000000000       0.978318619737968     
   244.250000000000       0.978318702772251     
   244.500000000000       0.978318785665384     
   244.750000000000       0.978318868417651     
   245.000000000000       0.978318951029512     
   245.250000000000       0.978319033501269     
   245.500000000000       0.978319115833339     
   245.750000000000       0.978319198026160     
   246.000000000000       0.978319280080111     
   246.250000000000       0.978319361995590     
   246.500000000000       0.978319443772911     
   246.750000000000       0.978319525412518     
   247.000000000000       0.978319606914815     
   247.250000000000       0.978319688280068     
   247.500000000000       0.978319769508697     
   247.750000000000       0.978319850601132     
   248.000000000000       0.978319931557739     
   248.250000000000       0.978320012378793     
   248.500000000000       0.978320093064778     
   248.750000000000       0.978320173615950     
   249.000000000000       0.978320254032799     
   249.250000000000       0.978320334315699     
   249.500000000000       0.978320414464882     
   249.750000000000       0.978320494480827     
   250.000000000000       0.978320574363835     
   250.250000000000       0.978320654114356     
   250.500000000000       0.978320733732615     
   250.750000000000       0.978320813219029     
   251.000000000000       0.978320892573938     
   251.250000000000       0.978320971797714     
   251.500000000000       0.978321050890695     
   251.750000000000       0.978321129853320     
   252.000000000000       0.978321208685965     
   252.250000000000       0.978321287388863     
   252.500000000000       0.978321365962369     
   252.750000000000       0.978321444406842     
   253.000000000000       0.978321522722738     
   253.250000000000       0.978321600910194     
   253.500000000000       0.978321678969776     
   253.750000000000       0.978321756901648     
   254.000000000000       0.978321834706247     
   254.250000000000       0.978321912383862     
   254.500000000000       0.978321989934843     
   254.750000000000       0.978322067359569     
   255.000000000000       0.978322144658446     
   255.250000000000       0.978322221831655     
   255.500000000000       0.978322298879631     
   255.750000000000       0.978322375802670     
   256.000000000000       0.978322452600998     
   256.250000000000       0.978322529275133     
   256.500000000000       0.978322605825240     
   256.750000000000       0.978322682251799     
   257.000000000000       0.978322758555072     
   257.250000000000       0.978322834735382     
   257.500000000000       0.978322910793086     
   257.750000000000       0.978322986728395     
   258.000000000000       0.978323062541767     
   258.250000000000       0.978323138233475     
   258.500000000000       0.978323213803826     
   258.750000000000       0.978323289253078     
   259.000000000000       0.978323364581669     
   259.250000000000       0.978323439789800     
   259.500000000000       0.978323514877910     
   259.750000000000       0.978323589846213     
   260.000000000000       0.978323664695065     
   260.250000000000       0.978323739424700     
   260.500000000000       0.978323814035509     
   260.750000000000       0.978323888527797     
   261.000000000000       0.978323962901858     
   261.250000000000       0.978324037157974     
   261.500000000000       0.978324111296564     
   261.750000000000       0.978324185317872     
   262.000000000000       0.978324259222160     
   262.250000000000       0.978324333009779     
   262.500000000000       0.978324406680993     
   262.750000000000       0.978324480236041     
   263.000000000000       0.978324553675265     
   263.250000000000       0.978324626999044     
   263.500000000000       0.978324700207615     
   263.750000000000       0.978324773301293     
   264.000000000000       0.978324846280405     
   264.250000000000       0.978324919145150     
   264.500000000000       0.978324991895818     
   264.750000000000       0.978325064532818     
   265.000000000000       0.978325137056405     
   265.250000000000       0.978325209466820     
   265.500000000000       0.978325281764365     
   265.750000000000       0.978325353949379     
   266.000000000000       0.978325426022083     
   266.250000000000       0.978325497982818     
   266.500000000000       0.978325569831799     
   266.750000000000       0.978325641569395     
   267.000000000000       0.978325713195845     
   267.250000000000       0.978325784711454     
   267.500000000000       0.978325856116458     
   267.750000000000       0.978325927411150     
   268.000000000000       0.978325998595856     
   268.250000000000       0.978326069670824     
   268.500000000000       0.978326140636299     
   268.750000000000       0.978326211492576     
   269.000000000000       0.978326282239905     
   269.250000000000       0.978326352878587     
   269.500000000000       0.978326423408878     
   269.750000000000       0.978326493831106     
   270.000000000000       0.978326564145527     
   270.250000000000       0.978326634352400     
   270.500000000000       0.978326704452019     
   270.750000000000       0.978326774444626     
   271.000000000000       0.978326844330387     
   271.250000000000       0.978326914109654     
   271.500000000000       0.978326983782748     
   271.750000000000       0.978327053349881     
   272.000000000000       0.978327122811430     
   272.250000000000       0.978327192167539     
   272.500000000000       0.978327261418344     
   272.750000000000       0.978327330564267     
   273.000000000000       0.978327399605578     
   273.250000000000       0.978327468542521     
   273.500000000000       0.978327537375311     
   273.750000000000       0.978327606104284     
   274.000000000000       0.978327674729661     
   274.250000000000       0.978327743251693     
   274.500000000000       0.978327811670575     
   274.750000000000       0.978327879986659     
   275.000000000000       0.978327948200095     
   275.250000000000       0.978328016311248     
   275.500000000000       0.978328084320372     
   275.750000000000       0.978328152227594     
   276.000000000000       0.978328220033195     
   276.250000000000       0.978328287737486     
   276.500000000000       0.978328355340621     
   276.750000000000       0.978328422842984     
   277.000000000000       0.978328490244699     
   277.250000000000       0.978328557546107     
   277.500000000000       0.978328624747418     
   277.750000000000       0.978328691848868     
   278.000000000000       0.978328758850735     
   278.250000000000       0.978328825753144     
   278.500000000000       0.978328892556441     
   278.750000000000       0.978328959260771     
   279.000000000000       0.978329025866491     
   279.250000000000       0.978329092373800     
   279.500000000000       0.978329158782991     
   279.750000000000       0.978329225094183     
   280.000000000000       0.978329291307664     
   280.250000000000       0.978329357423676     
   280.500000000000       0.978329423442520     
   280.750000000000       0.978329489364330     
   281.000000000000       0.978329555189347     
   281.250000000000       0.978329620917846     
   281.500000000000       0.978329686550126     
   281.750000000000       0.978329752086236     
   282.000000000000       0.978329817526517     
   282.250000000000       0.978329882871177     
   282.500000000000       0.978329948120553     
   282.750000000000       0.978330013274721     
   283.000000000000       0.978330078333855     
   283.250000000000       0.978330143298422     
   283.500000000000       0.978330208168588     
   283.750000000000       0.978330272944401     
   284.000000000000       0.978330337626261     
   284.250000000000       0.978330402214262     
   284.500000000000       0.978330466708584     
   284.750000000000       0.978330531109590     
   285.000000000000       0.978330595417495     
   285.250000000000       0.978330659632522     
   285.500000000000       0.978330723754862     
   285.750000000000       0.978330787784767     
   286.000000000000       0.978330851722421     
   286.250000000000       0.978330915567999     
   286.500000000000       0.978330979321722     
   286.750000000000       0.978331042983797     
   287.000000000000       0.978331106554510     
   287.250000000000       0.978331170034081     
   287.500000000000       0.978331233422761     
   287.750000000000       0.978331296720668     
   288.000000000000       0.978331359928047     
   288.250000000000       0.978331423045046     
   288.500000000000       0.978331486072002     
   288.750000000000       0.978331549008969     
   289.000000000000       0.978331611856273     
   289.250000000000       0.978331674614174     
   289.500000000000       0.978331737282786     
   289.750000000000       0.978331799862322     
   290.000000000000       0.978331862352954     
   290.250000000000       0.978331924755000     
   290.500000000000       0.978331987068565     
   290.750000000000       0.978332049293912     
   291.000000000000       0.978332111431204     
   291.250000000000       0.978332173480638     
   291.500000000000       0.978332235442463     
   291.750000000000       0.978332297316993     
   292.000000000000       0.978332359104264     
   292.250000000000       0.978332420804431     
   292.500000000000       0.978332482417826     
   292.750000000000       0.978332543944639     
   293.000000000000       0.978332605385027     
   293.250000000000       0.978332666739080     
   293.500000000000       0.978332728007228     
   293.750000000000       0.978332789189502     
   294.000000000000       0.978332850286229     
   294.250000000000       0.978332911297532     
   294.500000000000       0.978332972223521     
   294.750000000000       0.978333033064554     
   295.000000000000       0.978333093820642     
   295.250000000000       0.978333154492104     
   295.500000000000       0.978333215079151     
   295.750000000000       0.978333275581969     
   296.000000000000       0.978333336000737     
   296.250000000000       0.978333396335638     
   296.500000000000       0.978333456586789     
   296.750000000000       0.978333516754402     
   297.000000000000       0.978333576838731     
   297.250000000000       0.978333636839835     
   297.500000000000       0.978333696758145     
   297.750000000000       0.978333756593776     
   298.000000000000       0.978333816346817     
   298.250000000000       0.978333876017408     
   298.500000000000       0.978333935605843     
   298.750000000000       0.978333995112246     
   299.000000000000       0.978334054536851     
   299.250000000000       0.978334113879774     
   299.500000000000       0.978334173141249     
   299.750000000000       0.978334232321559     
   300.000000000000       0.978334291420823     
   300.250000000000       0.978334350439162     
   300.500000000000       0.978334409376780     
   300.750000000000       0.978334468233891     
   301.000000000000       0.978334527010692     
   301.250000000000       0.978334585707227     
   301.500000000000       0.978334644323723     
   301.750000000000       0.978334702860397     
   302.000000000000       0.978334761317567     
   302.250000000000       0.978334819695214     
   302.500000000000       0.978334877993669     
   302.750000000000       0.978334936212945     
   303.000000000000       0.978334994353254     
   303.250000000000       0.978335052414802     
   303.500000000000       0.978335110397780     
   303.750000000000       0.978335168302290     
   304.000000000000       0.978335226128650     
   304.250000000000       0.978335283876967     
   304.500000000000       0.978335341547381     
   304.750000000000       0.978335399140142     
   305.000000000000       0.978335456655276     
   305.250000000000       0.978335514093079     
   305.500000000000       0.978335571453617     
   305.750000000000       0.978335628737164     
   306.000000000000       0.978335685943878     
   306.250000000000       0.978335743073876     
   306.500000000000       0.978335800127396     
   306.750000000000       0.978335857104554     
   307.000000000000       0.978335914005443     
   307.250000000000       0.978335970830405     
   307.500000000000       0.978336027579452     
   307.750000000000       0.978336084252863     
   308.000000000000       0.978336140850754     
   308.250000000000       0.978336197373340     
   308.500000000000       0.978336253820622     
   308.750000000000       0.978336310192856     
   309.000000000000       0.978336366490249     
   309.250000000000       0.978336422713015     
   309.500000000000       0.978336478861202     
   309.750000000000       0.978336534934943     
   310.000000000000       0.978336590934513     
   310.250000000000       0.978336646860110     
   310.500000000000       0.978336702711784     
   310.750000000000       0.978336758489663     
   311.000000000000       0.978336814193939     
   311.250000000000       0.978336869824866     
   311.500000000000       0.978336925382497     
   311.750000000000       0.978336980867123     
   312.000000000000       0.978337036278771     
   312.250000000000       0.978337091617581     
   312.500000000000       0.978337146883791     
   312.750000000000       0.978337202077538     
   313.000000000000       0.978337257199010     
   313.250000000000       0.978337312248272     
   313.500000000000       0.978337367225568     
   313.750000000000       0.978337422130959     
   314.000000000000       0.978337476964703     
   314.250000000000       0.978337531726876     
   314.500000000000       0.978337586417681     
   314.750000000000       0.978337641037247     
   315.000000000000       0.978337695585670     
   315.250000000000       0.978337750063222     
   315.500000000000       0.978337804470015     
   315.750000000000       0.978337858806224     
   316.000000000000       0.978337913071876     
   316.250000000000       0.978337967267205     
   316.500000000000       0.978338021392356     
   316.750000000000       0.978338075447467     
   317.000000000000       0.978338129432586     
   317.250000000000       0.978338183348057     
   317.500000000000       0.978338237194009     
   317.750000000000       0.978338290970514     
   318.000000000000       0.978338344677640     
   318.250000000000       0.978338398315649     
   318.500000000000       0.978338451884685     
   318.750000000000       0.978338505384889     
   319.000000000000       0.978338558816323     
   319.250000000000       0.978338612179190     
   319.500000000000       0.978338665473660     
   319.750000000000       0.978338718699815     
   320.000000000000       0.978338771857876     
   320.250000000000       0.978338824947962     
   320.500000000000       0.978338877970166     
   320.750000000000       0.978338930924683     
   321.000000000000       0.978338983811699     
   321.250000000000       0.978339036631266     
   321.500000000000       0.978339089383606     
   321.750000000000       0.978339142068711     
   322.000000000000       0.978339194686816     
   322.250000000000       0.978339247238012     
   322.500000000000       0.978339299722534     
   322.750000000000       0.978339352140507     
   323.000000000000       0.978339404491935     
   323.250000000000       0.978339456777106     
   323.500000000000       0.978339508996196     
   323.750000000000       0.978339561149254     
   324.000000000000       0.978339613236402     
   324.250000000000       0.978339665257780     
   324.500000000000       0.978339717213460     
   324.750000000000       0.978339769103708     
   325.000000000000       0.978339820928574     
   325.250000000000       0.978339872688165     
   325.500000000000       0.978339924382812     
   325.750000000000       0.978339976012506     
   326.000000000000       0.978340027577396     
   326.250000000000       0.978340079077602     
   326.500000000000       0.978340130513264     
   326.750000000000       0.978340181884466     
   327.000000000000       0.978340233191411     
   327.250000000000       0.978340284434175     
   327.500000000000       0.978340335612901     
   327.750000000000       0.978340386727755     
   328.000000000000       0.978340437778858     
   328.250000000000       0.978340488766320     
   328.500000000000       0.978340539690268     
   328.750000000000       0.978340590550860     
   329.000000000000       0.978340641348298     
   329.250000000000       0.978340692082687     
   329.500000000000       0.978340742753904     
   329.750000000000       0.978340793362442     
   330.000000000000       0.978340843908229     
   330.250000000000       0.978340894391392     
   330.500000000000       0.978340944812081     
   330.750000000000       0.978340995170414     
   331.000000000000       0.978341045466587     
   331.250000000000       0.978341095700533     
   331.500000000000       0.978341145872643     
   331.750000000000       0.978341195982804     
   332.000000000000       0.978341246031360     
   332.250000000000       0.978341296018360     
   332.500000000000       0.978341345943916     
   332.750000000000       0.978341395808035     
   333.000000000000       0.978341445610946     
   333.250000000000       0.978341495352750     
   333.500000000000       0.978341545033796     
   333.750000000000       0.978341594653840     
   334.000000000000       0.978341644213201     
   334.250000000000       0.978341693711871     
   334.500000000000       0.978341743149994     
   334.750000000000       0.978341792527856     
   335.000000000000       0.978341841845448     
   335.250000000000       0.978341891103032     
   335.500000000000       0.978341940300493     
   335.750000000000       0.978341989438216     
   336.000000000000       0.978342038516084     
   336.250000000000       0.978342087534234     
   336.500000000000       0.978342136493030     
   336.750000000000       0.978342185392229     
   337.000000000000       0.978342234232225     
   337.250000000000       0.978342283013160     
   337.500000000000       0.978342331735065     
   337.750000000000       0.978342380397905     
   338.000000000000       0.978342429002005     
   338.250000000000       0.978342477547412     
   338.500000000000       0.978342526034225     
   338.750000000000       0.978342574462594     
   339.000000000000       0.978342622832658     
   339.250000000000       0.978342671144430     
   339.500000000000       0.978342719398046     
   339.750000000000       0.978342767593672     
   340.000000000000       0.978342815731350     
   340.250000000000       0.978342863811312     
   340.500000000000       0.978342911833679     
   340.750000000000       0.978342959798491     
   341.000000000000       0.978343007705815     
   341.250000000000       0.978343055555882     
   341.500000000000       0.978343103348633     
   341.750000000000       0.978343151084373     
   342.000000000000       0.978343198763066     
   342.250000000000       0.978343246384888     
   342.500000000000       0.978343293950041     
   342.750000000000       0.978343341458439     
   343.000000000000       0.978343388910379     
   343.250000000000       0.978343436305850     
   343.500000000000       0.978343483645075     
   343.750000000000       0.978343530928040     
   344.000000000000       0.978343578154860     
   344.250000000000       0.978343625325683     
   344.500000000000       0.978343672440595     
   344.750000000000       0.978343719499838     
   345.000000000000       0.978343766503319     
   345.250000000000       0.978343813451246     
   345.500000000000       0.978343860343819     
   345.750000000000       0.978343907181007     
   346.000000000000       0.978343953962954     
   346.250000000000       0.978344000689776     
   346.500000000000       0.978344047361597     
   346.750000000000       0.978344093978545     
   347.000000000000       0.978344140540745     
   347.250000000000       0.978344187048143     
   347.500000000000       0.978344233501002     
   347.750000000000       0.978344279899276     
   348.000000000000       0.978344326243119     
   348.250000000000       0.978344372532608     
   348.500000000000       0.978344418768039     
   348.750000000000       0.978344464949433     
   349.000000000000       0.978344511076753     
   349.250000000000       0.978344557150337     
   349.500000000000       0.978344603170086     
   349.750000000000       0.978344649136174     
   350.000000000000       0.978344695048800     
   350.250000000000       0.978344740907930     
   350.500000000000       0.978344786713763     
   350.750000000000       0.978344832466250     
   351.000000000000       0.978344878165553     
   351.250000000000       0.978344923811818     
   351.500000000000       0.978344969405220     
   351.750000000000       0.978345014945688     
   352.000000000000       0.978345060433416     
   352.250000000000       0.978345105868416     
   352.500000000000       0.978345151251027     
   352.750000000000       0.978345196581226     
   353.000000000000       0.978345241859109     
   353.250000000000       0.978345287084619     
   353.500000000000       0.978345332258007     
   353.750000000000       0.978345377379370     
   354.000000000000       0.978345422448644     
   354.250000000000       0.978345467466175     
   354.500000000000       0.978345512431879     
   354.750000000000       0.978345557346014     
   355.000000000000       0.978345602208618     
   355.250000000000       0.978345647019768     
   355.500000000000       0.978345691779575     
   355.750000000000       0.978345736487981     
   356.000000000000       0.978345781145197     
   356.250000000000       0.978345825751435     
   356.500000000000       0.978345870306635     
   356.750000000000       0.978345914810896     
   357.000000000000       0.978345959264382     
   357.250000000000       0.978346003667233     
   357.500000000000       0.978346048019455     
   357.750000000000       0.978346092321261     
   358.000000000000       0.978346136572709     
   358.250000000000       0.978346180773806     
   358.500000000000       0.978346224924628     
   358.750000000000       0.978346269025388     
   359.000000000000       0.978346313075979     
   359.250000000000       0.978346357076754     
   359.500000000000       0.978346401027538     
   359.750000000000       0.978346444928580     
   360.000000000000       0.978346488779993     
   360.250000000000       0.978346532581872     
   360.500000000000       0.978346576334258     
   360.750000000000       0.978346620037206     
   361.000000000000       0.978346663690871     
   361.250000000000       0.978346707295371     
   361.500000000000       0.978346750850755     
   361.750000000000       0.978346794357178     
   362.000000000000       0.978346837814645     
   362.250000000000       0.978346881223214     
   362.500000000000       0.978346924583053     
   362.750000000000       0.978346967894183     
   363.000000000000       0.978347011156713     
   363.250000000000       0.978347054370783     
   363.500000000000       0.978347097536371     
   363.750000000000       0.978347140653862     
   364.000000000000       0.978347183723097     
   364.250000000000       0.978347226744201     
   364.500000000000       0.978347269717333     
   364.750000000000       0.978347312642419     
   365.000000000000       0.978347355519647     
   365.250000000000       0.978347398349082     
   365.500000000000       0.978347441130756     
   365.750000000000       0.978347483864859     
   366.000000000000       0.978347526551496     
   366.250000000000       0.978347569190724     
   366.500000000000       0.978347611782611     
   366.750000000000       0.978347654327272     
   367.000000000000       0.978347696824704     
   367.250000000000       0.978347739275063     
   367.500000000000       0.978347781678454     
   367.750000000000       0.978347824034847     
   368.000000000000       0.978347866344546     
   368.250000000000       0.978347908607400     
   368.500000000000       0.978347950823741     
   368.750000000000       0.978347992993345     
   369.000000000000       0.978348035116510     
   369.250000000000       0.978348077193195     
   369.500000000000       0.978348119223613     
   369.750000000000       0.978348161207742     
   370.000000000000       0.978348203145869     
   370.250000000000       0.978348245037806     
   370.500000000000       0.978348286883872     
   370.750000000000       0.978348328684035     
   371.000000000000       0.978348370438254     
   371.250000000000       0.978348412146831     
   371.500000000000       0.978348453809842     
   371.750000000000       0.978348495427206     
   372.000000000000       0.978348536998956     
   372.250000000000       0.978348578525370     
   372.500000000000       0.978348620006343     
   372.750000000000       0.978348661442157     
   373.000000000000       0.978348702832790     
   373.250000000000       0.978348744178432     
   373.500000000000       0.978348785479013     
   373.750000000000       0.978348826734701     
   374.000000000000       0.978348867945448     
   374.250000000000       0.978348909111514     
   374.500000000000       0.978348950232809     
   374.750000000000       0.978348991309615     
   375.000000000000       0.978349032341863     
   375.250000000000       0.978349073329740     
   375.500000000000       0.978349114273195     
   375.750000000000       0.978349155172338     
   376.000000000000       0.978349196027289     
   376.250000000000       0.978349236838082     
   376.500000000000       0.978349277604732     
   376.750000000000       0.978349318327508     
   377.000000000000       0.978349359006352     
   377.250000000000       0.978349399641430     
   377.500000000000       0.978349440232678     
   377.750000000000       0.978349480780254     
   378.000000000000       0.978349521284352     
   378.250000000000       0.978349561744950     
   378.500000000000       0.978349602162079     
   378.750000000000       0.978349642535826     
   379.000000000000       0.978349682866347     
   379.250000000000       0.978349723153621     
   379.500000000000       0.978349763397716     
   379.750000000000       0.978349803598754     
   380.000000000000       0.978349843756885     
   380.250000000000       0.978349883872132     
   380.500000000000       0.978349923944610     
   380.750000000000       0.978349963974347     
   381.000000000000       0.978350003961333     
   381.250000000000       0.978350043905784     
   381.500000000000       0.978350083807553     
   381.750000000000       0.978350123666934     
   382.000000000000       0.978350163483956     
   382.250000000000       0.978350203258582     
   382.500000000000       0.978350242991010     
   382.750000000000       0.978350282681345     
   383.000000000000       0.978350322329560     
   383.250000000000       0.978350361935758     
   383.500000000000       0.978350401499990     
   383.750000000000       0.978350441022404     
   384.000000000000       0.978350480503027     
   384.250000000000       0.978350519942006     
   384.500000000000       0.978350559339388     
   384.750000000000       0.978350598695063     
   385.000000000000       0.978350638009268     
   385.250000000000       0.978350677282019     
   385.500000000000       0.978350716513461     
   385.750000000000       0.978350755703577     
   386.000000000000       0.978350794852518     
   386.250000000000       0.978350833960289     
   386.500000000000       0.978350873027000     
   386.750000000000       0.978350912052782     
   387.000000000000       0.978350951037527     
   387.250000000000       0.978350989981427     
   387.500000000000       0.978351028884486     
   387.750000000000       0.978351067746835     
   388.000000000000       0.978351106568514     
   388.250000000000       0.978351145349628     
   388.500000000000       0.978351184090299     
   388.750000000000       0.978351222790514     
   389.000000000000       0.978351261450412     
   389.250000000000       0.978351300069939     
   389.500000000000       0.978351338649243     
   389.750000000000       0.978351377188412     
   390.000000000000       0.978351415687466     
   390.250000000000       0.978351454146493     
   390.500000000000       0.978351492565500     
   390.750000000000       0.978351530944608     
   391.000000000000       0.978351569283974     
   391.250000000000       0.978351607583603     
   391.500000000000       0.978351645843534     
   391.750000000000       0.978351684063869     
   392.000000000000       0.978351722244645     
   392.250000000000       0.978351760385858     
   392.500000000000       0.978351798487661     
   392.750000000000       0.978351836550046     
   393.000000000000       0.978351874573254     
   393.250000000000       0.978351912557078     
   393.500000000000       0.978351950501926     
   393.750000000000       0.978351988407615     
   394.000000000000       0.978352026274333     
   394.250000000000       0.978352064102066     
   394.500000000000       0.978352101890950     
   394.750000000000       0.978352139641157     
   395.000000000000       0.978352177352610     
   395.250000000000       0.978352215025213     
   395.500000000000       0.978352252659096     
   395.750000000000       0.978352290254497     
   396.000000000000       0.978352327811431     
   396.250000000000       0.978352365330015     
   396.500000000000       0.978352402810106     
   396.750000000000       0.978352440251899     
   397.000000000000       0.978352477655470     
   397.250000000000       0.978352515020894     
   397.500000000000       0.978352552348240     
   397.750000000000       0.978352589637510     
   398.000000000000       0.978352626888832     
   398.250000000000       0.978352664102184     
   398.500000000000       0.978352701277728     
   398.750000000000       0.978352738415411     
   399.000000000000       0.978352775515300     
   399.250000000000       0.978352812577624     
   399.500000000000       0.978352849602332     
   399.750000000000       0.978352886589550     
   400.000000000000       0.978352923539257     
   400.250000000000       0.978352960451623     
   400.500000000000       0.978352997326523     
   400.750000000000       0.978353034164173     
   401.000000000000       0.978353070964627     
   401.250000000000       0.978353107727880     
   401.500000000000       0.978353144454069     
   401.750000000000       0.978353181143127     
   402.000000000000       0.978353217795238     
   402.250000000000       0.978353254410436     
   402.500000000000       0.978353290988806     
   402.750000000000       0.978353327530326     
   403.000000000000       0.978353364035117     
   403.250000000000       0.978353400503231     
   403.500000000000       0.978353436934779     
   403.750000000000       0.978353473329775     
   404.000000000000       0.978353509688254     
   404.250000000000       0.978353546010316     
   404.500000000000       0.978353582295983     
   404.750000000000       0.978353618545286     
   405.000000000000       0.978353654758352     
   405.250000000000       0.978353690935225     
   405.500000000000       0.978353727075989     
   405.750000000000       0.978353763180713     
   406.000000000000       0.978353799249353     
   406.250000000000       0.978353835281966     
   406.500000000000       0.978353871278720     
   406.750000000000       0.978353907239776     
   407.000000000000       0.978353943164944     
   407.250000000000       0.978353979054436     
   407.500000000000       0.978354014908220     
   407.750000000000       0.978354050726269     
   408.000000000000       0.978354086508884     
   408.250000000000       0.978354122255982     
   408.500000000000       0.978354157967704     
   408.750000000000       0.978354193644005     
   409.000000000000       0.978354229285076     
   409.250000000000       0.978354264890888     
   409.500000000000       0.978354300461437     
   409.750000000000       0.978354335996788     
   410.000000000000       0.978354371497042     
   410.250000000000       0.978354406962352     
   410.500000000000       0.978354442392706     
   410.750000000000       0.978354477788024     
   411.000000000000       0.978354513148457     
   411.250000000000       0.978354548474136     
   411.500000000000       0.978354583765107     
   411.750000000000       0.978354619021385     
   412.000000000000       0.978354654243023     
   412.250000000000       0.978354689429987     
   412.500000000000       0.978354724582410     
   412.750000000000       0.978354759700458     
   413.000000000000       0.978354794784148     
   413.250000000000       0.978354829833449     
   413.500000000000       0.978354864848463     
   413.750000000000       0.978354899829212     
   414.000000000000       0.978354934775748     
   414.250000000000       0.978354969688138     
   414.500000000000       0.978355004566373     
   414.750000000000       0.978355039410587     
   415.000000000000       0.978355074220856     
   415.250000000000       0.978355108997194     
   415.500000000000       0.978355143739720     
   415.750000000000       0.978355178448468     
   416.000000000000       0.978355213123386     
   416.250000000000       0.978355247764635     
   416.500000000000       0.978355282372195     
   416.750000000000       0.978355316946236     
   417.000000000000       0.978355351486701     
   417.250000000000       0.978355385993657     
   417.500000000000       0.978355420467156     
   417.750000000000       0.978355454907194     
   418.000000000000       0.978355489314010     
   418.250000000000       0.978355523687584     
   418.500000000000       0.978355558027852     
   418.750000000000       0.978355592335022     
   419.000000000000       0.978355626609018     
   419.250000000000       0.978355660849987     
   419.500000000000       0.978355695057933     
   419.750000000000       0.978355729232931     
   420.000000000000       0.978355763375071     
   420.250000000000       0.978355797484348     
   420.500000000000       0.978355831560741     
   420.750000000000       0.978355865604355     
   421.000000000000       0.978355899615307     
   421.250000000000       0.978355933593658     
   421.500000000000       0.978355967539318     
   421.750000000000       0.978356001452471     
   422.000000000000       0.978356035333026     
   422.250000000000       0.978356069181167     
   422.500000000000       0.978356102996978     
   422.750000000000       0.978356136780544     
   423.000000000000       0.978356170531669     
   423.250000000000       0.978356204250626     
   423.500000000000       0.978356237937476     
   423.750000000000       0.978356271592173     
   424.000000000000       0.978356305214714     
   424.250000000000       0.978356338805257     
   424.500000000000       0.978356372363703     
   424.750000000000       0.978356405890334     
   425.000000000000       0.978356439385023     
   425.250000000000       0.978356472847893     
   425.500000000000       0.978356506278929     
   425.750000000000       0.978356539678277     
   426.000000000000       0.978356573045879     
   426.250000000000       0.978356606381844     
   426.500000000000       0.978356639686222     
   426.750000000000       0.978356672958992     
   427.000000000000       0.978356706200353     
   427.250000000000       0.978356739410344     
   427.500000000000       0.978356772588794     
   427.750000000000       0.978356805736001     
   428.000000000000       0.978356838851920     
   428.250000000000       0.978356871936590     
   428.500000000000       0.978356904990033     
   428.750000000000       0.978356938012304     
   429.000000000000       0.978356971003532     
   429.250000000000       0.978357003963613     
   429.500000000000       0.978357036892717     
   429.750000000000       0.978357069790908     
   430.000000000000       0.978357102658147     
   430.250000000000       0.978357135494571     
   430.500000000000       0.978357168300121     
   430.750000000000       0.978357201074918     
   431.000000000000       0.978357233819082     
   431.250000000000       0.978357266532470     
   431.500000000000       0.978357299215198     
   431.750000000000       0.978357331867426     
   432.000000000000       0.978357364489016     
   432.250000000000       0.978357397080165     
   432.500000000000       0.978357429640913     
   432.750000000000       0.978357462171245     
   433.000000000000       0.978357494671245     
   433.250000000000       0.978357527140947     
   433.500000000000       0.978357559580451     
   433.750000000000       0.978357591989747     
   434.000000000000       0.978357624368862     
   434.250000000000       0.978357656717740     
   434.500000000000       0.978357689036587     
   434.750000000000       0.978357721325495     
   435.000000000000       0.978357753584487     
   435.250000000000       0.978357785813499     
   435.500000000000       0.978357818012555     
   435.750000000000       0.978357850181863     
   436.000000000000       0.978357882321196     
   436.250000000000       0.978357914430963     
   436.500000000000       0.978357946511047     
   436.750000000000       0.978357978561393     
   437.000000000000       0.978358010582044     
   437.250000000000       0.978358042573259     
   437.500000000000       0.978358074534946     
   437.750000000000       0.978358106467168     
   438.000000000000       0.978358138369915     
   438.250000000000       0.978358170243125     
   438.500000000000       0.978358202087158     
   438.750000000000       0.978358233901882     
   439.000000000000       0.978358265687428     
   439.250000000000       0.978358297443759     
   439.500000000000       0.978358329170822     
   439.750000000000       0.978358360868736     
   440.000000000000       0.978358392537543     
   440.250000000000       0.978358424177426     
   440.500000000000       0.978358455788311     
   440.750000000000       0.978358487370233     
   441.000000000000       0.978358518923266     
   441.250000000000       0.978358550447393     
   441.500000000000       0.978358581942781     
   441.750000000000       0.978358613409314     
   442.000000000000       0.978358644847178     
   442.250000000000       0.978358676256271     
   442.500000000000       0.978358707636767     
   442.750000000000       0.978358738988664     
   443.000000000000       0.978358770311956     
   443.250000000000       0.978358801606708     
   443.500000000000       0.978358832873039     
   443.750000000000       0.978358864111005     
   444.000000000000       0.978358895320476     
   444.250000000000       0.978358926501642     
   444.500000000000       0.978358957654541     
   444.750000000000       0.978358988779177     
   445.000000000000       0.978359019875653     
   445.250000000000       0.978359050943819     
   445.500000000000       0.978359081983897     
   445.750000000000       0.978359112995938     
   446.000000000000       0.978359143979885     
   446.250000000000       0.978359174935767     
   446.500000000000       0.978359205863672     
   446.750000000000       0.978359236763803     
   447.000000000000       0.978359267635994     
   447.250000000000       0.978359298480295     
   447.500000000000       0.978359329296806     
   447.750000000000       0.978359360085521     
   448.000000000000       0.978359390846587     
   448.250000000000       0.978359421579889     
   448.500000000000       0.978359452285665     
   448.750000000000       0.978359482963845     
   449.000000000000       0.978359513614474     
   449.250000000000       0.978359544237584     
   449.500000000000       0.978359574833051     
   449.750000000000       0.978359605401093     
   450.000000000000       0.978359635941744     
   450.250000000000       0.978359666455143     
   450.500000000000       0.978359696941203     
   450.750000000000       0.978359727400038     
   451.000000000000       0.978359757831646     
   451.250000000000       0.978359788236068     
   451.500000000000       0.978359818613267     
   451.750000000000       0.978359848963394     
   452.000000000000       0.978359879286441     
   452.250000000000       0.978359909582415     
   452.500000000000       0.978359939851463     
   452.750000000000       0.978359970093572     
   453.000000000000       0.978360000308673     
   453.250000000000       0.978360030496961     
   453.500000000000       0.978360060658444     
   453.750000000000       0.978360090793126     
   454.000000000000       0.978360120900947     
   454.250000000000       0.978360150982155     
   454.500000000000       0.978360181036650     
   454.750000000000       0.978360211064425     
   455.000000000000       0.978360241065594     
   455.250000000000       0.978360271040259     
   455.500000000000       0.978360300988494     
   455.750000000000       0.978360330910255     
   456.000000000000       0.978360360805474     
   456.250000000000       0.978360390674230     
   456.500000000000       0.978360420516709     
   456.750000000000       0.978360450332815     
   457.000000000000       0.978360480122641     
   457.250000000000       0.978360509886279     
   457.500000000000       0.978360539623556     
   457.750000000000       0.978360569334562     
   458.000000000000       0.978360599019581     
   458.250000000000       0.978360628678552     
   458.500000000000       0.978360658311394     
   458.750000000000       0.978360687918247     
   459.000000000000       0.978360717499172     
   459.250000000000       0.978360747053945     
   459.500000000000       0.978360776582890     
   459.750000000000       0.978360806085969     
   460.000000000000       0.978360835563274     
   460.250000000000       0.978360865014757     
   460.500000000000       0.978360894440436     
   460.750000000000       0.978360923840326     
   461.000000000000       0.978360953214505     
   461.250000000000       0.978360982563185     
   461.500000000000       0.978361011886244     
   461.750000000000       0.978361041183645     
   462.000000000000       0.978361070455397     
   462.250000000000       0.978361099701713     
   462.500000000000       0.978361128922488     
   462.750000000000       0.978361158117961     
   463.000000000000       0.978361187287963     
   463.250000000000       0.978361216432645     
   463.500000000000       0.978361245552028     
   463.750000000000       0.978361274646161     
   464.000000000000       0.978361303714957     
   464.250000000000       0.978361332758567     
   464.500000000000       0.978361361777033     
   464.750000000000       0.978361390770322     
   465.000000000000       0.978361419738452     
   465.250000000000       0.978361448681440     
   465.500000000000       0.978361477599392     
   465.750000000000       0.978361506492347     
   466.000000000000       0.978361535360393     
   466.250000000000       0.978361564203494     
   466.500000000000       0.978361593021804     
   466.750000000000       0.978361621815103     
   467.000000000000       0.978361650583603     
   467.250000000000       0.978361679327325     
   467.500000000000       0.978361708046395     
   467.750000000000       0.978361736740735     
   468.000000000000       0.978361765410321     
   468.250000000000       0.978361794055224     
   468.500000000000       0.978361822675545     
   468.750000000000       0.978361851271260     
   469.000000000000       0.978361879842475     
   469.250000000000       0.978361908389170     
   469.500000000000       0.978361936911393     
   469.750000000000       0.978361965409095     
   470.000000000000       0.978361993882397     
   470.250000000000       0.978362022331411     
   470.500000000000       0.978362050756040     
   470.750000000000       0.978362079156327     
   471.000000000000       0.978362107532358     
   471.250000000000       0.978362135884150     
   471.500000000000       0.978362164211711     
   471.750000000000       0.978362192515124     
   472.000000000000       0.978362220794458     
   472.250000000000       0.978362249049720     
   472.500000000000       0.978362277280851     
   472.750000000000       0.978362305488001     
   473.000000000000       0.978362333671186     
   473.250000000000       0.978362361830336     
   473.500000000000       0.978362389965585     
   473.750000000000       0.978362418076904     
   474.000000000000       0.978362446164305     
   474.250000000000       0.978362474227935     
   474.500000000000       0.978362502267784     
   474.750000000000       0.978362530283796     
   475.000000000000       0.978362558275983     
   475.250000000000       0.978362586244551     
   475.500000000000       0.978362614189476     
   475.750000000000       0.978362642110735     
   476.000000000000       0.978362670008412     
   476.250000000000       0.978362697882581     
   476.500000000000       0.978362725733217     
   476.750000000000       0.978362753560342     
   477.000000000000       0.978362781363934     
   477.250000000000       0.978362809144192     
   477.500000000000       0.978362836900933     
   477.750000000000       0.978362864634276     
   478.000000000000       0.978362892344308     
   478.250000000000       0.978362920031131     
   478.500000000000       0.978362947694620     
   478.750000000000       0.978362975334856     
   479.000000000000       0.978363002951929     
   479.250000000000       0.978363030545902     
   479.500000000000       0.978363058116616     
   479.750000000000       0.978363085664088     
   480.000000000000       0.978363113188659     
   480.250000000000       0.978363140690095     
   480.500000000000       0.978363168168530     
   480.750000000000       0.978363195623968     
   481.000000000000       0.978363223056467     
   481.250000000000       0.978363250465975     
   481.500000000000       0.978363277852612     
   481.750000000000       0.978363305216380     
   482.000000000000       0.978363332557289     
   482.250000000000       0.978363359875465     
   482.500000000000       0.978363387170894     
   482.750000000000       0.978363414443607     
   483.000000000000       0.978363441693611     
   483.250000000000       0.978363468920930     
   483.500000000000       0.978363496125620     
   483.750000000000       0.978363523307654     
   484.000000000000       0.978363550467085     
   484.250000000000       0.978363577603934     
   484.500000000000       0.978363604718310     
   484.750000000000       0.978363631810214     
   485.000000000000       0.978363658879644     
   485.250000000000       0.978363685926717     
   485.500000000000       0.978363712951257     
   485.750000000000       0.978363739953518     
   486.000000000000       0.978363766933350     
   486.250000000000       0.978363793890930     
   486.500000000000       0.978363820826271     
   486.750000000000       0.978363847739375     
   487.000000000000       0.978363874630177     
   487.250000000000       0.978363901498931     
   487.500000000000       0.978363928345385     
   487.750000000000       0.978363955169709     
   488.000000000000       0.978363981971910     
   488.250000000000       0.978364008752176     
   488.500000000000       0.978364035510442     
   488.750000000000       0.978364062246634     
   489.000000000000       0.978364088960839     
   489.250000000000       0.978364115653088     
   489.500000000000       0.978364142323459     
   489.750000000000       0.978364168971910     
   490.000000000000       0.978364195598492     
   490.250000000000       0.978364222203330     
   490.500000000000       0.978364248786366     
   490.750000000000       0.978364275347639     
   491.000000000000       0.978364301887148     
   491.250000000000       0.978364328404794     
   491.500000000000       0.978364354900815     
   491.750000000000       0.978364381375236     
   492.000000000000       0.978364407828003     
   492.250000000000       0.978364434259273     
   492.500000000000       0.978364460668995     
   492.750000000000       0.978364487057120     
   493.000000000000       0.978364513423708     
   493.250000000000       0.978364539768895     
   493.500000000000       0.978364566092712     
   493.750000000000       0.978364592395055     
   494.000000000000       0.978364618675874     
   494.250000000000       0.978364644935454     
   494.500000000000       0.978364671173590     
   494.750000000000       0.978364697390404     
   495.000000000000       0.978364723585986     
   495.250000000000       0.978364749760156     
   495.500000000000       0.978364775913294     
   495.750000000000       0.978364802045201     
   496.000000000000       0.978364828155998     
   496.250000000000       0.978364854245595     
   496.500000000000       0.978364880314101     
   496.750000000000       0.978364906361552     
   497.000000000000       0.978364932387954     
   497.250000000000       0.978364958393398     
   497.500000000000       0.978364984377781     
   497.750000000000       0.978365010341071     
   498.000000000000       0.978365036283502     
   498.250000000000       0.978365062205130     
   498.500000000000       0.978365088105808     
   498.750000000000       0.978365113985609     
   499.000000000000       0.978365139844448     
   499.250000000000       0.978365165682614     
   499.500000000000       0.978365191500061     
   499.750000000000       0.978365217296797     
   500.000000000000       0.978365243072689     
