    0.0000000000D+00    0.1000000000D+01    0.1000000000D+01
    0.1000000000D+01    0.9969327761D+00    0.1000000000D+01
    0.2000000000D+01    0.9881157171D+00    0.1000000000D+01
    0.3000000000D+01    0.9745810388D+00    0.1000000000D+01
    0.4000000000D+01    0.9576085788D+00    0.1000000000D+01
    0.5000000000D+01    0.9384967679D+00    0.1000000000D+01
    0.6000000000D+01    0.9184449876D+00    0.1000000000D+01
    0.7000000000D+01    0.8984823179D+00    0.1000000000D+01
    0.8000000000D+01    0.8794256133D+00    0.1000000000D+01
    0.9000000000D+01    0.8618691116D+00    0.1000000000D+01
    0.1000000000D+02    0.8461969568D+00    0.1000000000D+01
    0.1100000000D+02    0.8326076893D+00    0.1000000000D+01
    0.1200000000D+02    0.8211533727D+00    0.1000000000D+01
    0.1300000000D+02    0.8117689946D+00    0.1000000000D+01
    0.1400000000D+02    0.8043123219D+00    0.1000000000D+01
    0.1500000000D+02    0.7985896037D+00    0.1000000000D+01
    0.1600000000D+02    0.7943781164D+00    0.1000000000D+01
    0.1700000000D+02    0.7914520667D+00    0.1000000000D+01
    0.1800000000D+02    0.7895847983D+00    0.1000000000D+01
    0.1900000000D+02    0.7885699769D+00    0.1000000000D+01
    0.2000000000D+02    0.7882207626D+00    0.1000000000D+01
    0.2100000000D+02    0.7883707330D+00    0.1000000000D+01
    0.2200000000D+02    0.7888859294D+00    0.1000000000D+01
    0.2300000000D+02    0.7896480267D+00    0.1000000000D+01
    0.2400000000D+02    0.7905663794D+00    0.1000000000D+01
    0.2500000000D+02    0.7915715327D+00    0.1000000000D+01
    0.2600000000D+02    0.7926046285D+00    0.1000000000D+01
    0.2700000000D+02    0.7936313995D+00    0.1000000000D+01
    0.2800000000D+02    0.7946229684D+00    0.1000000000D+01
    0.2900000000D+02    0.7955611050D+00    0.1000000000D+01
    0.3000000000D+02    0.7964406695D+00    0.1000000000D+01
    0.3100000000D+02    0.7972532186D+00    0.1000000000D+01
    0.3200000000D+02    0.7980000929D+00    0.1000000000D+01
    0.3300000000D+02    0.7986844608D+00    0.1000000000D+01
    0.3400000000D+02    0.7993066200D+00    0.1000000000D+01
    0.3500000000D+02    0.7998730103D+00    0.1000000000D+01
    0.3600000000D+02    0.8003885058D+00    0.1000000000D+01
    0.3700000000D+02    0.8008562012D+00    0.1000000000D+01
    0.3800000000D+02    0.8012819187D+00    0.1000000000D+01
    0.3900000000D+02    0.8016720562D+00    0.1000000000D+01
    0.4000000000D+02    0.8020282486D+00    0.1000000000D+01
    0.4100000000D+02    0.8023561802D+00    0.1000000000D+01
    0.4200000000D+02    0.8026618003D+00    0.1000000000D+01
    0.4300000000D+02    0.8029424147D+00    0.1000000000D+01
    0.4400000000D+02    0.8032048928D+00    0.1000000000D+01
    0.4500000000D+02    0.8034515243D+00    0.1000000000D+01
    0.4600000000D+02    0.8036775167D+00    0.1000000000D+01
    0.4700000000D+02    0.8038907084D+00    0.1000000000D+01
    0.4800000000D+02    0.8040890555D+00    0.1000000000D+01
    0.4900000000D+02    0.8042692651D+00    0.1000000000D+01
    0.5000000000D+02    0.8044382237D+00    0.1000000000D+01
    0.5100000000D+02    0.8045932448D+00    0.1000000000D+01
    0.5200000000D+02    0.8047345331D+00    0.1000000000D+01
    0.5300000000D+02    0.8048678795D+00    0.1000000000D+01
    0.5400000000D+02    0.8049938745D+00    0.1000000000D+01
    0.5500000000D+02    0.8051125784D+00    0.1000000000D+01
    0.5600000000D+02    0.8052278669D+00    0.1000000000D+01
    0.5700000000D+02    0.8053418917D+00    0.1000000000D+01
    0.5800000000D+02    0.8054506072D+00    0.1000000000D+01
    0.5900000000D+02    0.8055562322D+00    0.1000000000D+01
    0.6000000000D+02    0.8056599579D+00    0.1000000000D+01
    0.6100000000D+02    0.8057557748D+00    0.1000000000D+01
    0.6200000000D+02    0.8058457430D+00    0.1000000000D+01
    0.6300000000D+02    0.8059315440D+00    0.1000000000D+01
    0.6400000000D+02    0.8060096851D+00    0.1000000000D+01
    0.6500000000D+02    0.8060805711D+00    0.1000000000D+01
    0.6600000000D+02    0.8061485944D+00    0.1000000000D+01
    0.6700000000D+02    0.8062128488D+00    0.1000000000D+01
    0.6800000000D+02    0.8062699339D+00    0.1000000000D+01
    0.6900000000D+02    0.8063280528D+00    0.1000000000D+01
    0.7000000000D+02    0.8063863484D+00    0.1000000000D+01
    0.7100000000D+02    0.8064382498D+00    0.1000000000D+01
    0.7200000000D+02    0.8064930735D+00    0.1000000000D+01
    0.7300000000D+02    0.8065479240D+00    0.1000000000D+01
    0.7400000000D+02    0.8065954025D+00    0.1000000000D+01
    0.7500000000D+02    0.8066422056D+00    0.1000000000D+01
    0.7600000000D+02    0.8066868109D+00    0.1000000000D+01
    0.7700000000D+02    0.8067250548D+00    0.1000000000D+01
    0.7800000000D+02    0.8067607010D+00    0.1000000000D+01
    0.7900000000D+02    0.8067972720D+00    0.1000000000D+01
    0.8000000000D+02    0.8068331219D+00    0.1000000000D+01
    0.8100000000D+02    0.8068671310D+00    0.1000000000D+01
    0.8200000000D+02    0.8069031767D+00    0.1000000000D+01
    0.8300000000D+02    0.8069397723D+00    0.1000000000D+01
    0.8400000000D+02    0.8069727002D+00    0.1000000000D+01
    0.8500000000D+02    0.8070035659D+00    0.1000000000D+01
    0.8600000000D+02    0.8070361607D+00    0.1000000000D+01
    0.8700000000D+02    0.8070676917D+00    0.1000000000D+01
    0.8800000000D+02    0.8070951211D+00    0.1000000000D+01
    0.8900000000D+02    0.8071275309D+00    0.1000000000D+01
    0.9000000000D+02    0.8071624005D+00    0.1000000000D+01
    0.9100000000D+02    0.8071911977D+00    0.1000000000D+01
    0.9200000000D+02    0.8072236567D+00    0.1000000000D+01
    0.9300000000D+02    0.8072584854D+00    0.1000000000D+01
    0.9400000000D+02    0.8072866990D+00    0.1000000000D+01
    0.9500000000D+02    0.8073140591D+00    0.1000000000D+01
    0.9600000000D+02    0.8073437302D+00    0.1000000000D+01
    0.9700000000D+02    0.8073707215D+00    0.1000000000D+01
    0.9800000000D+02    0.8073930948D+00    0.1000000000D+01
    0.9900000000D+02    0.8074174411D+00    0.1000000000D+01
    0.1000000000D+03    0.8074436296D+00    0.1000000000D+01
    0.1010000000D+03    0.8074644039D+00    0.1000000000D+01
    0.1020000000D+03    0.8074848973D+00    0.1000000000D+01
    0.1030000000D+03    0.8075085097D+00    0.1000000000D+01
    0.1040000000D+03    0.8075296652D+00    0.1000000000D+01
    0.1050000000D+03    0.8075479756D+00    0.1000000000D+01
    0.1060000000D+03    0.8075680732D+00    0.1000000000D+01
    0.1070000000D+03    0.8075903746D+00    0.1000000000D+01
    0.1080000000D+03    0.8076091672D+00    0.1000000000D+01
    0.1090000000D+03    0.8076256860D+00    0.1000000000D+01
    0.1100000000D+03    0.8076448108D+00    0.1000000000D+01
    0.1110000000D+03    0.8076640460D+00    0.1000000000D+01
    0.1120000000D+03    0.8076795673D+00    0.1000000000D+01
    0.1130000000D+03    0.8076950109D+00    0.1000000000D+01
    0.1140000000D+03    0.8077173548D+00    0.1000000000D+01
    0.1150000000D+03    0.8077377976D+00    0.1000000000D+01
    0.1160000000D+03    0.8077528404D+00    0.1000000000D+01
    0.1170000000D+03    0.8077764968D+00    0.1000000000D+01
    0.1180000000D+03    0.8078009083D+00    0.1000000000D+01
    0.1190000000D+03    0.8078167080D+00    0.1000000000D+01
    0.1200000000D+03    0.8078355648D+00    0.1000000000D+01
    0.1210000000D+03    0.8078567665D+00    0.1000000000D+01
    0.1220000000D+03    0.8078721477D+00    0.1000000000D+01
    0.1230000000D+03    0.8078839342D+00    0.1000000000D+01
    0.1240000000D+03    0.8078972957D+00    0.1000000000D+01
    0.1250000000D+03    0.8079119370D+00    0.1000000000D+01
    0.1260000000D+03    0.8079245730D+00    0.1000000000D+01
    0.1270000000D+03    0.8079368636D+00    0.1000000000D+01
    0.1280000000D+03    0.8079522195D+00    0.1000000000D+01
    0.1290000000D+03    0.8079697646D+00    0.1000000000D+01
    0.1300000000D+03    0.8079830999D+00    0.1000000000D+01
    0.1310000000D+03    0.8079933253D+00    0.1000000000D+01
    0.1320000000D+03    0.8080081752D+00    0.1000000000D+01
    0.1330000000D+03    0.8080219834D+00    0.1000000000D+01
    0.1340000000D+03    0.8080305153D+00    0.1000000000D+01
    0.1350000000D+03    0.8080411124D+00    0.1000000000D+01
    0.1360000000D+03    0.8080568892D+00    0.1000000000D+01
    0.1370000000D+03    0.8080715458D+00    0.1000000000D+01
    0.1380000000D+03    0.8080802463D+00    0.1000000000D+01
    0.1390000000D+03    0.8080930540D+00    0.1000000000D+01
    0.1400000000D+03    0.8081109063D+00    0.1000000000D+01
    0.1410000000D+03    0.8081211695D+00    0.1000000000D+01
    0.1420000000D+03    0.8081298080D+00    0.1000000000D+01
    0.1430000000D+03    0.8081451368D+00    0.1000000000D+01
    0.1440000000D+03    0.8081608940D+00    0.1000000000D+01
    0.1450000000D+03    0.8081718644D+00    0.1000000000D+01
    0.1460000000D+03    0.8081823029D+00    0.1000000000D+01
    0.1470000000D+03    0.8081974740D+00    0.1000000000D+01
    0.1480000000D+03    0.8082095836D+00    0.1000000000D+01
    0.1490000000D+03    0.8082140417D+00    0.1000000000D+01
    0.1500000000D+03    0.8082189567D+00    0.1000000000D+01
    0.1510000000D+03    0.8082270769D+00    0.1000000000D+01
    0.1520000000D+03    0.8082350760D+00    0.1000000000D+01
    0.1530000000D+03    0.8082422370D+00    0.1000000000D+01
    0.1540000000D+03    0.8082530803D+00    0.1000000000D+01
    0.1550000000D+03    0.8082704412D+00    0.1000000000D+01
    0.1560000000D+03    0.8082889966D+00    0.1000000000D+01
    0.1570000000D+03    0.8083011080D+00    0.1000000000D+01
    0.1580000000D+03    0.8083101647D+00    0.1000000000D+01
    0.1590000000D+03    0.8083258192D+00    0.1000000000D+01
    0.1600000000D+03    0.8083360006D+00    0.1000000000D+01
    0.1610000000D+03    0.8083339440D+00    0.1000000000D+01
    0.1620000000D+03    0.8083406098D+00    0.1000000000D+01
    0.1630000000D+03    0.8083543551D+00    0.1000000000D+01
    0.1640000000D+03    0.8083597046D+00    0.1000000000D+01
    0.1650000000D+03    0.8083649943D+00    0.1000000000D+01
    0.1660000000D+03    0.8083784417D+00    0.1000000000D+01
    0.1670000000D+03    0.8083935575D+00    0.1000000000D+01
    0.1680000000D+03    0.8084024676D+00    0.1000000000D+01
    0.1690000000D+03    0.8084085482D+00    0.1000000000D+01
    0.1700000000D+03    0.8084187036D+00    0.1000000000D+01
    0.1710000000D+03    0.8084298407D+00    0.1000000000D+01
    0.1720000000D+03    0.8084363624D+00    0.1000000000D+01
    0.1730000000D+03    0.8084397376D+00    0.1000000000D+01
    0.1740000000D+03    0.8084477261D+00    0.1000000000D+01
    0.1750000000D+03    0.8084593757D+00    0.1000000000D+01
    0.1760000000D+03    0.8084657937D+00    0.1000000000D+01
    0.1770000000D+03    0.8084687387D+00    0.1000000000D+01
    0.1780000000D+03    0.8084759072D+00    0.1000000000D+01
    0.1790000000D+03    0.8084876706D+00    0.1000000000D+01
    0.1800000000D+03    0.8084948523D+00    0.1000000000D+01
    0.1810000000D+03    0.8084969574D+00    0.1000000000D+01
    0.1820000000D+03    0.8085064544D+00    0.1000000000D+01
    0.1830000000D+03    0.8085216009D+00    0.1000000000D+01
    0.1840000000D+03    0.8085305620D+00    0.1000000000D+01
    0.1850000000D+03    0.8085327534D+00    0.1000000000D+01
    0.1860000000D+03    0.8085400042D+00    0.1000000000D+01
    0.1870000000D+03    0.8085540104D+00    0.1000000000D+01
    0.1880000000D+03    0.8085573212D+00    0.1000000000D+01
    0.1890000000D+03    0.8085543690D+00    0.1000000000D+01
    0.1900000000D+03    0.8085633499D+00    0.1000000000D+01
    0.1910000000D+03    0.8085749986D+00    0.1000000000D+01
    0.1920000000D+03    0.8085785979D+00    0.1000000000D+01
    0.1930000000D+03    0.8085811700D+00    0.1000000000D+01
    0.1940000000D+03    0.8085893430D+00    0.1000000000D+01
    0.1950000000D+03    0.8086002741D+00    0.1000000000D+01
    0.1960000000D+03    0.8086073054D+00    0.1000000000D+01
    0.1970000000D+03    0.8086104796D+00    0.1000000000D+01
    0.1980000000D+03    0.8086159932D+00    0.1000000000D+01
    0.1990000000D+03    0.8086273423D+00    0.1000000000D+01
    0.2000000000D+03    0.8086369295D+00    0.1000000000D+01
    0.2010000000D+03    0.8086388835D+00    0.1000000000D+01
    0.2020000000D+03    0.8086416428D+00    0.1000000000D+01
    0.2030000000D+03    0.8086516971D+00    0.1000000000D+01
    0.2040000000D+03    0.8086618416D+00    0.1000000000D+01
    0.2050000000D+03    0.8086607492D+00    0.1000000000D+01
    0.2060000000D+03    0.8086591550D+00    0.1000000000D+01
    0.2070000000D+03    0.8086731513D+00    0.1000000000D+01
    0.2080000000D+03    0.8086851228D+00    0.1000000000D+01
    0.2090000000D+03    0.8086843660D+00    0.1000000000D+01
    0.2100000000D+03    0.8086889598D+00    0.1000000000D+01
    0.2110000000D+03    0.8087024069D+00    0.1000000000D+01
    0.2120000000D+03    0.8087121915D+00    0.1000000000D+01
    0.2130000000D+03    0.8087134315D+00    0.1000000000D+01
    0.2140000000D+03    0.8087143165D+00    0.1000000000D+01
    0.2150000000D+03    0.8087221683D+00    0.1000000000D+01
    0.2160000000D+03    0.8087317609D+00    0.1000000000D+01
    0.2170000000D+03    0.8087354258D+00    0.1000000000D+01
    0.2180000000D+03    0.8087342465D+00    0.1000000000D+01
    0.2190000000D+03    0.8087389158D+00    0.1000000000D+01
    0.2200000000D+03    0.8087496045D+00    0.1000000000D+01
    0.2210000000D+03    0.8087537642D+00    0.1000000000D+01
    0.2220000000D+03    0.8087528822D+00    0.1000000000D+01
    0.2230000000D+03    0.8087577057D+00    0.1000000000D+01
    0.2240000000D+03    0.8087693541D+00    0.1000000000D+01
    0.2250000000D+03    0.8087794760D+00    0.1000000000D+01
    0.2260000000D+03    0.8087830047D+00    0.1000000000D+01
    0.2270000000D+03    0.8087852336D+00    0.1000000000D+01
    0.2280000000D+03    0.8087940159D+00    0.1000000000D+01
    0.2290000000D+03    0.8088071200D+00    0.1000000000D+01
    0.2300000000D+03    0.8088077411D+00    0.1000000000D+01
    0.2310000000D+03    0.8087994010D+00    0.1000000000D+01
    0.2320000000D+03    0.8088060040D+00    0.1000000000D+01
    0.2330000000D+03    0.8088178038D+00    0.1000000000D+01
    0.2340000000D+03    0.8088159709D+00    0.1000000000D+01
    0.2350000000D+03    0.8088124236D+00    0.1000000000D+01
    0.2360000000D+03    0.8088199989D+00    0.1000000000D+01
    0.2370000000D+03    0.8088331686D+00    0.1000000000D+01
    0.2380000000D+03    0.8088387108D+00    0.1000000000D+01
    0.2390000000D+03    0.8088367229D+00    0.1000000000D+01
    0.2400000000D+03    0.8088397780D+00    0.1000000000D+01
    0.2410000000D+03    0.8088497733D+00    0.1000000000D+01
    0.2420000000D+03    0.8088577550D+00    0.1000000000D+01
    0.2430000000D+03    0.8088583856D+00    0.1000000000D+01
    0.2440000000D+03    0.8088575547D+00    0.1000000000D+01
    0.2450000000D+03    0.8088637667D+00    0.1000000000D+01
    0.2460000000D+03    0.8088755685D+00    0.1000000000D+01
    0.2470000000D+03    0.8088808161D+00    0.1000000000D+01
    0.2480000000D+03    0.8088758443D+00    0.1000000000D+01
    0.2490000000D+03    0.8088790626D+00    0.1000000000D+01
    0.2500000000D+03    0.8088946757D+00    0.1000000000D+01
    0.2510000000D+03    0.8089025760D+00    0.1000000000D+01
    0.2520000000D+03    0.8088986351D+00    0.1000000000D+01
    0.2530000000D+03    0.8088975968D+00    0.1000000000D+01
    0.2540000000D+03    0.8089086753D+00    0.1000000000D+01
    0.2550000000D+03    0.8089184214D+00    0.1000000000D+01
    0.2560000000D+03    0.8089124566D+00    0.1000000000D+01
    0.2570000000D+03    0.8089054242D+00    0.1000000000D+01
    0.2580000000D+03    0.8089125340D+00    0.1000000000D+01
    0.2590000000D+03    0.8089256673D+00    0.1000000000D+01
    0.2600000000D+03    0.8089291641D+00    0.1000000000D+01
    0.2610000000D+03    0.8089244486D+00    0.1000000000D+01
    0.2620000000D+03    0.8089298271D+00    0.1000000000D+01
    0.2630000000D+03    0.8089445043D+00    0.1000000000D+01
    0.2640000000D+03    0.8089505650D+00    0.1000000000D+01
    0.2650000000D+03    0.8089456751D+00    0.1000000000D+01
    0.2660000000D+03    0.8089437216D+00    0.1000000000D+01
    0.2670000000D+03    0.8089528246D+00    0.1000000000D+01
    0.2680000000D+03    0.8089631565D+00    0.1000000000D+01
    0.2690000000D+03    0.8089650769D+00    0.1000000000D+01
    0.2700000000D+03    0.8089631787D+00    0.1000000000D+01
    0.2710000000D+03    0.8089677543D+00    0.1000000000D+01
    0.2720000000D+03    0.8089803140D+00    0.1000000000D+01
    0.2730000000D+03    0.8089895574D+00    0.1000000000D+01
    0.2740000000D+03    0.8089875172D+00    0.1000000000D+01
    0.2750000000D+03    0.8089809398D+00    0.1000000000D+01
    0.2760000000D+03    0.8089878924D+00    0.1000000000D+01
    0.2770000000D+03    0.8090049555D+00    0.1000000000D+01
    0.2780000000D+03    0.8090020788D+00    0.1000000000D+01
    0.2790000000D+03    0.8089890072D+00    0.1000000000D+01
    0.2800000000D+03    0.8089982341D+00    0.1000000000D+01
    0.2810000000D+03    0.8090152000D+00    0.1000000000D+01
    0.2820000000D+03    0.8090156407D+00    0.1000000000D+01
    0.2830000000D+03    0.8090084921D+00    0.1000000000D+01
    0.2840000000D+03    0.8090106436D+00    0.1000000000D+01
    0.2850000000D+03    0.8090217711D+00    0.1000000000D+01
    0.2860000000D+03    0.8090303865D+00    0.1000000000D+01
    0.2870000000D+03    0.8090306475D+00    0.1000000000D+01
    0.2880000000D+03    0.8090273441D+00    0.1000000000D+01
    0.2890000000D+03    0.8090315699D+00    0.1000000000D+01
    0.2900000000D+03    0.8090420323D+00    0.1000000000D+01
    0.2910000000D+03    0.8090460418D+00    0.1000000000D+01
    0.2920000000D+03    0.8090426914D+00    0.1000000000D+01
    0.2930000000D+03    0.8090415203D+00    0.1000000000D+01
    0.2940000000D+03    0.8090490974D+00    0.1000000000D+01
    0.2950000000D+03    0.8090595736D+00    0.1000000000D+01
    0.2960000000D+03    0.8090631951D+00    0.1000000000D+01
    0.2970000000D+03    0.8090602742D+00    0.1000000000D+01
    0.2980000000D+03    0.8090591546D+00    0.1000000000D+01
    0.2990000000D+03    0.8090683525D+00    0.1000000000D+01
    0.3000000000D+03    0.8090776074D+00    0.1000000000D+01
    0.3010000000D+03    0.8090726850D+00    0.1000000000D+01
    0.3020000000D+03    0.8090661466D+00    0.1000000000D+01
    0.3030000000D+03    0.8090725250D+00    0.1000000000D+01
    0.3040000000D+03    0.8090859430D+00    0.1000000000D+01
    0.3050000000D+03    0.8090903120D+00    0.1000000000D+01
    0.3060000000D+03    0.8090838196D+00    0.1000000000D+01
    0.3070000000D+03    0.8090853271D+00    0.1000000000D+01
    0.3080000000D+03    0.8090973625D+00    0.1000000000D+01
    0.3090000000D+03    0.8091037655D+00    0.1000000000D+01
    0.3100000000D+03    0.8091010570D+00    0.1000000000D+01
    0.3110000000D+03    0.8090981448D+00    0.1000000000D+01
    0.3120000000D+03    0.8091013968D+00    0.1000000000D+01
    0.3130000000D+03    0.8091079210D+00    0.1000000000D+01
    0.3140000000D+03    0.8091126908D+00    0.1000000000D+01
    0.3150000000D+03    0.8091142898D+00    0.1000000000D+01
    0.3160000000D+03    0.8091138202D+00    0.1000000000D+01
    0.3170000000D+03    0.8091149243D+00    0.1000000000D+01
    0.3180000000D+03    0.8091221061D+00    0.1000000000D+01
    0.3190000000D+03    0.8091316896D+00    0.1000000000D+01
    0.3200000000D+03    0.8091282371D+00    0.1000000000D+01
    0.3210000000D+03    0.8091188558D+00    0.1000000000D+01
    0.3220000000D+03    0.8091285210D+00    0.1000000000D+01
    0.3230000000D+03    0.8091452680D+00    0.1000000000D+01
    0.3240000000D+03    0.8091455431D+00    0.1000000000D+01
    0.3250000000D+03    0.8091371783D+00    0.1000000000D+01
    0.3260000000D+03    0.8091380364D+00    0.1000000000D+01
    0.3270000000D+03    0.8091504524D+00    0.1000000000D+01
    0.3280000000D+03    0.8091580253D+00    0.1000000000D+01
    0.3290000000D+03    0.8091529509D+00    0.1000000000D+01
    0.3300000000D+03    0.8091480170D+00    0.1000000000D+01
    0.3310000000D+03    0.8091531099D+00    0.1000000000D+01
    0.3320000000D+03    0.8091640269D+00    0.1000000000D+01
    0.3330000000D+03    0.8091698923D+00    0.1000000000D+01
    0.3340000000D+03    0.8091678120D+00    0.1000000000D+01
    0.3350000000D+03    0.8091648884D+00    0.1000000000D+01
    0.3360000000D+03    0.8091694719D+00    0.1000000000D+01
    0.3370000000D+03    0.8091804311D+00    0.1000000000D+01
    0.3380000000D+03    0.8091836120D+00    0.1000000000D+01
    0.3390000000D+03    0.8091766043D+00    0.1000000000D+01
    0.3400000000D+03    0.8091730659D+00    0.1000000000D+01
    0.3410000000D+03    0.8091796296D+00    0.1000000000D+01
    0.3420000000D+03    0.8091895987D+00    0.1000000000D+01
    0.3430000000D+03    0.8091922052D+00    0.1000000000D+01
    0.3440000000D+03    0.8091863351D+00    0.1000000000D+01
    0.3450000000D+03    0.8091820365D+00    0.1000000000D+01
    0.3460000000D+03    0.8091927585D+00    0.1000000000D+01
    0.3470000000D+03    0.8092100680D+00    0.1000000000D+01
    0.3480000000D+03    0.8092061807D+00    0.1000000000D+01
    0.3490000000D+03    0.8091920636D+00    0.1000000000D+01
    0.3500000000D+03    0.8091984568D+00    0.1000000000D+01
    0.3510000000D+03    0.8092144715D+00    0.1000000000D+01
    0.3520000000D+03    0.8092174444D+00    0.1000000000D+01
    0.3530000000D+03    0.8092093267D+00    0.1000000000D+01
    0.3540000000D+03    0.8092055540D+00    0.1000000000D+01
    0.3550000000D+03    0.8092130551D+00    0.1000000000D+01
    0.3560000000D+03    0.8092222543D+00    0.1000000000D+01
    0.3570000000D+03    0.8092241767D+00    0.1000000000D+01
    0.3580000000D+03    0.8092207970D+00    0.1000000000D+01
    0.3590000000D+03    0.8092201493D+00    0.1000000000D+01
    0.3600000000D+03    0.8092257008D+00    0.1000000000D+01
    0.3610000000D+03    0.8092341879D+00    0.1000000000D+01
    0.3620000000D+03    0.8092397324D+00    0.1000000000D+01
    0.3630000000D+03    0.8092368809D+00    0.1000000000D+01
    0.3640000000D+03    0.8092315821D+00    0.1000000000D+01
    0.3650000000D+03    0.8092337942D+00    0.1000000000D+01
    0.3660000000D+03    0.8092439407D+00    0.1000000000D+01
    0.3670000000D+03    0.8092490510D+00    0.1000000000D+01
    0.3680000000D+03    0.8092385956D+00    0.1000000000D+01
    0.3690000000D+03    0.8092331207D+00    0.1000000000D+01
    0.3700000000D+03    0.8092477967D+00    0.1000000000D+01
    0.3710000000D+03    0.8092608323D+00    0.1000000000D+01
    0.3720000000D+03    0.8092583202D+00    0.1000000000D+01
    0.3730000000D+03    0.8092512388D+00    0.1000000000D+01
    0.3740000000D+03    0.8092527186D+00    0.1000000000D+01
    0.3750000000D+03    0.8092621988D+00    0.1000000000D+01
    0.3760000000D+03    0.8092683802D+00    0.1000000000D+01
    0.3770000000D+03    0.8092653463D+00    0.1000000000D+01
    0.3780000000D+03    0.8092584117D+00    0.1000000000D+01
    0.3790000000D+03    0.8092609865D+00    0.1000000000D+01
    0.3800000000D+03    0.8092722922D+00    0.1000000000D+01
    0.3810000000D+03    0.8092759913D+00    0.1000000000D+01
    0.3820000000D+03    0.8092731533D+00    0.1000000000D+01
    0.3830000000D+03    0.8092749774D+00    0.1000000000D+01
    0.3840000000D+03    0.8092791388D+00    0.1000000000D+01
    0.3850000000D+03    0.8092792840D+00    0.1000000000D+01
    0.3860000000D+03    0.8092798407D+00    0.1000000000D+01
    0.3870000000D+03    0.8092848376D+00    0.1000000000D+01
    0.3880000000D+03    0.8092869326D+00    0.1000000000D+01
    0.3890000000D+03    0.8092840114D+00    0.1000000000D+01
    0.3900000000D+03    0.8092837714D+00    0.1000000000D+01
    0.3910000000D+03    0.8092939052D+00    0.1000000000D+01
    0.3920000000D+03    0.8093054330D+00    0.1000000000D+01
    0.3930000000D+03    0.8093001184D+00    0.1000000000D+01
    0.3940000000D+03    0.8092920267D+00    0.1000000000D+01
    0.3950000000D+03    0.8092998750D+00    0.1000000000D+01
    0.3960000000D+03    0.8093085511D+00    0.1000000000D+01
    0.3970000000D+03    0.8093073772D+00    0.1000000000D+01
    0.3980000000D+03    0.8093028292D+00    0.1000000000D+01
    0.3990000000D+03    0.8093007158D+00    0.1000000000D+01
    0.4000000000D+03    0.8093038238D+00    0.1000000000D+01
    0.4010000000D+03    0.8093114936D+00    0.1000000000D+01
    0.4020000000D+03    0.8093192630D+00    0.1000000000D+01
    0.4030000000D+03    0.8093190046D+00    0.1000000000D+01
    0.4040000000D+03    0.8093108884D+00    0.1000000000D+01
    0.4050000000D+03    0.8093085052D+00    0.1000000000D+01
    0.4060000000D+03    0.8093210116D+00    0.1000000000D+01
    0.4070000000D+03    0.8093345435D+00    0.1000000000D+01
    0.4080000000D+03    0.8093292197D+00    0.1000000000D+01
    0.4090000000D+03    0.8093161526D+00    0.1000000000D+01
    0.4100000000D+03    0.8093186831D+00    0.1000000000D+01
    0.4110000000D+03    0.8093345882D+00    0.1000000000D+01
    0.4120000000D+03    0.8093428114D+00    0.1000000000D+01
    0.4130000000D+03    0.8093316071D+00    0.1000000000D+01
    0.4140000000D+03    0.8093183028D+00    0.1000000000D+01
    0.4150000000D+03    0.8093239060D+00    0.1000000000D+01
    0.4160000000D+03    0.8093434348D+00    0.1000000000D+01
    0.4170000000D+03    0.8093546451D+00    0.1000000000D+01
    0.4180000000D+03    0.8093447189D+00    0.1000000000D+01
    0.4190000000D+03    0.8093339592D+00    0.1000000000D+01
    0.4200000000D+03    0.8093426680D+00    0.1000000000D+01
    0.4210000000D+03    0.8093565029D+00    0.1000000000D+01
    0.4220000000D+03    0.8093569647D+00    0.1000000000D+01
    0.4230000000D+03    0.8093449761D+00    0.1000000000D+01
    0.4240000000D+03    0.8093363320D+00    0.1000000000D+01
    0.4250000000D+03    0.8093424848D+00    0.1000000000D+01
    0.4260000000D+03    0.8093562578D+00    0.1000000000D+01
    0.4270000000D+03    0.8093644395D+00    0.1000000000D+01
    0.4280000000D+03    0.8093610982D+00    0.1000000000D+01
    0.4290000000D+03    0.8093539090D+00    0.1000000000D+01
    0.4300000000D+03    0.8093535390D+00    0.1000000000D+01
    0.4310000000D+03    0.8093609896D+00    0.1000000000D+01
    0.4320000000D+03    0.8093707367D+00    0.1000000000D+01
    0.4330000000D+03    0.8093735953D+00    0.1000000000D+01
    0.4340000000D+03    0.8093644087D+00    0.1000000000D+01
    0.4350000000D+03    0.8093540259D+00    0.1000000000D+01
    0.4360000000D+03    0.8093654773D+00    0.1000000000D+01
    0.4370000000D+03    0.8093899582D+00    0.1000000000D+01
    0.4380000000D+03    0.8093874914D+00    0.1000000000D+01
    0.4390000000D+03    0.8093661626D+00    0.1000000000D+01
    0.4400000000D+03    0.8093652794D+00    0.1000000000D+01
    0.4410000000D+03    0.8093818700D+00    0.1000000000D+01
    0.4420000000D+03    0.8093917498D+00    0.1000000000D+01
    0.4430000000D+03    0.8093874399D+00    0.1000000000D+01
    0.4440000000D+03    0.8093787789D+00    0.1000000000D+01
    0.4450000000D+03    0.8093767670D+00    0.1000000000D+01
    0.4460000000D+03    0.8093827392D+00    0.1000000000D+01
    0.4470000000D+03    0.8093931645D+00    0.1000000000D+01
    0.4480000000D+03    0.8094001216D+00    0.1000000000D+01
    0.4490000000D+03    0.8093968037D+00    0.1000000000D+01
    0.4500000000D+03    0.8093867855D+00    0.1000000000D+01
    0.4510000000D+03    0.8093852102D+00    0.1000000000D+01
    0.4520000000D+03    0.8093999160D+00    0.1000000000D+01
    0.4530000000D+03    0.8094125228D+00    0.1000000000D+01
    0.4540000000D+03    0.8094060146D+00    0.1000000000D+01
    0.4550000000D+03    0.8093901583D+00    0.1000000000D+01
    0.4560000000D+03    0.8093868750D+00    0.1000000000D+01
    0.4570000000D+03    0.8094033208D+00    0.1000000000D+01
    0.4580000000D+03    0.8094213611D+00    0.1000000000D+01
    0.4590000000D+03    0.8094204652D+00    0.1000000000D+01
    0.4600000000D+03    0.8094018496D+00    0.1000000000D+01
    0.4610000000D+03    0.8093930729D+00    0.1000000000D+01
    0.4620000000D+03    0.8094116174D+00    0.1000000000D+01
    0.4630000000D+03    0.8094316910D+00    0.1000000000D+01
    0.4640000000D+03    0.8094280834D+00    0.1000000000D+01
    0.4650000000D+03    0.8094100122D+00    0.1000000000D+01
    0.4660000000D+03    0.8094026622D+00    0.1000000000D+01
    0.4670000000D+03    0.8094174147D+00    0.1000000000D+01
    0.4680000000D+03    0.8094323446D+00    0.1000000000D+01
    0.4690000000D+03    0.8094286769D+00    0.1000000000D+01
    0.4700000000D+03    0.8094174890D+00    0.1000000000D+01
    0.4710000000D+03    0.8094119514D+00    0.1000000000D+01
    0.4720000000D+03    0.8094154113D+00    0.1000000000D+01
    0.4730000000D+03    0.8094267224D+00    0.1000000000D+01
    0.4740000000D+03    0.8094384621D+00    0.1000000000D+01
    0.4750000000D+03    0.8094381285D+00    0.1000000000D+01
    0.4760000000D+03    0.8094249610D+00    0.1000000000D+01
    0.4770000000D+03    0.8094170298D+00    0.1000000000D+01
    0.4780000000D+03    0.8094285960D+00    0.1000000000D+01
    0.4790000000D+03    0.8094490160D+00    0.1000000000D+01
    0.4800000000D+03    0.8094504998D+00    0.1000000000D+01
    0.4810000000D+03    0.8094304387D+00    0.1000000000D+01
    0.4820000000D+03    0.8094186100D+00    0.1000000000D+01
    0.4830000000D+03    0.8094311814D+00    0.1000000000D+01
    0.4840000000D+03    0.8094546597D+00    0.1000000000D+01
    0.4850000000D+03    0.8094600129D+00    0.1000000000D+01
    0.4860000000D+03    0.8094406787D+00    0.1000000000D+01
    0.4870000000D+03    0.8094277157D+00    0.1000000000D+01
    0.4880000000D+03    0.8094370964D+00    0.1000000000D+01
    0.4890000000D+03    0.8094543765D+00    0.1000000000D+01
    0.4900000000D+03    0.8094644656D+00    0.1000000000D+01
    0.4910000000D+03    0.8094605131D+00    0.1000000000D+01
    0.4920000000D+03    0.8094472823D+00    0.1000000000D+01
    0.4930000000D+03    0.8094412131D+00    0.1000000000D+01
    0.4940000000D+03    0.8094553674D+00    0.1000000000D+01
    0.4950000000D+03    0.8094753074D+00    0.1000000000D+01
    0.4960000000D+03    0.8094744333D+00    0.1000000000D+01
    0.4970000000D+03    0.8094554069D+00    0.1000000000D+01
    0.4980000000D+03    0.8094435654D+00    0.1000000000D+01
    0.4990000000D+03    0.8094542862D+00    0.1000000000D+01
    0.5000000000D+03    0.8094761573D+00    0.1000000000D+01
    0.5010000000D+03    0.8094846747D+00    0.1000000000D+01
    0.5020000000D+03    0.8094730868D+00    0.1000000000D+01
    0.5030000000D+03    0.8094565426D+00    0.1000000000D+01
    0.5040000000D+03    0.8094537230D+00    0.1000000000D+01
    0.5050000000D+03    0.8094687936D+00    0.1000000000D+01
    0.5060000000D+03    0.8094891978D+00    0.1000000000D+01
    0.5070000000D+03    0.8094894390D+00    0.1000000000D+01
    0.5080000000D+03    0.8094624112D+00    0.1000000000D+01
    0.5090000000D+03    0.8094494937D+00    0.1000000000D+01
    0.5100000000D+03    0.8094724841D+00    0.1000000000D+01
    0.5110000000D+03    0.8094941706D+00    0.1000000000D+01
    0.5120000000D+03    0.8094901154D+00    0.1000000000D+01
    0.5130000000D+03    0.8094727274D+00    0.1000000000D+01
    0.5140000000D+03    0.8094616500D+00    0.1000000000D+01
    0.5150000000D+03    0.8094681043D+00    0.1000000000D+01
    0.5160000000D+03    0.8094869636D+00    0.1000000000D+01
    0.5170000000D+03    0.8095009049D+00    0.1000000000D+01
    0.5180000000D+03    0.8094953513D+00    0.1000000000D+01
    0.5190000000D+03    0.8094777151D+00    0.1000000000D+01
    0.5200000000D+03    0.8094698135D+00    0.1000000000D+01
    0.5210000000D+03    0.8094813356D+00    0.1000000000D+01
    0.5220000000D+03    0.8095013504D+00    0.1000000000D+01
    0.5230000000D+03    0.8095091174D+00    0.1000000000D+01
    0.5240000000D+03    0.8094955345D+00    0.1000000000D+01
    0.5250000000D+03    0.8094739378D+00    0.1000000000D+01
    0.5260000000D+03    0.8094732668D+00    0.1000000000D+01
    0.5270000000D+03    0.8095003099D+00    0.1000000000D+01
    0.5280000000D+03    0.8095198884D+00    0.1000000000D+01
    0.5290000000D+03    0.8095081033D+00    0.1000000000D+01
    0.5300000000D+03    0.8094823639D+00    0.1000000000D+01
    0.5310000000D+03    0.8094740894D+00    0.1000000000D+01
    0.5320000000D+03    0.8094949060D+00    0.1000000000D+01
    0.5330000000D+03    0.8095205134D+00    0.1000000000D+01
    0.5340000000D+03    0.8095229849D+00    0.1000000000D+01
    0.5350000000D+03    0.8095020036D+00    0.1000000000D+01
    0.5360000000D+03    0.8094834782D+00    0.1000000000D+01
    0.5370000000D+03    0.8094929244D+00    0.1000000000D+01
    0.5380000000D+03    0.8095191721D+00    0.1000000000D+01
    0.5390000000D+03    0.8095320246D+00    0.1000000000D+01
    0.5400000000D+03    0.8095199272D+00    0.1000000000D+01
    0.5410000000D+03    0.8094976048D+00    0.1000000000D+01
    0.5420000000D+03    0.8094917522D+00    0.1000000000D+01
    0.5430000000D+03    0.8095094800D+00    0.1000000000D+01
    0.5440000000D+03    0.8095325635D+00    0.1000000000D+01
    0.5450000000D+03    0.8095397702D+00    0.1000000000D+01
    0.5460000000D+03    0.8095263906D+00    0.1000000000D+01
    0.5470000000D+03    0.8095071198D+00    0.1000000000D+01
    0.5480000000D+03    0.8095026414D+00    0.1000000000D+01
    0.5490000000D+03    0.8095215462D+00    0.1000000000D+01
    0.5500000000D+03    0.8095447412D+00    0.1000000000D+01
    0.5510000000D+03    0.8095442488D+00    0.1000000000D+01
    0.5520000000D+03    0.8095158144D+00    0.1000000000D+01
    0.5530000000D+03    0.8094905959D+00    0.1000000000D+01
    0.5540000000D+03    0.8095085726D+00    0.1000000000D+01
    0.5550000000D+03    0.8095495942D+00    0.1000000000D+01
    0.5560000000D+03    0.8095572985D+00    0.1000000000D+01
    0.5570000000D+03    0.8095303345D+00    0.1000000000D+01
    0.5580000000D+03    0.8095071342D+00    0.1000000000D+01
    0.5590000000D+03    0.8095102726D+00    0.1000000000D+01
    0.5600000000D+03    0.8095329436D+00    0.1000000000D+01
    0.5610000000D+03    0.8095510857D+00    0.1000000000D+01
    0.5620000000D+03    0.8095492550D+00    0.1000000000D+01
    0.5630000000D+03    0.8095302814D+00    0.1000000000D+01
    0.5640000000D+03    0.8095115943D+00    0.1000000000D+01
    0.5650000000D+03    0.8095145876D+00    0.1000000000D+01
    0.5660000000D+03    0.8095424563D+00    0.1000000000D+01
    0.5670000000D+03    0.8095661710D+00    0.1000000000D+01
    0.5680000000D+03    0.8095549248D+00    0.1000000000D+01
    0.5690000000D+03    0.8095248326D+00    0.1000000000D+01
    0.5700000000D+03    0.8095141183D+00    0.1000000000D+01
    0.5710000000D+03    0.8095309713D+00    0.1000000000D+01
    0.5720000000D+03    0.8095570007D+00    0.1000000000D+01
    0.5730000000D+03    0.8095688221D+00    0.1000000000D+01
    0.5740000000D+03    0.8095536930D+00    0.1000000000D+01
    0.5750000000D+03    0.8095223267D+00    0.1000000000D+01
    0.5760000000D+03    0.8095118595D+00    0.1000000000D+01
    0.5770000000D+03    0.8095424360D+00    0.1000000000D+01
    0.5780000000D+03    0.8095780073D+00    0.1000000000D+01
    0.5790000000D+03    0.8095775752D+00    0.1000000000D+01
    0.5800000000D+03    0.8095439707D+00    0.1000000000D+01
    0.5810000000D+03    0.8095155859D+00    0.1000000000D+01
    0.5820000000D+03    0.8095285764D+00    0.1000000000D+01
    0.5830000000D+03    0.8095684537D+00    0.1000000000D+01
    0.5840000000D+03    0.8095893595D+00    0.1000000000D+01
    0.5850000000D+03    0.8095710121D+00    0.1000000000D+01
    0.5860000000D+03    0.8095357586D+00    0.1000000000D+01
    0.5870000000D+03    0.8095238765D+00    0.1000000000D+01
    0.5880000000D+03    0.8095465646D+00    0.1000000000D+01
    0.5890000000D+03    0.8095789796D+00    0.1000000000D+01
    0.5900000000D+03    0.8095913138D+00    0.1000000000D+01
    0.5910000000D+03    0.8095731102D+00    0.1000000000D+01
    0.5920000000D+03    0.8095412462D+00    0.1000000000D+01
    0.5930000000D+03    0.8095279206D+00    0.1000000000D+01
    0.5940000000D+03    0.8095529995D+00    0.1000000000D+01
    0.5950000000D+03    0.8095959967D+00    0.1000000000D+01
    0.5960000000D+03    0.8096102732D+00    0.1000000000D+01
    0.5970000000D+03    0.8095724114D+00    0.1000000000D+01
    0.5980000000D+03    0.8095207877D+00    0.1000000000D+01
    0.5990000000D+03    0.8095261489D+00    0.1000000000D+01
    0.6000000000D+03    0.8095857208D+00    0.1000000000D+01
    0.6010000000D+03    0.8096215321D+00    0.1000000000D+01
    0.6020000000D+03    0.8095980170D+00    0.1000000000D+01
    0.6030000000D+03    0.8095499167D+00    0.1000000000D+01
    0.6040000000D+03    0.8095286146D+00    0.1000000000D+01
    0.6050000000D+03    0.8095543804D+00    0.1000000000D+01
    0.6060000000D+03    0.8096005757D+00    0.1000000000D+01
    0.6070000000D+03    0.8096214970D+00    0.1000000000D+01
    0.6080000000D+03    0.8095943852D+00    0.1000000000D+01
    0.6090000000D+03    0.8095471001D+00    0.1000000000D+01
    0.6100000000D+03    0.8095312048D+00    0.1000000000D+01
    0.6110000000D+03    0.8095656463D+00    0.1000000000D+01
    0.6120000000D+03    0.8096164060D+00    0.1000000000D+01
    0.6130000000D+03    0.8096284791D+00    0.1000000000D+01
    0.6140000000D+03    0.8095884641D+00    0.1000000000D+01
    0.6150000000D+03    0.8095393542D+00    0.1000000000D+01
    0.6160000000D+03    0.8095339551D+00    0.1000000000D+01
    0.6170000000D+03    0.8095810677D+00    0.1000000000D+01
    0.6180000000D+03    0.8096312513D+00    0.1000000000D+01
    0.6190000000D+03    0.8096313878D+00    0.1000000000D+01
    0.6200000000D+03    0.8095817087D+00    0.1000000000D+01
    0.6210000000D+03    0.8095348634D+00    0.1000000000D+01
    0.6220000000D+03    0.8095408011D+00    0.1000000000D+01
    0.6230000000D+03    0.8095964548D+00    0.1000000000D+01
    0.6240000000D+03    0.8096484654D+00    0.1000000000D+01
    0.6250000000D+03    0.8096330289D+00    0.1000000000D+01
    0.6260000000D+03    0.8095605684D+00    0.1000000000D+01
    0.6270000000D+03    0.8095227723D+00    0.1000000000D+01
    0.6280000000D+03    0.8095630982D+00    0.1000000000D+01
    0.6290000000D+03    0.8096292523D+00    0.1000000000D+01
    0.6300000000D+03    0.8096536882D+00    0.1000000000D+01
    0.6310000000D+03    0.8096182745D+00    0.1000000000D+01
    0.6320000000D+03    0.8095602586D+00    0.1000000000D+01
    0.6330000000D+03    0.8095363165D+00    0.1000000000D+01
    0.6340000000D+03    0.8095728784D+00    0.1000000000D+01
    0.6350000000D+03    0.8096359079D+00    0.1000000000D+01
    0.6360000000D+03    0.8096601967D+00    0.1000000000D+01
    0.6370000000D+03    0.8096178561D+00    0.1000000000D+01
    0.6380000000D+03    0.8095509900D+00    0.1000000000D+01
    0.6390000000D+03    0.8095325826D+00    0.1000000000D+01
    0.6400000000D+03    0.8095862851D+00    0.1000000000D+01
    0.6410000000D+03    0.8096584218D+00    0.1000000000D+01
    0.6420000000D+03    0.8096717169D+00    0.1000000000D+01
    0.6430000000D+03    0.8096085683D+00    0.1000000000D+01
    0.6440000000D+03    0.8095391696D+00    0.1000000000D+01
    0.6450000000D+03    0.8095395967D+00    0.1000000000D+01
    0.6460000000D+03    0.8096104197D+00    0.1000000000D+01
    0.6470000000D+03    0.8096788044D+00    0.1000000000D+01
    0.6480000000D+03    0.8096667641D+00    0.1000000000D+01
    0.6490000000D+03    0.8095872589D+00    0.1000000000D+01
    0.6500000000D+03    0.8095325824D+00    0.1000000000D+01
    0.6510000000D+03    0.8095603337D+00    0.1000000000D+01
    0.6520000000D+03    0.8096375799D+00    0.1000000000D+01
    0.6530000000D+03    0.8096848204D+00    0.1000000000D+01
    0.6540000000D+03    0.8096574215D+00    0.1000000000D+01
    0.6550000000D+03    0.8095823767D+00    0.1000000000D+01
    0.6560000000D+03    0.8095351583D+00    0.1000000000D+01
    0.6570000000D+03    0.8095695135D+00    0.1000000000D+01
    0.6580000000D+03    0.8096504883D+00    0.1000000000D+01
    0.6590000000D+03    0.8096922070D+00    0.1000000000D+01
    0.6600000000D+03    0.8096529054D+00    0.1000000000D+01
    0.6610000000D+03    0.8095747805D+00    0.1000000000D+01
    0.6620000000D+03    0.8095404364D+00    0.1000000000D+01
    0.6630000000D+03    0.8095858631D+00    0.1000000000D+01
    0.6640000000D+03    0.8096622975D+00    0.1000000000D+01
    0.6650000000D+03    0.8096906012D+00    0.1000000000D+01
    0.6660000000D+03    0.8096467952D+00    0.1000000000D+01
    0.6670000000D+03    0.8095748718D+00    0.1000000000D+01
    0.6680000000D+03    0.8095426642D+00    0.1000000000D+01
    0.6690000000D+03    0.8095926848D+00    0.1000000000D+01
    0.6700000000D+03    0.8096779316D+00    0.1000000000D+01
    0.6710000000D+03    0.8097009028D+00    0.1000000000D+01
    0.6720000000D+03    0.8096391692D+00    0.1000000000D+01
    0.6730000000D+03    0.8095621961D+00    0.1000000000D+01
    0.6740000000D+03    0.8095515466D+00    0.1000000000D+01
    0.6750000000D+03    0.8096176990D+00    0.1000000000D+01
    0.6760000000D+03    0.8096887743D+00    0.1000000000D+01
    0.6770000000D+03    0.8096931005D+00    0.1000000000D+01
    0.6780000000D+03    0.8096289877D+00    0.1000000000D+01
    0.6790000000D+03    0.8095625867D+00    0.1000000000D+01
    0.6800000000D+03    0.8095627430D+00    0.1000000000D+01
    0.6810000000D+03    0.8096304047D+00    0.1000000000D+01
    0.6820000000D+03    0.8096964675D+00    0.1000000000D+01
    0.6830000000D+03    0.8096922020D+00    0.1000000000D+01
    0.6840000000D+03    0.8096232700D+00    0.1000000000D+01
    0.6850000000D+03    0.8095617969D+00    0.1000000000D+01
    0.6860000000D+03    0.8095736059D+00    0.1000000000D+01
    0.6870000000D+03    0.8096493555D+00    0.1000000000D+01
    0.6880000000D+03    0.8097065822D+00    0.1000000000D+01
    0.6890000000D+03    0.8096847025D+00    0.1000000000D+01
    0.6900000000D+03    0.8096110145D+00    0.1000000000D+01
    0.6910000000D+03    0.8095649943D+00    0.1000000000D+01
    0.6920000000D+03    0.8095928204D+00    0.1000000000D+01
    0.6930000000D+03    0.8096618857D+00    0.1000000000D+01
    0.6940000000D+03    0.8097047056D+00    0.1000000000D+01
    0.6950000000D+03    0.8096814731D+00    0.1000000000D+01
    0.6960000000D+03    0.8096163143D+00    0.1000000000D+01
    0.6970000000D+03    0.8095779902D+00    0.1000000000D+01
    0.6980000000D+03    0.8096044119D+00    0.1000000000D+01
    0.6990000000D+03    0.8096691036D+00    0.1000000000D+01
    0.7000000000D+03    0.8097066676D+00    0.1000000000D+01
    0.7010000000D+03    0.8096740661D+00    0.1000000000D+01
    0.7020000000D+03    0.8096069033D+00    0.1000000000D+01
    0.7030000000D+03    0.8095812349D+00    0.1000000000D+01
    0.7040000000D+03    0.8096253337D+00    0.1000000000D+01
    0.7050000000D+03    0.8096906483D+00    0.1000000000D+01
    0.7060000000D+03    0.8097074620D+00    0.1000000000D+01
    0.7070000000D+03    0.8096590400D+00    0.1000000000D+01
    0.7080000000D+03    0.8095974429D+00    0.1000000000D+01
    0.7090000000D+03    0.8095912548D+00    0.1000000000D+01
    0.7100000000D+03    0.8096476836D+00    0.1000000000D+01
    0.7110000000D+03    0.8097014887D+00    0.1000000000D+01
    0.7120000000D+03    0.8096927848D+00    0.1000000000D+01
    0.7130000000D+03    0.8096406543D+00    0.1000000000D+01
    0.7140000000D+03    0.8096119331D+00    0.1000000000D+01
    0.7150000000D+03    0.8096254879D+00    0.1000000000D+01
    0.7160000000D+03    0.8096585087D+00    0.1000000000D+01
    0.7170000000D+03    0.8096911739D+00    0.1000000000D+01
    0.7180000000D+03    0.8096905346D+00    0.1000000000D+01
    0.7190000000D+03    0.8096470540D+00    0.1000000000D+01
    0.7200000000D+03    0.8096104797D+00    0.1000000000D+01
    0.7210000000D+03    0.8096271492D+00    0.1000000000D+01
    0.7220000000D+03    0.8096784362D+00    0.1000000000D+01
    0.7230000000D+03    0.8097042697D+00    0.1000000000D+01
    0.7240000000D+03    0.8096773977D+00    0.1000000000D+01
    0.7250000000D+03    0.8096309715D+00    0.1000000000D+01
    0.7260000000D+03    0.8096176060D+00    0.1000000000D+01
    0.7270000000D+03    0.8096518905D+00    0.1000000000D+01
    0.7280000000D+03    0.8096956377D+00    0.1000000000D+01
    0.7290000000D+03    0.8097049027D+00    0.1000000000D+01
    0.7300000000D+03    0.8096698112D+00    0.1000000000D+01
    0.7310000000D+03    0.8096225615D+00    0.1000000000D+01
    0.7320000000D+03    0.8096154281D+00    0.1000000000D+01
    0.7330000000D+03    0.8096640655D+00    0.1000000000D+01
    0.7340000000D+03    0.8097190673D+00    0.1000000000D+01
    0.7350000000D+03    0.8097137687D+00    0.1000000000D+01
    0.7360000000D+03    0.8096493644D+00    0.1000000000D+01
    0.7370000000D+03    0.8096009604D+00    0.1000000000D+01
    0.7380000000D+03    0.8096277681D+00    0.1000000000D+01
    0.7390000000D+03    0.8097044964D+00    0.1000000000D+01
    0.7400000000D+03    0.8097420470D+00    0.1000000000D+01
    0.7410000000D+03    0.8096971663D+00    0.1000000000D+01
    0.7420000000D+03    0.8096274829D+00    0.1000000000D+01
    0.7430000000D+03    0.8096066309D+00    0.1000000000D+01
    0.7440000000D+03    0.8096502616D+00    0.1000000000D+01
    0.7450000000D+03    0.8097150321D+00    0.1000000000D+01
    0.7460000000D+03    0.8097379730D+00    0.1000000000D+01
    0.7470000000D+03    0.8096966419D+00    0.1000000000D+01
    0.7480000000D+03    0.8096300916D+00    0.1000000000D+01
    0.7490000000D+03    0.8096063789D+00    0.1000000000D+01
    0.7500000000D+03    0.8096550533D+00    0.1000000000D+01
    0.7510000000D+03    0.8097283077D+00    0.1000000000D+01
    0.7520000000D+03    0.8097503950D+00    0.1000000000D+01
    0.7530000000D+03    0.8096980906D+00    0.1000000000D+01
    0.7540000000D+03    0.8096235953D+00    0.1000000000D+01
    0.7550000000D+03    0.8096017448D+00    0.1000000000D+01
    0.7560000000D+03    0.8096601413D+00    0.1000000000D+01
    0.7570000000D+03    0.8097431711D+00    0.1000000000D+01
    0.7580000000D+03    0.8097611225D+00    0.1000000000D+01
    0.7590000000D+03    0.8096954361D+00    0.1000000000D+01
    0.7600000000D+03    0.8096141124D+00    0.1000000000D+01
    0.7610000000D+03    0.8096004761D+00    0.1000000000D+01
    0.7620000000D+03    0.8096732626D+00    0.1000000000D+01
    0.7630000000D+03    0.8097570688D+00    0.1000000000D+01
    0.7640000000D+03    0.8097643545D+00    0.1000000000D+01
    0.7650000000D+03    0.8096882881D+00    0.1000000000D+01
    0.7660000000D+03    0.8096078102D+00    0.1000000000D+01
    0.7670000000D+03    0.8096097828D+00    0.1000000000D+01
    0.7680000000D+03    0.8096897654D+00    0.1000000000D+01
    0.7690000000D+03    0.8097610494D+00    0.1000000000D+01
    0.7700000000D+03    0.8097541876D+00    0.1000000000D+01
    0.7710000000D+03    0.8096831104D+00    0.1000000000D+01
    0.7720000000D+03    0.8096208914D+00    0.1000000000D+01
    0.7730000000D+03    0.8096254432D+00    0.1000000000D+01
    0.7740000000D+03    0.8096930401D+00    0.1000000000D+01
    0.7750000000D+03    0.8097559573D+00    0.1000000000D+01
    0.7760000000D+03    0.8097474549D+00    0.1000000000D+01
    0.7770000000D+03    0.8096805046D+00    0.1000000000D+01
    0.7780000000D+03    0.8096302729D+00    0.1000000000D+01
    0.7790000000D+03    0.8096475843D+00    0.1000000000D+01
    0.7800000000D+03    0.8097066913D+00    0.1000000000D+01
    0.7810000000D+03    0.8097426476D+00    0.1000000000D+01
    0.7820000000D+03    0.8097253915D+00    0.1000000000D+01
    0.7830000000D+03    0.8096850323D+00    0.1000000000D+01
    0.7840000000D+03    0.8096656203D+00    0.1000000000D+01
    0.7850000000D+03    0.8096707954D+00    0.1000000000D+01
    0.7860000000D+03    0.8096915504D+00    0.1000000000D+01
    0.7870000000D+03    0.8097222669D+00    0.1000000000D+01
    0.7880000000D+03    0.8097289809D+00    0.1000000000D+01
    0.7890000000D+03    0.8096979180D+00    0.1000000000D+01
    0.7900000000D+03    0.8096707211D+00    0.1000000000D+01
    0.7910000000D+03    0.8096802775D+00    0.1000000000D+01
    0.7920000000D+03    0.8097100955D+00    0.1000000000D+01
    0.7930000000D+03    0.8097228543D+00    0.1000000000D+01
    0.7940000000D+03    0.8097075274D+00    0.1000000000D+01
    0.7950000000D+03    0.8096872949D+00    0.1000000000D+01
    0.7960000000D+03    0.8096884016D+00    0.1000000000D+01
    0.7970000000D+03    0.8097099133D+00    0.1000000000D+01
    0.7980000000D+03    0.8097242972D+00    0.1000000000D+01
    0.7990000000D+03    0.8097127461D+00    0.1000000000D+01
    0.8000000000D+03    0.8096860592D+00    0.1000000000D+01
    0.8010000000D+03    0.8096766655D+00    0.1000000000D+01
    0.8020000000D+03    0.8097043457D+00    0.1000000000D+01
    0.8030000000D+03    0.8097436101D+00    0.1000000000D+01
    0.8040000000D+03    0.8097457941D+00    0.1000000000D+01
    0.8050000000D+03    0.8096969315D+00    0.1000000000D+01
    0.8060000000D+03    0.8096525057D+00    0.1000000000D+01
    0.8070000000D+03    0.8096727625D+00    0.1000000000D+01
    0.8080000000D+03    0.8097353351D+00    0.1000000000D+01
    0.8090000000D+03    0.8097724161D+00    0.1000000000D+01
    0.8100000000D+03    0.8097486246D+00    0.1000000000D+01
    0.8110000000D+03    0.8096861153D+00    0.1000000000D+01
    0.8120000000D+03    0.8096446116D+00    0.1000000000D+01
    0.8130000000D+03    0.8096677648D+00    0.1000000000D+01
    0.8140000000D+03    0.8097403548D+00    0.1000000000D+01
    0.8150000000D+03    0.8097897538D+00    0.1000000000D+01
    0.8160000000D+03    0.8097605064D+00    0.1000000000D+01
    0.8170000000D+03    0.8096835868D+00    0.1000000000D+01
    0.8180000000D+03    0.8096381159D+00    0.1000000000D+01
    0.8190000000D+03    0.8096691495D+00    0.1000000000D+01
    0.8200000000D+03    0.8097452218D+00    0.1000000000D+01
    0.8210000000D+03    0.8097904447D+00    0.1000000000D+01
    0.8220000000D+03    0.8097629233D+00    0.1000000000D+01
    0.8230000000D+03    0.8096933827D+00    0.1000000000D+01
    0.8240000000D+03    0.8096505090D+00    0.1000000000D+01
    0.8250000000D+03    0.8096708789D+00    0.1000000000D+01
    0.8260000000D+03    0.8097308624D+00    0.1000000000D+01
    0.8270000000D+03    0.8097756034D+00    0.1000000000D+01
    0.8280000000D+03    0.8097702211D+00    0.1000000000D+01
    0.8290000000D+03    0.8097233309D+00    0.1000000000D+01
    0.8300000000D+03    0.8096683676D+00    0.1000000000D+01
    0.8310000000D+03    0.8096578940D+00    0.1000000000D+01
    0.8320000000D+03    0.8097172078D+00    0.1000000000D+01
    0.8330000000D+03    0.8097834575D+00    0.1000000000D+01
    0.8340000000D+03    0.8097814503D+00    0.1000000000D+01
    0.8350000000D+03    0.8097198858D+00    0.1000000000D+01
    0.8360000000D+03    0.8096671140D+00    0.1000000000D+01
    0.8370000000D+03    0.8096737572D+00    0.1000000000D+01
    0.8380000000D+03    0.8097255633D+00    0.1000000000D+01
    0.8390000000D+03    0.8097682268D+00    0.1000000000D+01
    0.8400000000D+03    0.8097656709D+00    0.1000000000D+01
    0.8410000000D+03    0.8097291132D+00    0.1000000000D+01
    0.8420000000D+03    0.8096977911D+00    0.1000000000D+01
    0.8430000000D+03    0.8096982565D+00    0.1000000000D+01
    0.8440000000D+03    0.8097241912D+00    0.1000000000D+01
    0.8450000000D+03    0.8097454612D+00    0.1000000000D+01
    0.8460000000D+03    0.8097444203D+00    0.1000000000D+01
    0.8470000000D+03    0.8097322546D+00    0.1000000000D+01
    0.8480000000D+03    0.8097250361D+00    0.1000000000D+01
    0.8490000000D+03    0.8097280056D+00    0.1000000000D+01
    0.8500000000D+03    0.8097324440D+00    0.1000000000D+01
    0.8510000000D+03    0.8097263054D+00    0.1000000000D+01
    0.8520000000D+03    0.8097160567D+00    0.1000000000D+01
    0.8530000000D+03    0.8097264975D+00    0.1000000000D+01
    0.8540000000D+03    0.8097610700D+00    0.1000000000D+01
    0.8550000000D+03    0.8097734434D+00    0.1000000000D+01
    0.8560000000D+03    0.8097362185D+00    0.1000000000D+01
    0.8570000000D+03    0.8096922106D+00    0.1000000000D+01
    0.8580000000D+03    0.8096905065D+00    0.1000000000D+01
    0.8590000000D+03    0.8097336880D+00    0.1000000000D+01
    0.8600000000D+03    0.8097818280D+00    0.1000000000D+01
    0.8610000000D+03    0.8097889619D+00    0.1000000000D+01
    0.8620000000D+03    0.8097472708D+00    0.1000000000D+01
    0.8630000000D+03    0.8096916275D+00    0.1000000000D+01
    0.8640000000D+03    0.8096754410D+00    0.1000000000D+01
    0.8650000000D+03    0.8097216904D+00    0.1000000000D+01
    0.8660000000D+03    0.8097880156D+00    0.1000000000D+01
    0.8670000000D+03    0.8098060985D+00    0.1000000000D+01
    0.8680000000D+03    0.8097574454D+00    0.1000000000D+01
    0.8690000000D+03    0.8096954197D+00    0.1000000000D+01
    0.8700000000D+03    0.8096815794D+00    0.1000000000D+01
    0.8710000000D+03    0.8097214559D+00    0.1000000000D+01
    0.8720000000D+03    0.8097717110D+00    0.1000000000D+01
    0.8730000000D+03    0.8097941261D+00    0.1000000000D+01
    0.8740000000D+03    0.8097793897D+00    0.1000000000D+01
    0.8750000000D+03    0.8097294670D+00    0.1000000000D+01
    0.8760000000D+03    0.8096804132D+00    0.1000000000D+01
    0.8770000000D+03    0.8096913739D+00    0.1000000000D+01
    0.8780000000D+03    0.8097590314D+00    0.1000000000D+01
    0.8790000000D+03    0.8098133119D+00    0.1000000000D+01
    0.8800000000D+03    0.8097981453D+00    0.1000000000D+01
    0.8810000000D+03    0.8097311253D+00    0.1000000000D+01
    0.8820000000D+03    0.8096850115D+00    0.1000000000D+01
    0.8830000000D+03    0.8097039038D+00    0.1000000000D+01
    0.8840000000D+03    0.8097603840D+00    0.1000000000D+01
    0.8850000000D+03    0.8097956175D+00    0.1000000000D+01
    0.8860000000D+03    0.8097830011D+00    0.1000000000D+01
    0.8870000000D+03    0.8097431789D+00    0.1000000000D+01
    0.8880000000D+03    0.8097122670D+00    0.1000000000D+01
    0.8890000000D+03    0.8097178136D+00    0.1000000000D+01
    0.8900000000D+03    0.8097555028D+00    0.1000000000D+01
    0.8910000000D+03    0.8097861857D+00    0.1000000000D+01
    0.8920000000D+03    0.8097776611D+00    0.1000000000D+01
    0.8930000000D+03    0.8097416256D+00    0.1000000000D+01
    0.8940000000D+03    0.8097210549D+00    0.1000000000D+01
    0.8950000000D+03    0.8097386424D+00    0.1000000000D+01
    0.8960000000D+03    0.8097728499D+00    0.1000000000D+01
    0.8970000000D+03    0.8097825565D+00    0.1000000000D+01
    0.8980000000D+03    0.8097550215D+00    0.1000000000D+01
    0.8990000000D+03    0.8097270928D+00    0.1000000000D+01
    0.9000000000D+03    0.8097360244D+00    0.1000000000D+01
    0.9010000000D+03    0.8097732122D+00    0.1000000000D+01
    0.9020000000D+03    0.8097926420D+00    0.1000000000D+01
    0.9030000000D+03    0.8097646412D+00    0.1000000000D+01
    0.9040000000D+03    0.8097286148D+00    0.1000000000D+01
    0.9050000000D+03    0.8097341793D+00    0.1000000000D+01
    0.9060000000D+03    0.8097670674D+00    0.1000000000D+01
    0.9070000000D+03    0.8097864230D+00    0.1000000000D+01
    0.9080000000D+03    0.8097760434D+00    0.1000000000D+01
    0.9090000000D+03    0.8097516996D+00    0.1000000000D+01
    0.9100000000D+03    0.8097392359D+00    0.1000000000D+01
    0.9110000000D+03    0.8097493258D+00    0.1000000000D+01
    0.9120000000D+03    0.8097717541D+00    0.1000000000D+01
    0.9130000000D+03    0.8097847417D+00    0.1000000000D+01
    0.9140000000D+03    0.8097749861D+00    0.1000000000D+01
    0.9150000000D+03    0.8097501618D+00    0.1000000000D+01
    0.9160000000D+03    0.8097374548D+00    0.1000000000D+01
    0.9170000000D+03    0.8097545818D+00    0.1000000000D+01
    0.9180000000D+03    0.8097833065D+00    0.1000000000D+01
    0.9190000000D+03    0.8097920602D+00    0.1000000000D+01
    0.9200000000D+03    0.8097703810D+00    0.1000000000D+01
    0.9210000000D+03    0.8097438091D+00    0.1000000000D+01
    0.9220000000D+03    0.8097423322D+00    0.1000000000D+01
    0.9230000000D+03    0.8097633433D+00    0.1000000000D+01
    0.9240000000D+03    0.8097883732D+00    0.1000000000D+01
    0.9250000000D+03    0.8097956459D+00    0.1000000000D+01
    0.9260000000D+03    0.8097739066D+00    0.1000000000D+01
    0.9270000000D+03    0.8097434578D+00    0.1000000000D+01
    0.9280000000D+03    0.8097362127D+00    0.1000000000D+01
    0.9290000000D+03    0.8097641146D+00    0.1000000000D+01
    0.9300000000D+03    0.8098023242D+00    0.1000000000D+01
    0.9310000000D+03    0.8098108091D+00    0.1000000000D+01
    0.9320000000D+03    0.8097784019D+00    0.1000000000D+01
    0.9330000000D+03    0.8097349381D+00    0.1000000000D+01
    0.9340000000D+03    0.8097258034D+00    0.1000000000D+01
    0.9350000000D+03    0.8097633787D+00    0.1000000000D+01
    0.9360000000D+03    0.8098131000D+00    0.1000000000D+01
    0.9370000000D+03    0.8098294146D+00    0.1000000000D+01
    0.9380000000D+03    0.8097939971D+00    0.1000000000D+01
    0.9390000000D+03    0.8097352611D+00    0.1000000000D+01
    0.9400000000D+03    0.8097082840D+00    0.1000000000D+01
    0.9410000000D+03    0.8097441364D+00    0.1000000000D+01
    0.9420000000D+03    0.8098151443D+00    0.1000000000D+01
    0.9430000000D+03    0.8098547581D+00    0.1000000000D+01
    0.9440000000D+03    0.8098172224D+00    0.1000000000D+01
    0.9450000000D+03    0.8097292009D+00    0.1000000000D+01
    0.9460000000D+03    0.8096887481D+00    0.1000000000D+01
    0.9470000000D+03    0.8097485971D+00    0.1000000000D+01
    0.9480000000D+03    0.8098309668D+00    0.1000000000D+01
    0.9490000000D+03    0.8098462974D+00    0.1000000000D+01
    0.9500000000D+03    0.8097992690D+00    0.1000000000D+01
    0.9510000000D+03    0.8097456776D+00    0.1000000000D+01
    0.9520000000D+03    0.8097295439D+00    0.1000000000D+01
    0.9530000000D+03    0.8097562798D+00    0.1000000000D+01
    0.9540000000D+03    0.8097974122D+00    0.1000000000D+01
    0.9550000000D+03    0.8098156830D+00    0.1000000000D+01
    0.9560000000D+03    0.8097990259D+00    0.1000000000D+01
    0.9570000000D+03    0.8097734765D+00    0.1000000000D+01
    0.9580000000D+03    0.8097674774D+00    0.1000000000D+01
    0.9590000000D+03    0.8097795043D+00    0.1000000000D+01
    0.9600000000D+03    0.8097862813D+00    0.1000000000D+01
    0.9610000000D+03    0.8097782568D+00    0.1000000000D+01
    0.9620000000D+03    0.8097708452D+00    0.1000000000D+01
    0.9630000000D+03    0.8097806579D+00    0.1000000000D+01
    0.9640000000D+03    0.8098059666D+00    0.1000000000D+01
    0.9650000000D+03    0.8098188903D+00    0.1000000000D+01
    0.9660000000D+03    0.8097944496D+00    0.1000000000D+01
    0.9670000000D+03    0.8097489572D+00    0.1000000000D+01
    0.9680000000D+03    0.8097314198D+00    0.1000000000D+01
    0.9690000000D+03    0.8097737110D+00    0.1000000000D+01
    0.9700000000D+03    0.8098393268D+00    0.1000000000D+01
    0.9710000000D+03    0.8098584611D+00    0.1000000000D+01
    0.9720000000D+03    0.8098082226D+00    0.1000000000D+01
    0.9730000000D+03    0.8097350045D+00    0.1000000000D+01
    0.9740000000D+03    0.8097130665D+00    0.1000000000D+01
    0.9750000000D+03    0.8097641994D+00    0.1000000000D+01
    0.9760000000D+03    0.8098362583D+00    0.1000000000D+01
    0.9770000000D+03    0.8098643967D+00    0.1000000000D+01
    0.9780000000D+03    0.8098275104D+00    0.1000000000D+01
    0.9790000000D+03    0.8097631976D+00    0.1000000000D+01
    0.9800000000D+03    0.8097276145D+00    0.1000000000D+01
    0.9810000000D+03    0.8097455264D+00    0.1000000000D+01
    0.9820000000D+03    0.8098001039D+00    0.1000000000D+01
    0.9830000000D+03    0.8098472551D+00    0.1000000000D+01
    0.9840000000D+03    0.8098486438D+00    0.1000000000D+01
    0.9850000000D+03    0.8098043974D+00    0.1000000000D+01
    0.9860000000D+03    0.8097556276D+00    0.1000000000D+01
    0.9870000000D+03    0.8097429499D+00    0.1000000000D+01
    0.9880000000D+03    0.8097702374D+00    0.1000000000D+01
    0.9890000000D+03    0.8098108254D+00    0.1000000000D+01
    0.9900000000D+03    0.8098330637D+00    0.1000000000D+01
    0.9910000000D+03    0.8098285033D+00    0.1000000000D+01
    0.9920000000D+03    0.8098029341D+00    0.1000000000D+01
    0.9930000000D+03    0.8097683705D+00    0.1000000000D+01
    0.9940000000D+03    0.8097586165D+00    0.1000000000D+01
    0.9950000000D+03    0.8097843019D+00    0.1000000000D+01
    0.9960000000D+03    0.8098094825D+00    0.1000000000D+01
    0.9970000000D+03    0.8098125276D+00    0.1000000000D+01
    0.9980000000D+03    0.8098076548D+00    0.1000000000D+01
    0.9990000000D+03    0.8098093762D+00    0.1000000000D+01
    0.1000000000D+04    0.8098096950D+00    0.1000000000D+01
