    0.0000000000D+00    0.1000000000D+01    0.1000000000D+01
    0.1000000000D+01    0.9969213743D+00    0.1000000000D+01
    0.2000000000D+01    0.9879978380D+00    0.1000000000D+01
    0.3000000000D+01    0.9742422774D+00    0.1000000000D+01
    0.4000000000D+01    0.9568940535D+00    0.1000000000D+01
    0.5000000000D+01    0.9371667662D+00    0.1000000000D+01
    0.6000000000D+01    0.9161501051D+00    0.1000000000D+01
    0.7000000000D+01    0.8947614830D+00    0.1000000000D+01
    0.8000000000D+01    0.8737251881D+00    0.1000000000D+01
    0.9000000000D+01    0.8535812067D+00    0.1000000000D+01
    0.1000000000D+02    0.8347029396D+00    0.1000000000D+01
    0.1100000000D+02    0.8173258130D+00    0.1000000000D+01
    0.1200000000D+02    0.8015748744D+00    0.1000000000D+01
    0.1300000000D+02    0.7874871529D+00    0.1000000000D+01
    0.1400000000D+02    0.7750406692D+00    0.1000000000D+01
    0.1500000000D+02    0.7641625213D+00    0.1000000000D+01
    0.1600000000D+02    0.7547560819D+00    0.1000000000D+01
    0.1700000000D+02    0.7467017857D+00    0.1000000000D+01
    0.1800000000D+02    0.7398719649D+00    0.1000000000D+01
    0.1900000000D+02    0.7341400026D+00    0.1000000000D+01
    0.2000000000D+02    0.7293730158D+00    0.1000000000D+01
    0.2100000000D+02    0.7254554577D+00    0.1000000000D+01
    0.2200000000D+02    0.7222685658D+00    0.1000000000D+01
    0.2300000000D+02    0.7197096627D+00    0.1000000000D+01
    0.2400000000D+02    0.7176871263D+00    0.1000000000D+01
    0.2500000000D+02    0.7161104319D+00    0.1000000000D+01
    0.2600000000D+02    0.7149137789D+00    0.1000000000D+01
    0.2700000000D+02    0.7140258040D+00    0.1000000000D+01
    0.2800000000D+02    0.7133934297D+00    0.1000000000D+01
    0.2900000000D+02    0.7129719872D+00    0.1000000000D+01
    0.3000000000D+02    0.7127142532D+00    0.1000000000D+01
    0.3100000000D+02    0.7125939930D+00    0.1000000000D+01
    0.3200000000D+02    0.7125780979D+00    0.1000000000D+01
    0.3300000000D+02    0.7126439083D+00    0.1000000000D+01
    0.3400000000D+02    0.7127765343D+00    0.1000000000D+01
    0.3500000000D+02    0.7129563101D+00    0.1000000000D+01
    0.3600000000D+02    0.7131734604D+00    0.1000000000D+01
    0.3700000000D+02    0.7134197293D+00    0.1000000000D+01
    0.3800000000D+02    0.7136844536D+00    0.1000000000D+01
    0.3900000000D+02    0.7139631171D+00    0.1000000000D+01
    0.4000000000D+02    0.7142541227D+00    0.1000000000D+01
    0.4100000000D+02    0.7145466855D+00    0.1000000000D+01
    0.4200000000D+02    0.7148445189D+00    0.1000000000D+01
    0.4300000000D+02    0.7151449050D+00    0.1000000000D+01
    0.4400000000D+02    0.7154392457D+00    0.1000000000D+01
    0.4500000000D+02    0.7157389199D+00    0.1000000000D+01
    0.4600000000D+02    0.7160329621D+00    0.1000000000D+01
    0.4700000000D+02    0.7163222150D+00    0.1000000000D+01
    0.4800000000D+02    0.7166145206D+00    0.1000000000D+01
    0.4900000000D+02    0.7168972996D+00    0.1000000000D+01
    0.5000000000D+02    0.7171792946D+00    0.1000000000D+01
    0.5100000000D+02    0.7174602678D+00    0.1000000000D+01
    0.5200000000D+02    0.7177336834D+00    0.1000000000D+01
    0.5300000000D+02    0.7180060632D+00    0.1000000000D+01
    0.5400000000D+02    0.7182766259D+00    0.1000000000D+01
    0.5500000000D+02    0.7185419830D+00    0.1000000000D+01
    0.5600000000D+02    0.7188058171D+00    0.1000000000D+01
    0.5700000000D+02    0.7190706574D+00    0.1000000000D+01
    0.5800000000D+02    0.7193292119D+00    0.1000000000D+01
    0.5900000000D+02    0.7195874197D+00    0.1000000000D+01
    0.6000000000D+02    0.7198461547D+00    0.1000000000D+01
    0.6100000000D+02    0.7200975255D+00    0.1000000000D+01
    0.6200000000D+02    0.7203489380D+00    0.1000000000D+01
    0.6300000000D+02    0.7205990098D+00    0.1000000000D+01
    0.6400000000D+02    0.7208425936D+00    0.1000000000D+01
    0.6500000000D+02    0.7210835515D+00    0.1000000000D+01
    0.6600000000D+02    0.7213248772D+00    0.1000000000D+01
    0.6700000000D+02    0.7215585441D+00    0.1000000000D+01
    0.6800000000D+02    0.7217885994D+00    0.1000000000D+01
    0.6900000000D+02    0.7220224294D+00    0.1000000000D+01
    0.7000000000D+02    0.7222449827D+00    0.1000000000D+01
    0.7100000000D+02    0.7224672396D+00    0.1000000000D+01
    0.7200000000D+02    0.7226922582D+00    0.1000000000D+01
    0.7300000000D+02    0.7229046118D+00    0.1000000000D+01
    0.7400000000D+02    0.7231181092D+00    0.1000000000D+01
    0.7500000000D+02    0.7233300293D+00    0.1000000000D+01
    0.7600000000D+02    0.7235323221D+00    0.1000000000D+01
    0.7700000000D+02    0.7237336300D+00    0.1000000000D+01
    0.7800000000D+02    0.7239335871D+00    0.1000000000D+01
    0.7900000000D+02    0.7241268963D+00    0.1000000000D+01
    0.8000000000D+02    0.7243152115D+00    0.1000000000D+01
    0.8100000000D+02    0.7245031496D+00    0.1000000000D+01
    0.8200000000D+02    0.7246845787D+00    0.1000000000D+01
    0.8300000000D+02    0.7248590454D+00    0.1000000000D+01
    0.8400000000D+02    0.7250320659D+00    0.1000000000D+01
    0.8500000000D+02    0.7252009442D+00    0.1000000000D+01
    0.8600000000D+02    0.7253602693D+00    0.1000000000D+01
    0.8700000000D+02    0.7255165881D+00    0.1000000000D+01
    0.8800000000D+02    0.7256737889D+00    0.1000000000D+01
    0.8900000000D+02    0.7258181798D+00    0.1000000000D+01
    0.9000000000D+02    0.7259624700D+00    0.1000000000D+01
    0.9100000000D+02    0.7261106143D+00    0.1000000000D+01
    0.9200000000D+02    0.7262453817D+00    0.1000000000D+01
    0.9300000000D+02    0.7263814972D+00    0.1000000000D+01
    0.9400000000D+02    0.7265199545D+00    0.1000000000D+01
    0.9500000000D+02    0.7266492277D+00    0.1000000000D+01
    0.9600000000D+02    0.7267764885D+00    0.1000000000D+01
    0.9700000000D+02    0.7269067377D+00    0.1000000000D+01
    0.9800000000D+02    0.7270328192D+00    0.1000000000D+01
    0.9900000000D+02    0.7271512187D+00    0.1000000000D+01
    0.1000000000D+03    0.7272731270D+00    0.1000000000D+01
    0.1010000000D+03    0.7273915354D+00    0.1000000000D+01
    0.1020000000D+03    0.7275004055D+00    0.1000000000D+01
    0.1030000000D+03    0.7276110067D+00    0.1000000000D+01
    0.1040000000D+03    0.7277210070D+00    0.1000000000D+01
    0.1050000000D+03    0.7278246030D+00    0.1000000000D+01
    0.1060000000D+03    0.7279250414D+00    0.1000000000D+01
    0.1070000000D+03    0.7280278339D+00    0.1000000000D+01
    0.1080000000D+03    0.7281264937D+00    0.1000000000D+01
    0.1090000000D+03    0.7282190247D+00    0.1000000000D+01
    0.1100000000D+03    0.7283143666D+00    0.1000000000D+01
    0.1110000000D+03    0.7284111402D+00    0.1000000000D+01
    0.1120000000D+03    0.7285018779D+00    0.1000000000D+01
    0.1130000000D+03    0.7285900092D+00    0.1000000000D+01
    0.1140000000D+03    0.7286864999D+00    0.1000000000D+01
    0.1150000000D+03    0.7287746924D+00    0.1000000000D+01
    0.1160000000D+03    0.7288546907D+00    0.1000000000D+01
    0.1170000000D+03    0.7289476238D+00    0.1000000000D+01
    0.1180000000D+03    0.7290323608D+00    0.1000000000D+01
    0.1190000000D+03    0.7291088140D+00    0.1000000000D+01
    0.1200000000D+03    0.7291944616D+00    0.1000000000D+01
    0.1210000000D+03    0.7292756573D+00    0.1000000000D+01
    0.1220000000D+03    0.7293489516D+00    0.1000000000D+01
    0.1230000000D+03    0.7294226253D+00    0.1000000000D+01
    0.1240000000D+03    0.7294977215D+00    0.1000000000D+01
    0.1250000000D+03    0.7295681051D+00    0.1000000000D+01
    0.1260000000D+03    0.7296344213D+00    0.1000000000D+01
    0.1270000000D+03    0.7297030694D+00    0.1000000000D+01
    0.1280000000D+03    0.7297727619D+00    0.1000000000D+01
    0.1290000000D+03    0.7298359458D+00    0.1000000000D+01
    0.1300000000D+03    0.7298954341D+00    0.1000000000D+01
    0.1310000000D+03    0.7299618656D+00    0.1000000000D+01
    0.1320000000D+03    0.7300228740D+00    0.1000000000D+01
    0.1330000000D+03    0.7300759656D+00    0.1000000000D+01
    0.1340000000D+03    0.7301354215D+00    0.1000000000D+01
    0.1350000000D+03    0.7301958370D+00    0.1000000000D+01
    0.1360000000D+03    0.7302483662D+00    0.1000000000D+01
    0.1370000000D+03    0.7302989492D+00    0.1000000000D+01
    0.1380000000D+03    0.7303590470D+00    0.1000000000D+01
    0.1390000000D+03    0.7304132938D+00    0.1000000000D+01
    0.1400000000D+03    0.7304575543D+00    0.1000000000D+01
    0.1410000000D+03    0.7305123449D+00    0.1000000000D+01
    0.1420000000D+03    0.7305651949D+00    0.1000000000D+01
    0.1430000000D+03    0.7306071573D+00    0.1000000000D+01
    0.1440000000D+03    0.7306510720D+00    0.1000000000D+01
    0.1450000000D+03    0.7307002574D+00    0.1000000000D+01
    0.1460000000D+03    0.7307447881D+00    0.1000000000D+01
    0.1470000000D+03    0.7307826247D+00    0.1000000000D+01
    0.1480000000D+03    0.7308281005D+00    0.1000000000D+01
    0.1490000000D+03    0.7308752742D+00    0.1000000000D+01
    0.1500000000D+03    0.7309154846D+00    0.1000000000D+01
    0.1510000000D+03    0.7309575440D+00    0.1000000000D+01
    0.1520000000D+03    0.7310048842D+00    0.1000000000D+01
    0.1530000000D+03    0.7310523217D+00    0.1000000000D+01
    0.1540000000D+03    0.7310956445D+00    0.1000000000D+01
    0.1550000000D+03    0.7311398318D+00    0.1000000000D+01
    0.1560000000D+03    0.7311891649D+00    0.1000000000D+01
    0.1570000000D+03    0.7312369434D+00    0.1000000000D+01
    0.1580000000D+03    0.7312725320D+00    0.1000000000D+01
    0.1590000000D+03    0.7313122895D+00    0.1000000000D+01
    0.1600000000D+03    0.7313603253D+00    0.1000000000D+01
    0.1610000000D+03    0.7313881474D+00    0.1000000000D+01
    0.1620000000D+03    0.7314146993D+00    0.1000000000D+01
    0.1630000000D+03    0.7314532404D+00    0.1000000000D+01
    0.1640000000D+03    0.7314776804D+00    0.1000000000D+01
    0.1650000000D+03    0.7314943928D+00    0.1000000000D+01
    0.1660000000D+03    0.7315175352D+00    0.1000000000D+01
    0.1670000000D+03    0.7315425033D+00    0.1000000000D+01
    0.1680000000D+03    0.7315608088D+00    0.1000000000D+01
    0.1690000000D+03    0.7315780069D+00    0.1000000000D+01
    0.1700000000D+03    0.7316041337D+00    0.1000000000D+01
    0.1710000000D+03    0.7316335158D+00    0.1000000000D+01
    0.1720000000D+03    0.7316592454D+00    0.1000000000D+01
    0.1730000000D+03    0.7316856456D+00    0.1000000000D+01
    0.1740000000D+03    0.7317222151D+00    0.1000000000D+01
    0.1750000000D+03    0.7317593168D+00    0.1000000000D+01
    0.1760000000D+03    0.7317888148D+00    0.1000000000D+01
    0.1770000000D+03    0.7318216779D+00    0.1000000000D+01
    0.1780000000D+03    0.7318612049D+00    0.1000000000D+01
    0.1790000000D+03    0.7318971649D+00    0.1000000000D+01
    0.1800000000D+03    0.7319226641D+00    0.1000000000D+01
    0.1810000000D+03    0.7319529125D+00    0.1000000000D+01
    0.1820000000D+03    0.7319889045D+00    0.1000000000D+01
    0.1830000000D+03    0.7320135604D+00    0.1000000000D+01
    0.1840000000D+03    0.7320310395D+00    0.1000000000D+01
    0.1850000000D+03    0.7320553033D+00    0.1000000000D+01
    0.1860000000D+03    0.7320843369D+00    0.1000000000D+01
    0.1870000000D+03    0.7320970043D+00    0.1000000000D+01
    0.1880000000D+03    0.7321073789D+00    0.1000000000D+01
    0.1890000000D+03    0.7321346962D+00    0.1000000000D+01
    0.1900000000D+03    0.7321524245D+00    0.1000000000D+01
    0.1910000000D+03    0.7321609957D+00    0.1000000000D+01
    0.1920000000D+03    0.7321795166D+00    0.1000000000D+01
    0.1930000000D+03    0.7322022822D+00    0.1000000000D+01
    0.1940000000D+03    0.7322202529D+00    0.1000000000D+01
    0.1950000000D+03    0.7322348808D+00    0.1000000000D+01
    0.1960000000D+03    0.7322547367D+00    0.1000000000D+01
    0.1970000000D+03    0.7322798027D+00    0.1000000000D+01
    0.1980000000D+03    0.7323018173D+00    0.1000000000D+01
    0.1990000000D+03    0.7323166944D+00    0.1000000000D+01
    0.2000000000D+03    0.7323354128D+00    0.1000000000D+01
    0.2010000000D+03    0.7323605224D+00    0.1000000000D+01
    0.2020000000D+03    0.7323787757D+00    0.1000000000D+01
    0.2030000000D+03    0.7323892631D+00    0.1000000000D+01
    0.2040000000D+03    0.7324062926D+00    0.1000000000D+01
    0.2050000000D+03    0.7324353806D+00    0.1000000000D+01
    0.2060000000D+03    0.7324512664D+00    0.1000000000D+01
    0.2070000000D+03    0.7324608740D+00    0.1000000000D+01
    0.2080000000D+03    0.7324929254D+00    0.1000000000D+01
    0.2090000000D+03    0.7325227408D+00    0.1000000000D+01
    0.2100000000D+03    0.7325385560D+00    0.1000000000D+01
    0.2110000000D+03    0.7325599675D+00    0.1000000000D+01
    0.2120000000D+03    0.7325888913D+00    0.1000000000D+01
    0.2130000000D+03    0.7326122259D+00    0.1000000000D+01
    0.2140000000D+03    0.7326231686D+00    0.1000000000D+01
    0.2150000000D+03    0.7326339023D+00    0.1000000000D+01
    0.2160000000D+03    0.7326496206D+00    0.1000000000D+01
    0.2170000000D+03    0.7326615632D+00    0.1000000000D+01
    0.2180000000D+03    0.7326630773D+00    0.1000000000D+01
    0.2190000000D+03    0.7326667639D+00    0.1000000000D+01
    0.2200000000D+03    0.7326829816D+00    0.1000000000D+01
    0.2210000000D+03    0.7326954258D+00    0.1000000000D+01
    0.2220000000D+03    0.7327016627D+00    0.1000000000D+01
    0.2230000000D+03    0.7327142949D+00    0.1000000000D+01
    0.2240000000D+03    0.7327357853D+00    0.1000000000D+01
    0.2250000000D+03    0.7327576447D+00    0.1000000000D+01
    0.2260000000D+03    0.7327737688D+00    0.1000000000D+01
    0.2270000000D+03    0.7327911148D+00    0.1000000000D+01
    0.2280000000D+03    0.7328198776D+00    0.1000000000D+01
    0.2290000000D+03    0.7328521040D+00    0.1000000000D+01
    0.2300000000D+03    0.7328652206D+00    0.1000000000D+01
    0.2310000000D+03    0.7328821690D+00    0.1000000000D+01
    0.2320000000D+03    0.7329198864D+00    0.1000000000D+01
    0.2330000000D+03    0.7329408063D+00    0.1000000000D+01
    0.2340000000D+03    0.7329489117D+00    0.1000000000D+01
    0.2350000000D+03    0.7329699142D+00    0.1000000000D+01
    0.2360000000D+03    0.7329950798D+00    0.1000000000D+01
    0.2370000000D+03    0.7330091626D+00    0.1000000000D+01
    0.2380000000D+03    0.7330136482D+00    0.1000000000D+01
    0.2390000000D+03    0.7330241806D+00    0.1000000000D+01
    0.2400000000D+03    0.7330375319D+00    0.1000000000D+01
    0.2410000000D+03    0.7330418854D+00    0.1000000000D+01
    0.2420000000D+03    0.7330389242D+00    0.1000000000D+01
    0.2430000000D+03    0.7330369026D+00    0.1000000000D+01
    0.2440000000D+03    0.7330396897D+00    0.1000000000D+01
    0.2450000000D+03    0.7330415152D+00    0.1000000000D+01
    0.2460000000D+03    0.7330348135D+00    0.1000000000D+01
    0.2470000000D+03    0.7330272223D+00    0.1000000000D+01
    0.2480000000D+03    0.7330378451D+00    0.1000000000D+01
    0.2490000000D+03    0.7330504288D+00    0.1000000000D+01
    0.2500000000D+03    0.7330488247D+00    0.1000000000D+01
    0.2510000000D+03    0.7330554816D+00    0.1000000000D+01
    0.2520000000D+03    0.7330770034D+00    0.1000000000D+01
    0.2530000000D+03    0.7330966228D+00    0.1000000000D+01
    0.2540000000D+03    0.7331016429D+00    0.1000000000D+01
    0.2550000000D+03    0.7331101689D+00    0.1000000000D+01
    0.2560000000D+03    0.7331356434D+00    0.1000000000D+01
    0.2570000000D+03    0.7331539516D+00    0.1000000000D+01
    0.2580000000D+03    0.7331587425D+00    0.1000000000D+01
    0.2590000000D+03    0.7331665259D+00    0.1000000000D+01
    0.2600000000D+03    0.7331866832D+00    0.1000000000D+01
    0.2610000000D+03    0.7332042972D+00    0.1000000000D+01
    0.2620000000D+03    0.7332078788D+00    0.1000000000D+01
    0.2630000000D+03    0.7332165828D+00    0.1000000000D+01
    0.2640000000D+03    0.7332367489D+00    0.1000000000D+01
    0.2650000000D+03    0.7332555765D+00    0.1000000000D+01
    0.2660000000D+03    0.7332646877D+00    0.1000000000D+01
    0.2670000000D+03    0.7332712705D+00    0.1000000000D+01
    0.2680000000D+03    0.7332852534D+00    0.1000000000D+01
    0.2690000000D+03    0.7333006457D+00    0.1000000000D+01
    0.2700000000D+03    0.7333074426D+00    0.1000000000D+01
    0.2710000000D+03    0.7333062792D+00    0.1000000000D+01
    0.2720000000D+03    0.7333117672D+00    0.1000000000D+01
    0.2730000000D+03    0.7333268775D+00    0.1000000000D+01
    0.2740000000D+03    0.7333380679D+00    0.1000000000D+01
    0.2750000000D+03    0.7333358646D+00    0.1000000000D+01
    0.2760000000D+03    0.7333417310D+00    0.1000000000D+01
    0.2770000000D+03    0.7333730676D+00    0.1000000000D+01
    0.2780000000D+03    0.7333874213D+00    0.1000000000D+01
    0.2790000000D+03    0.7333829038D+00    0.1000000000D+01
    0.2800000000D+03    0.7334015597D+00    0.1000000000D+01
    0.2810000000D+03    0.7334251739D+00    0.1000000000D+01
    0.2820000000D+03    0.7334321416D+00    0.1000000000D+01
    0.2830000000D+03    0.7334343357D+00    0.1000000000D+01
    0.2840000000D+03    0.7334422868D+00    0.1000000000D+01
    0.2850000000D+03    0.7334558247D+00    0.1000000000D+01
    0.2860000000D+03    0.7334673533D+00    0.1000000000D+01
    0.2870000000D+03    0.7334702047D+00    0.1000000000D+01
    0.2880000000D+03    0.7334719571D+00    0.1000000000D+01
    0.2890000000D+03    0.7334874846D+00    0.1000000000D+01
    0.2900000000D+03    0.7335053956D+00    0.1000000000D+01
    0.2910000000D+03    0.7335121888D+00    0.1000000000D+01
    0.2920000000D+03    0.7335162148D+00    0.1000000000D+01
    0.2930000000D+03    0.7335301445D+00    0.1000000000D+01
    0.2940000000D+03    0.7335513669D+00    0.1000000000D+01
    0.2950000000D+03    0.7335617753D+00    0.1000000000D+01
    0.2960000000D+03    0.7335626897D+00    0.1000000000D+01
    0.2970000000D+03    0.7335699880D+00    0.1000000000D+01
    0.2980000000D+03    0.7335898396D+00    0.1000000000D+01
    0.2990000000D+03    0.7336025162D+00    0.1000000000D+01
    0.3000000000D+03    0.7335963188D+00    0.1000000000D+01
    0.3010000000D+03    0.7336010444D+00    0.1000000000D+01
    0.3020000000D+03    0.7336216160D+00    0.1000000000D+01
    0.3030000000D+03    0.7336340841D+00    0.1000000000D+01
    0.3040000000D+03    0.7336309248D+00    0.1000000000D+01
    0.3050000000D+03    0.7336302378D+00    0.1000000000D+01
    0.3060000000D+03    0.7336474276D+00    0.1000000000D+01
    0.3070000000D+03    0.7336577643D+00    0.1000000000D+01
    0.3080000000D+03    0.7336514014D+00    0.1000000000D+01
    0.3090000000D+03    0.7336488912D+00    0.1000000000D+01
    0.3100000000D+03    0.7336571996D+00    0.1000000000D+01
    0.3110000000D+03    0.7336675185D+00    0.1000000000D+01
    0.3120000000D+03    0.7336699374D+00    0.1000000000D+01
    0.3130000000D+03    0.7336688837D+00    0.1000000000D+01
    0.3140000000D+03    0.7336730275D+00    0.1000000000D+01
    0.3150000000D+03    0.7336841192D+00    0.1000000000D+01
    0.3160000000D+03    0.7336947421D+00    0.1000000000D+01
    0.3170000000D+03    0.7336970049D+00    0.1000000000D+01
    0.3180000000D+03    0.7336943654D+00    0.1000000000D+01
    0.3190000000D+03    0.7337053853D+00    0.1000000000D+01
    0.3200000000D+03    0.7337299961D+00    0.1000000000D+01
    0.3210000000D+03    0.7337316228D+00    0.1000000000D+01
    0.3220000000D+03    0.7337245046D+00    0.1000000000D+01
    0.3230000000D+03    0.7337446854D+00    0.1000000000D+01
    0.3240000000D+03    0.7337679488D+00    0.1000000000D+01
    0.3250000000D+03    0.7337734453D+00    0.1000000000D+01
    0.3260000000D+03    0.7337726112D+00    0.1000000000D+01
    0.3270000000D+03    0.7337849578D+00    0.1000000000D+01
    0.3280000000D+03    0.7338068972D+00    0.1000000000D+01
    0.3290000000D+03    0.7338171618D+00    0.1000000000D+01
    0.3300000000D+03    0.7338189728D+00    0.1000000000D+01
    0.3310000000D+03    0.7338258424D+00    0.1000000000D+01
    0.3320000000D+03    0.7338416237D+00    0.1000000000D+01
    0.3330000000D+03    0.7338561574D+00    0.1000000000D+01
    0.3340000000D+03    0.7338602594D+00    0.1000000000D+01
    0.3350000000D+03    0.7338592039D+00    0.1000000000D+01
    0.3360000000D+03    0.7338668551D+00    0.1000000000D+01
    0.3370000000D+03    0.7338844883D+00    0.1000000000D+01
    0.3380000000D+03    0.7338913403D+00    0.1000000000D+01
    0.3390000000D+03    0.7338879603D+00    0.1000000000D+01
    0.3400000000D+03    0.7338914767D+00    0.1000000000D+01
    0.3410000000D+03    0.7339042656D+00    0.1000000000D+01
    0.3420000000D+03    0.7339171900D+00    0.1000000000D+01
    0.3430000000D+03    0.7339202041D+00    0.1000000000D+01
    0.3440000000D+03    0.7339170368D+00    0.1000000000D+01
    0.3450000000D+03    0.7339248479D+00    0.1000000000D+01
    0.3460000000D+03    0.7339511782D+00    0.1000000000D+01
    0.3470000000D+03    0.7339599515D+00    0.1000000000D+01
    0.3480000000D+03    0.7339443988D+00    0.1000000000D+01
    0.3490000000D+03    0.7339522415D+00    0.1000000000D+01
    0.3500000000D+03    0.7339721755D+00    0.1000000000D+01
    0.3510000000D+03    0.7339705508D+00    0.1000000000D+01
    0.3520000000D+03    0.7339581129D+00    0.1000000000D+01
    0.3530000000D+03    0.7339529352D+00    0.1000000000D+01
    0.3540000000D+03    0.7339579771D+00    0.1000000000D+01
    0.3550000000D+03    0.7339598545D+00    0.1000000000D+01
    0.3560000000D+03    0.7339523416D+00    0.1000000000D+01
    0.3570000000D+03    0.7339430791D+00    0.1000000000D+01
    0.3580000000D+03    0.7339424598D+00    0.1000000000D+01
    0.3590000000D+03    0.7339516129D+00    0.1000000000D+01
    0.3600000000D+03    0.7339596452D+00    0.1000000000D+01
    0.3610000000D+03    0.7339571331D+00    0.1000000000D+01
    0.3620000000D+03    0.7339514773D+00    0.1000000000D+01
    0.3630000000D+03    0.7339620605D+00    0.1000000000D+01
    0.3640000000D+03    0.7339822024D+00    0.1000000000D+01
    0.3650000000D+03    0.7339909769D+00    0.1000000000D+01
    0.3660000000D+03    0.7339856396D+00    0.1000000000D+01
    0.3670000000D+03    0.7339927102D+00    0.1000000000D+01
    0.3680000000D+03    0.7340256846D+00    0.1000000000D+01
    0.3690000000D+03    0.7340424898D+00    0.1000000000D+01
    0.3700000000D+03    0.7340363649D+00    0.1000000000D+01
    0.3710000000D+03    0.7340448156D+00    0.1000000000D+01
    0.3720000000D+03    0.7340695481D+00    0.1000000000D+01
    0.3730000000D+03    0.7340907791D+00    0.1000000000D+01
    0.3740000000D+03    0.7340964226D+00    0.1000000000D+01
    0.3750000000D+03    0.7340969907D+00    0.1000000000D+01
    0.3760000000D+03    0.7341088509D+00    0.1000000000D+01
    0.3770000000D+03    0.7341313669D+00    0.1000000000D+01
    0.3780000000D+03    0.7341440251D+00    0.1000000000D+01
    0.3790000000D+03    0.7341373942D+00    0.1000000000D+01
    0.3800000000D+03    0.7341373903D+00    0.1000000000D+01
    0.3810000000D+03    0.7341509122D+00    0.1000000000D+01
    0.3820000000D+03    0.7341597217D+00    0.1000000000D+01
    0.3830000000D+03    0.7341569480D+00    0.1000000000D+01
    0.3840000000D+03    0.7341475195D+00    0.1000000000D+01
    0.3850000000D+03    0.7341413912D+00    0.1000000000D+01
    0.3860000000D+03    0.7341461026D+00    0.1000000000D+01
    0.3870000000D+03    0.7341534783D+00    0.1000000000D+01
    0.3880000000D+03    0.7341442384D+00    0.1000000000D+01
    0.3890000000D+03    0.7341291613D+00    0.1000000000D+01
    0.3900000000D+03    0.7341324215D+00    0.1000000000D+01
    0.3910000000D+03    0.7341534441D+00    0.1000000000D+01
    0.3920000000D+03    0.7341632750D+00    0.1000000000D+01
    0.3930000000D+03    0.7341464149D+00    0.1000000000D+01
    0.3940000000D+03    0.7341488574D+00    0.1000000000D+01
    0.3950000000D+03    0.7341789240D+00    0.1000000000D+01
    0.3960000000D+03    0.7341887504D+00    0.1000000000D+01
    0.3970000000D+03    0.7341800799D+00    0.1000000000D+01
    0.3980000000D+03    0.7341785101D+00    0.1000000000D+01
    0.3990000000D+03    0.7341901001D+00    0.1000000000D+01
    0.4000000000D+03    0.7342041904D+00    0.1000000000D+01
    0.4010000000D+03    0.7342093562D+00    0.1000000000D+01
    0.4020000000D+03    0.7342090646D+00    0.1000000000D+01
    0.4030000000D+03    0.7342125401D+00    0.1000000000D+01
    0.4040000000D+03    0.7342261974D+00    0.1000000000D+01
    0.4050000000D+03    0.7342457956D+00    0.1000000000D+01
    0.4060000000D+03    0.7342583453D+00    0.1000000000D+01
    0.4070000000D+03    0.7342564688D+00    0.1000000000D+01
    0.4080000000D+03    0.7342603585D+00    0.1000000000D+01
    0.4090000000D+03    0.7342815658D+00    0.1000000000D+01
    0.4100000000D+03    0.7342968359D+00    0.1000000000D+01
    0.4110000000D+03    0.7342941609D+00    0.1000000000D+01
    0.4120000000D+03    0.7342852523D+00    0.1000000000D+01
    0.4130000000D+03    0.7342927177D+00    0.1000000000D+01
    0.4140000000D+03    0.7343131352D+00    0.1000000000D+01
    0.4150000000D+03    0.7343197684D+00    0.1000000000D+01
    0.4160000000D+03    0.7343082645D+00    0.1000000000D+01
    0.4170000000D+03    0.7342995023D+00    0.1000000000D+01
    0.4180000000D+03    0.7343155288D+00    0.1000000000D+01
    0.4190000000D+03    0.7343309533D+00    0.1000000000D+01
    0.4200000000D+03    0.7343188417D+00    0.1000000000D+01
    0.4210000000D+03    0.7343036426D+00    0.1000000000D+01
    0.4220000000D+03    0.7343042950D+00    0.1000000000D+01
    0.4230000000D+03    0.7343142124D+00    0.1000000000D+01
    0.4240000000D+03    0.7343145923D+00    0.1000000000D+01
    0.4250000000D+03    0.7343004671D+00    0.1000000000D+01
    0.4260000000D+03    0.7342882663D+00    0.1000000000D+01
    0.4270000000D+03    0.7342907730D+00    0.1000000000D+01
    0.4280000000D+03    0.7343038443D+00    0.1000000000D+01
    0.4290000000D+03    0.7343096379D+00    0.1000000000D+01
    0.4300000000D+03    0.7343061884D+00    0.1000000000D+01
    0.4310000000D+03    0.7343063582D+00    0.1000000000D+01
    0.4320000000D+03    0.7343187439D+00    0.1000000000D+01
    0.4330000000D+03    0.7343411653D+00    0.1000000000D+01
    0.4340000000D+03    0.7343585367D+00    0.1000000000D+01
    0.4350000000D+03    0.7343535755D+00    0.1000000000D+01
    0.4360000000D+03    0.7343460895D+00    0.1000000000D+01
    0.4370000000D+03    0.7343774996D+00    0.1000000000D+01
    0.4380000000D+03    0.7344077277D+00    0.1000000000D+01
    0.4390000000D+03    0.7343928244D+00    0.1000000000D+01
    0.4400000000D+03    0.7343802114D+00    0.1000000000D+01
    0.4410000000D+03    0.7343952341D+00    0.1000000000D+01
    0.4420000000D+03    0.7344142914D+00    0.1000000000D+01
    0.4430000000D+03    0.7344182936D+00    0.1000000000D+01
    0.4440000000D+03    0.7344087155D+00    0.1000000000D+01
    0.4450000000D+03    0.7344045982D+00    0.1000000000D+01
    0.4460000000D+03    0.7344159615D+00    0.1000000000D+01
    0.4470000000D+03    0.7344343265D+00    0.1000000000D+01
    0.4480000000D+03    0.7344404351D+00    0.1000000000D+01
    0.4490000000D+03    0.7344333904D+00    0.1000000000D+01
    0.4500000000D+03    0.7344302362D+00    0.1000000000D+01
    0.4510000000D+03    0.7344422856D+00    0.1000000000D+01
    0.4520000000D+03    0.7344587525D+00    0.1000000000D+01
    0.4530000000D+03    0.7344581393D+00    0.1000000000D+01
    0.4540000000D+03    0.7344465223D+00    0.1000000000D+01
    0.4550000000D+03    0.7344433708D+00    0.1000000000D+01
    0.4560000000D+03    0.7344569865D+00    0.1000000000D+01
    0.4570000000D+03    0.7344725274D+00    0.1000000000D+01
    0.4580000000D+03    0.7344693569D+00    0.1000000000D+01
    0.4590000000D+03    0.7344523386D+00    0.1000000000D+01
    0.4600000000D+03    0.7344460611D+00    0.1000000000D+01
    0.4610000000D+03    0.7344662156D+00    0.1000000000D+01
    0.4620000000D+03    0.7344793729D+00    0.1000000000D+01
    0.4630000000D+03    0.7344617319D+00    0.1000000000D+01
    0.4640000000D+03    0.7344443950D+00    0.1000000000D+01
    0.4650000000D+03    0.7344537787D+00    0.1000000000D+01
    0.4660000000D+03    0.7344803844D+00    0.1000000000D+01
    0.4670000000D+03    0.7344852950D+00    0.1000000000D+01
    0.4680000000D+03    0.7344694335D+00    0.1000000000D+01
    0.4690000000D+03    0.7344730921D+00    0.1000000000D+01
    0.4700000000D+03    0.7344954915D+00    0.1000000000D+01
    0.4710000000D+03    0.7345147063D+00    0.1000000000D+01
    0.4720000000D+03    0.7345220266D+00    0.1000000000D+01
    0.4730000000D+03    0.7345199868D+00    0.1000000000D+01
    0.4740000000D+03    0.7345188847D+00    0.1000000000D+01
    0.4750000000D+03    0.7345294024D+00    0.1000000000D+01
    0.4760000000D+03    0.7345473615D+00    0.1000000000D+01
    0.4770000000D+03    0.7345556416D+00    0.1000000000D+01
    0.4780000000D+03    0.7345467796D+00    0.1000000000D+01
    0.4790000000D+03    0.7345359473D+00    0.1000000000D+01
    0.4800000000D+03    0.7345503957D+00    0.1000000000D+01
    0.4810000000D+03    0.7345745583D+00    0.1000000000D+01
    0.4820000000D+03    0.7345732982D+00    0.1000000000D+01
    0.4830000000D+03    0.7345514953D+00    0.1000000000D+01
    0.4840000000D+03    0.7345408000D+00    0.1000000000D+01
    0.4850000000D+03    0.7345623655D+00    0.1000000000D+01
    0.4860000000D+03    0.7345787710D+00    0.1000000000D+01
    0.4870000000D+03    0.7345603110D+00    0.1000000000D+01
    0.4880000000D+03    0.7345412049D+00    0.1000000000D+01
    0.4890000000D+03    0.7345435668D+00    0.1000000000D+01
    0.4900000000D+03    0.7345584088D+00    0.1000000000D+01
    0.4910000000D+03    0.7345679478D+00    0.1000000000D+01
    0.4920000000D+03    0.7345623831D+00    0.1000000000D+01
    0.4930000000D+03    0.7345508438D+00    0.1000000000D+01
    0.4940000000D+03    0.7345550910D+00    0.1000000000D+01
    0.4950000000D+03    0.7345789214D+00    0.1000000000D+01
    0.4960000000D+03    0.7345930410D+00    0.1000000000D+01
    0.4970000000D+03    0.7345866813D+00    0.1000000000D+01
    0.4980000000D+03    0.7345768026D+00    0.1000000000D+01
    0.4990000000D+03    0.7345807746D+00    0.1000000000D+01
    0.5000000000D+03    0.7345978625D+00    0.1000000000D+01
    0.5010000000D+03    0.7346088484D+00    0.1000000000D+01
    0.5020000000D+03    0.7346046318D+00    0.1000000000D+01
    0.5030000000D+03    0.7345933221D+00    0.1000000000D+01
    0.5040000000D+03    0.7345941556D+00    0.1000000000D+01
    0.5050000000D+03    0.7346162511D+00    0.1000000000D+01
    0.5060000000D+03    0.7346424950D+00    0.1000000000D+01
    0.5070000000D+03    0.7346357135D+00    0.1000000000D+01
    0.5080000000D+03    0.7346088585D+00    0.1000000000D+01
    0.5090000000D+03    0.7346263292D+00    0.1000000000D+01
    0.5100000000D+03    0.7346649853D+00    0.1000000000D+01
    0.5110000000D+03    0.7346670217D+00    0.1000000000D+01
    0.5120000000D+03    0.7346513039D+00    0.1000000000D+01
    0.5130000000D+03    0.7346486947D+00    0.1000000000D+01
    0.5140000000D+03    0.7346635053D+00    0.1000000000D+01
    0.5150000000D+03    0.7346813675D+00    0.1000000000D+01
    0.5160000000D+03    0.7346863718D+00    0.1000000000D+01
    0.5170000000D+03    0.7346784697D+00    0.1000000000D+01
    0.5180000000D+03    0.7346733631D+00    0.1000000000D+01
    0.5190000000D+03    0.7346844554D+00    0.1000000000D+01
    0.5200000000D+03    0.7347020561D+00    0.1000000000D+01
    0.5210000000D+03    0.7347095563D+00    0.1000000000D+01
    0.5220000000D+03    0.7347006218D+00    0.1000000000D+01
    0.5230000000D+03    0.7346869345D+00    0.1000000000D+01
    0.5240000000D+03    0.7346875709D+00    0.1000000000D+01
    0.5250000000D+03    0.7347101765D+00    0.1000000000D+01
    0.5260000000D+03    0.7347271844D+00    0.1000000000D+01
    0.5270000000D+03    0.7347087179D+00    0.1000000000D+01
    0.5280000000D+03    0.7346881693D+00    0.1000000000D+01
    0.5290000000D+03    0.7346980250D+00    0.1000000000D+01
    0.5300000000D+03    0.7347211066D+00    0.1000000000D+01
    0.5310000000D+03    0.7347275292D+00    0.1000000000D+01
    0.5320000000D+03    0.7347078025D+00    0.1000000000D+01
    0.5330000000D+03    0.7346915115D+00    0.1000000000D+01
    0.5340000000D+03    0.7347008574D+00    0.1000000000D+01
    0.5350000000D+03    0.7347242711D+00    0.1000000000D+01
    0.5360000000D+03    0.7347304624D+00    0.1000000000D+01
    0.5370000000D+03    0.7347108920D+00    0.1000000000D+01
    0.5380000000D+03    0.7347012563D+00    0.1000000000D+01
    0.5390000000D+03    0.7347169522D+00    0.1000000000D+01
    0.5400000000D+03    0.7347394067D+00    0.1000000000D+01
    0.5410000000D+03    0.7347458172D+00    0.1000000000D+01
    0.5420000000D+03    0.7347336591D+00    0.1000000000D+01
    0.5430000000D+03    0.7347239997D+00    0.1000000000D+01
    0.5440000000D+03    0.7347298508D+00    0.1000000000D+01
    0.5450000000D+03    0.7347472363D+00    0.1000000000D+01
    0.5460000000D+03    0.7347598474D+00    0.1000000000D+01
    0.5470000000D+03    0.7347558257D+00    0.1000000000D+01
    0.5480000000D+03    0.7347408460D+00    0.1000000000D+01
    0.5490000000D+03    0.7347389096D+00    0.1000000000D+01
    0.5500000000D+03    0.7347616071D+00    0.1000000000D+01
    0.5510000000D+03    0.7347857039D+00    0.1000000000D+01
    0.5520000000D+03    0.7347813324D+00    0.1000000000D+01
    0.5530000000D+03    0.7347502711D+00    0.1000000000D+01
    0.5540000000D+03    0.7347487196D+00    0.1000000000D+01
    0.5550000000D+03    0.7347855333D+00    0.1000000000D+01
    0.5560000000D+03    0.7347943894D+00    0.1000000000D+01
    0.5570000000D+03    0.7347697239D+00    0.1000000000D+01
    0.5580000000D+03    0.7347530193D+00    0.1000000000D+01
    0.5590000000D+03    0.7347622888D+00    0.1000000000D+01
    0.5600000000D+03    0.7347863906D+00    0.1000000000D+01
    0.5610000000D+03    0.7347980461D+00    0.1000000000D+01
    0.5620000000D+03    0.7347909049D+00    0.1000000000D+01
    0.5630000000D+03    0.7347785021D+00    0.1000000000D+01
    0.5640000000D+03    0.7347770334D+00    0.1000000000D+01
    0.5650000000D+03    0.7347943307D+00    0.1000000000D+01
    0.5660000000D+03    0.7348177615D+00    0.1000000000D+01
    0.5670000000D+03    0.7348174351D+00    0.1000000000D+01
    0.5680000000D+03    0.7347946934D+00    0.1000000000D+01
    0.5690000000D+03    0.7347881472D+00    0.1000000000D+01
    0.5700000000D+03    0.7348047850D+00    0.1000000000D+01
    0.5710000000D+03    0.7348221594D+00    0.1000000000D+01
    0.5720000000D+03    0.7348223419D+00    0.1000000000D+01
    0.5730000000D+03    0.7348047980D+00    0.1000000000D+01
    0.5740000000D+03    0.7347887253D+00    0.1000000000D+01
    0.5750000000D+03    0.7347999941D+00    0.1000000000D+01
    0.5760000000D+03    0.7348327837D+00    0.1000000000D+01
    0.5770000000D+03    0.7348355683D+00    0.1000000000D+01
    0.5780000000D+03    0.7348045671D+00    0.1000000000D+01
    0.5790000000D+03    0.7347889392D+00    0.1000000000D+01
    0.5800000000D+03    0.7348084114D+00    0.1000000000D+01
    0.5810000000D+03    0.7348403037D+00    0.1000000000D+01
    0.5820000000D+03    0.7348435204D+00    0.1000000000D+01
    0.5830000000D+03    0.7348219334D+00    0.1000000000D+01
    0.5840000000D+03    0.7348139080D+00    0.1000000000D+01
    0.5850000000D+03    0.7348327142D+00    0.1000000000D+01
    0.5860000000D+03    0.7348606953D+00    0.1000000000D+01
    0.5870000000D+03    0.7348691453D+00    0.1000000000D+01
    0.5880000000D+03    0.7348594303D+00    0.1000000000D+01
    0.5890000000D+03    0.7348523786D+00    0.1000000000D+01
    0.5900000000D+03    0.7348576789D+00    0.1000000000D+01
    0.5910000000D+03    0.7348746113D+00    0.1000000000D+01
    0.5920000000D+03    0.7348925613D+00    0.1000000000D+01
    0.5930000000D+03    0.7348928335D+00    0.1000000000D+01
    0.5940000000D+03    0.7348734155D+00    0.1000000000D+01
    0.5950000000D+03    0.7348620363D+00    0.1000000000D+01
    0.5960000000D+03    0.7348794183D+00    0.1000000000D+01
    0.5970000000D+03    0.7349135456D+00    0.1000000000D+01
    0.5980000000D+03    0.7349143812D+00    0.1000000000D+01
    0.5990000000D+03    0.7348749234D+00    0.1000000000D+01
    0.6000000000D+03    0.7348642561D+00    0.1000000000D+01
    0.6010000000D+03    0.7348919887D+00    0.1000000000D+01
    0.6020000000D+03    0.7349109568D+00    0.1000000000D+01
    0.6030000000D+03    0.7349047474D+00    0.1000000000D+01
    0.6040000000D+03    0.7348844425D+00    0.1000000000D+01
    0.6050000000D+03    0.7348755484D+00    0.1000000000D+01
    0.6060000000D+03    0.7348894505D+00    0.1000000000D+01
    0.6070000000D+03    0.7349122994D+00    0.1000000000D+01
    0.6080000000D+03    0.7349176079D+00    0.1000000000D+01
    0.6090000000D+03    0.7349017732D+00    0.1000000000D+01
    0.6100000000D+03    0.7348901931D+00    0.1000000000D+01
    0.6110000000D+03    0.7348987168D+00    0.1000000000D+01
    0.6120000000D+03    0.7349216577D+00    0.1000000000D+01
    0.6130000000D+03    0.7349361906D+00    0.1000000000D+01
    0.6140000000D+03    0.7349296498D+00    0.1000000000D+01
    0.6150000000D+03    0.7349123345D+00    0.1000000000D+01
    0.6160000000D+03    0.7349078993D+00    0.1000000000D+01
    0.6170000000D+03    0.7349256176D+00    0.1000000000D+01
    0.6180000000D+03    0.7349435047D+00    0.1000000000D+01
    0.6190000000D+03    0.7349423440D+00    0.1000000000D+01
    0.6200000000D+03    0.7349225993D+00    0.1000000000D+01
    0.6210000000D+03    0.7349075566D+00    0.1000000000D+01
    0.6220000000D+03    0.7349198570D+00    0.1000000000D+01
    0.6230000000D+03    0.7349525101D+00    0.1000000000D+01
    0.6240000000D+03    0.7349621778D+00    0.1000000000D+01
    0.6250000000D+03    0.7349243972D+00    0.1000000000D+01
    0.6260000000D+03    0.7349043854D+00    0.1000000000D+01
    0.6270000000D+03    0.7349368020D+00    0.1000000000D+01
    0.6280000000D+03    0.7349652009D+00    0.1000000000D+01
    0.6290000000D+03    0.7349627504D+00    0.1000000000D+01
    0.6300000000D+03    0.7349467237D+00    0.1000000000D+01
    0.6310000000D+03    0.7349380190D+00    0.1000000000D+01
    0.6320000000D+03    0.7349460695D+00    0.1000000000D+01
    0.6330000000D+03    0.7349636206D+00    0.1000000000D+01
    0.6340000000D+03    0.7349745415D+00    0.1000000000D+01
    0.6350000000D+03    0.7349684725D+00    0.1000000000D+01
    0.6360000000D+03    0.7349533524D+00    0.1000000000D+01
    0.6370000000D+03    0.7349454771D+00    0.1000000000D+01
    0.6380000000D+03    0.7349563937D+00    0.1000000000D+01
    0.6390000000D+03    0.7349755834D+00    0.1000000000D+01
    0.6400000000D+03    0.7349817232D+00    0.1000000000D+01
    0.6410000000D+03    0.7349630114D+00    0.1000000000D+01
    0.6420000000D+03    0.7349407523D+00    0.1000000000D+01
    0.6430000000D+03    0.7349528031D+00    0.1000000000D+01
    0.6440000000D+03    0.7349847140D+00    0.1000000000D+01
    0.6450000000D+03    0.7349976064D+00    0.1000000000D+01
    0.6460000000D+03    0.7349771382D+00    0.1000000000D+01
    0.6470000000D+03    0.7349519183D+00    0.1000000000D+01
    0.6480000000D+03    0.7349642941D+00    0.1000000000D+01
    0.6490000000D+03    0.7349953559D+00    0.1000000000D+01
    0.6500000000D+03    0.7350084228D+00    0.1000000000D+01
    0.6510000000D+03    0.7349989825D+00    0.1000000000D+01
    0.6520000000D+03    0.7349819464D+00    0.1000000000D+01
    0.6530000000D+03    0.7349794964D+00    0.1000000000D+01
    0.6540000000D+03    0.7349986457D+00    0.1000000000D+01
    0.6550000000D+03    0.7350215695D+00    0.1000000000D+01
    0.6560000000D+03    0.7350189103D+00    0.1000000000D+01
    0.6570000000D+03    0.7349986626D+00    0.1000000000D+01
    0.6580000000D+03    0.7349908246D+00    0.1000000000D+01
    0.6590000000D+03    0.7349987276D+00    0.1000000000D+01
    0.6600000000D+03    0.7350111936D+00    0.1000000000D+01
    0.6610000000D+03    0.7350150727D+00    0.1000000000D+01
    0.6620000000D+03    0.7350068261D+00    0.1000000000D+01
    0.6630000000D+03    0.7349936278D+00    0.1000000000D+01
    0.6640000000D+03    0.7349871328D+00    0.1000000000D+01
    0.6650000000D+03    0.7349987238D+00    0.1000000000D+01
    0.6660000000D+03    0.7350285073D+00    0.1000000000D+01
    0.6670000000D+03    0.7350418647D+00    0.1000000000D+01
    0.6680000000D+03    0.7350136210D+00    0.1000000000D+01
    0.6690000000D+03    0.7349998418D+00    0.1000000000D+01
    0.6700000000D+03    0.7350315578D+00    0.1000000000D+01
    0.6710000000D+03    0.7350627485D+00    0.1000000000D+01
    0.6720000000D+03    0.7350627005D+00    0.1000000000D+01
    0.6730000000D+03    0.7350382561D+00    0.1000000000D+01
    0.6740000000D+03    0.7350264575D+00    0.1000000000D+01
    0.6750000000D+03    0.7350413218D+00    0.1000000000D+01
    0.6760000000D+03    0.7350560084D+00    0.1000000000D+01
    0.6770000000D+03    0.7350563693D+00    0.1000000000D+01
    0.6780000000D+03    0.7350471537D+00    0.1000000000D+01
    0.6790000000D+03    0.7350389182D+00    0.1000000000D+01
    0.6800000000D+03    0.7350378894D+00    0.1000000000D+01
    0.6810000000D+03    0.7350459857D+00    0.1000000000D+01
    0.6820000000D+03    0.7350589940D+00    0.1000000000D+01
    0.6830000000D+03    0.7350667927D+00    0.1000000000D+01
    0.6840000000D+03    0.7350575054D+00    0.1000000000D+01
    0.6850000000D+03    0.7350394348D+00    0.1000000000D+01
    0.6860000000D+03    0.7350428044D+00    0.1000000000D+01
    0.6870000000D+03    0.7350649165D+00    0.1000000000D+01
    0.6880000000D+03    0.7350804025D+00    0.1000000000D+01
    0.6890000000D+03    0.7350737839D+00    0.1000000000D+01
    0.6900000000D+03    0.7350534198D+00    0.1000000000D+01
    0.6910000000D+03    0.7350491038D+00    0.1000000000D+01
    0.6920000000D+03    0.7350702926D+00    0.1000000000D+01
    0.6930000000D+03    0.7350995372D+00    0.1000000000D+01
    0.6940000000D+03    0.7351025601D+00    0.1000000000D+01
    0.6950000000D+03    0.7350774721D+00    0.1000000000D+01
    0.6960000000D+03    0.7350622031D+00    0.1000000000D+01
    0.6970000000D+03    0.7350731651D+00    0.1000000000D+01
    0.6980000000D+03    0.7350977613D+00    0.1000000000D+01
    0.6990000000D+03    0.7351029174D+00    0.1000000000D+01
    0.7000000000D+03    0.7350828599D+00    0.1000000000D+01
    0.7010000000D+03    0.7350689733D+00    0.1000000000D+01
    0.7020000000D+03    0.7350731973D+00    0.1000000000D+01
    0.7030000000D+03    0.7350880501D+00    0.1000000000D+01
    0.7040000000D+03    0.7351010681D+00    0.1000000000D+01
    0.7050000000D+03    0.7351019454D+00    0.1000000000D+01
    0.7060000000D+03    0.7350894752D+00    0.1000000000D+01
    0.7070000000D+03    0.7350778516D+00    0.1000000000D+01
    0.7080000000D+03    0.7350805993D+00    0.1000000000D+01
    0.7090000000D+03    0.7350947757D+00    0.1000000000D+01
    0.7100000000D+03    0.7351100784D+00    0.1000000000D+01
    0.7110000000D+03    0.7351100683D+00    0.1000000000D+01
    0.7120000000D+03    0.7350874767D+00    0.1000000000D+01
    0.7130000000D+03    0.7350626698D+00    0.1000000000D+01
    0.7140000000D+03    0.7350820384D+00    0.1000000000D+01
    0.7150000000D+03    0.7351277823D+00    0.1000000000D+01
    0.7160000000D+03    0.7351217131D+00    0.1000000000D+01
    0.7170000000D+03    0.7350853875D+00    0.1000000000D+01
    0.7180000000D+03    0.7350813631D+00    0.1000000000D+01
    0.7190000000D+03    0.7351013991D+00    0.1000000000D+01
    0.7200000000D+03    0.7351207542D+00    0.1000000000D+01
    0.7210000000D+03    0.7351265073D+00    0.1000000000D+01
    0.7220000000D+03    0.7351168471D+00    0.1000000000D+01
    0.7230000000D+03    0.7351026308D+00    0.1000000000D+01
    0.7240000000D+03    0.7351013858D+00    0.1000000000D+01
    0.7250000000D+03    0.7351155471D+00    0.1000000000D+01
    0.7260000000D+03    0.7351317463D+00    0.1000000000D+01
    0.7270000000D+03    0.7351360002D+00    0.1000000000D+01
    0.7280000000D+03    0.7351217676D+00    0.1000000000D+01
    0.7290000000D+03    0.7351081365D+00    0.1000000000D+01
    0.7300000000D+03    0.7351126661D+00    0.1000000000D+01
    0.7310000000D+03    0.7351325726D+00    0.1000000000D+01
    0.7320000000D+03    0.7351532187D+00    0.1000000000D+01
    0.7330000000D+03    0.7351589102D+00    0.1000000000D+01
    0.7340000000D+03    0.7351467371D+00    0.1000000000D+01
    0.7350000000D+03    0.7351306220D+00    0.1000000000D+01
    0.7360000000D+03    0.7351383781D+00    0.1000000000D+01
    0.7370000000D+03    0.7351687233D+00    0.1000000000D+01
    0.7380000000D+03    0.7351916569D+00    0.1000000000D+01
    0.7390000000D+03    0.7351827239D+00    0.1000000000D+01
    0.7400000000D+03    0.7351549973D+00    0.1000000000D+01
    0.7410000000D+03    0.7351596171D+00    0.1000000000D+01
    0.7420000000D+03    0.7351937833D+00    0.1000000000D+01
    0.7430000000D+03    0.7352124822D+00    0.1000000000D+01
    0.7440000000D+03    0.7352013531D+00    0.1000000000D+01
    0.7450000000D+03    0.7351766760D+00    0.1000000000D+01
    0.7460000000D+03    0.7351706765D+00    0.1000000000D+01
    0.7470000000D+03    0.7351866285D+00    0.1000000000D+01
    0.7480000000D+03    0.7352022737D+00    0.1000000000D+01
    0.7490000000D+03    0.7352024686D+00    0.1000000000D+01
    0.7500000000D+03    0.7351868999D+00    0.1000000000D+01
    0.7510000000D+03    0.7351686710D+00    0.1000000000D+01
    0.7520000000D+03    0.7351567293D+00    0.1000000000D+01
    0.7530000000D+03    0.7351555009D+00    0.1000000000D+01
    0.7540000000D+03    0.7351700796D+00    0.1000000000D+01
    0.7550000000D+03    0.7351881298D+00    0.1000000000D+01
    0.7560000000D+03    0.7351738982D+00    0.1000000000D+01
    0.7570000000D+03    0.7351372478D+00    0.1000000000D+01
    0.7580000000D+03    0.7351291591D+00    0.1000000000D+01
    0.7590000000D+03    0.7351562113D+00    0.1000000000D+01
    0.7600000000D+03    0.7351884723D+00    0.1000000000D+01
    0.7610000000D+03    0.7351886084D+00    0.1000000000D+01
    0.7620000000D+03    0.7351600161D+00    0.1000000000D+01
    0.7630000000D+03    0.7351469094D+00    0.1000000000D+01
    0.7640000000D+03    0.7351648059D+00    0.1000000000D+01
    0.7650000000D+03    0.7351964137D+00    0.1000000000D+01
    0.7660000000D+03    0.7352084881D+00    0.1000000000D+01
    0.7670000000D+03    0.7351935398D+00    0.1000000000D+01
    0.7680000000D+03    0.7351768118D+00    0.1000000000D+01
    0.7690000000D+03    0.7351742131D+00    0.1000000000D+01
    0.7700000000D+03    0.7351873995D+00    0.1000000000D+01
    0.7710000000D+03    0.7352050933D+00    0.1000000000D+01
    0.7720000000D+03    0.7352103840D+00    0.1000000000D+01
    0.7730000000D+03    0.7351931406D+00    0.1000000000D+01
    0.7740000000D+03    0.7351732467D+00    0.1000000000D+01
    0.7750000000D+03    0.7351756059D+00    0.1000000000D+01
    0.7760000000D+03    0.7351911344D+00    0.1000000000D+01
    0.7770000000D+03    0.7352047404D+00    0.1000000000D+01
    0.7780000000D+03    0.7352078427D+00    0.1000000000D+01
    0.7790000000D+03    0.7351965881D+00    0.1000000000D+01
    0.7800000000D+03    0.7351792097D+00    0.1000000000D+01
    0.7810000000D+03    0.7351789654D+00    0.1000000000D+01
    0.7820000000D+03    0.7352058800D+00    0.1000000000D+01
    0.7830000000D+03    0.7352374955D+00    0.1000000000D+01
    0.7840000000D+03    0.7352373168D+00    0.1000000000D+01
    0.7850000000D+03    0.7351937741D+00    0.1000000000D+01
    0.7860000000D+03    0.7351739121D+00    0.1000000000D+01
    0.7870000000D+03    0.7352148965D+00    0.1000000000D+01
    0.7880000000D+03    0.7352495544D+00    0.1000000000D+01
    0.7890000000D+03    0.7352444637D+00    0.1000000000D+01
    0.7900000000D+03    0.7352231544D+00    0.1000000000D+01
    0.7910000000D+03    0.7352075615D+00    0.1000000000D+01
    0.7920000000D+03    0.7352103514D+00    0.1000000000D+01
    0.7930000000D+03    0.7352261214D+00    0.1000000000D+01
    0.7940000000D+03    0.7352404928D+00    0.1000000000D+01
    0.7950000000D+03    0.7352440562D+00    0.1000000000D+01
    0.7960000000D+03    0.7352367867D+00    0.1000000000D+01
    0.7970000000D+03    0.7352232331D+00    0.1000000000D+01
    0.7980000000D+03    0.7352185610D+00    0.1000000000D+01
    0.7990000000D+03    0.7352329853D+00    0.1000000000D+01
    0.8000000000D+03    0.7352573395D+00    0.1000000000D+01
    0.8010000000D+03    0.7352710638D+00    0.1000000000D+01
    0.8020000000D+03    0.7352578040D+00    0.1000000000D+01
    0.8030000000D+03    0.7352356290D+00    0.1000000000D+01
    0.8040000000D+03    0.7352365583D+00    0.1000000000D+01
    0.8050000000D+03    0.7352733879D+00    0.1000000000D+01
    0.8060000000D+03    0.7353095828D+00    0.1000000000D+01
    0.8070000000D+03    0.7352982003D+00    0.1000000000D+01
    0.8080000000D+03    0.7352666485D+00    0.1000000000D+01
    0.8090000000D+03    0.7352591660D+00    0.1000000000D+01
    0.8100000000D+03    0.7352792128D+00    0.1000000000D+01
    0.8110000000D+03    0.7353057779D+00    0.1000000000D+01
    0.8120000000D+03    0.7353118335D+00    0.1000000000D+01
    0.8130000000D+03    0.7352873521D+00    0.1000000000D+01
    0.8140000000D+03    0.7352520716D+00    0.1000000000D+01
    0.8150000000D+03    0.7352479164D+00    0.1000000000D+01
    0.8160000000D+03    0.7352717965D+00    0.1000000000D+01
    0.8170000000D+03    0.7352831880D+00    0.1000000000D+01
    0.8180000000D+03    0.7352748658D+00    0.1000000000D+01
    0.8190000000D+03    0.7352595458D+00    0.1000000000D+01
    0.8200000000D+03    0.7352481751D+00    0.1000000000D+01
    0.8210000000D+03    0.7352464392D+00    0.1000000000D+01
    0.8220000000D+03    0.7352563973D+00    0.1000000000D+01
    0.8230000000D+03    0.7352739166D+00    0.1000000000D+01
    0.8240000000D+03    0.7352870780D+00    0.1000000000D+01
    0.8250000000D+03    0.7352803899D+00    0.1000000000D+01
    0.8260000000D+03    0.7352535287D+00    0.1000000000D+01
    0.8270000000D+03    0.7352378347D+00    0.1000000000D+01
    0.8280000000D+03    0.7352594053D+00    0.1000000000D+01
    0.8290000000D+03    0.7353041644D+00    0.1000000000D+01
    0.8300000000D+03    0.7353092019D+00    0.1000000000D+01
    0.8310000000D+03    0.7352580751D+00    0.1000000000D+01
    0.8320000000D+03    0.7352299615D+00    0.1000000000D+01
    0.8330000000D+03    0.7352559520D+00    0.1000000000D+01
    0.8340000000D+03    0.7352961204D+00    0.1000000000D+01
    0.8350000000D+03    0.7353142064D+00    0.1000000000D+01
    0.8360000000D+03    0.7352986737D+00    0.1000000000D+01
    0.8370000000D+03    0.7352755823D+00    0.1000000000D+01
    0.8380000000D+03    0.7352693255D+00    0.1000000000D+01
    0.8390000000D+03    0.7352806330D+00    0.1000000000D+01
    0.8400000000D+03    0.7352994406D+00    0.1000000000D+01
    0.8410000000D+03    0.7353132954D+00    0.1000000000D+01
    0.8420000000D+03    0.7353118441D+00    0.1000000000D+01
    0.8430000000D+03    0.7352965556D+00    0.1000000000D+01
    0.8440000000D+03    0.7352839707D+00    0.1000000000D+01
    0.8450000000D+03    0.7352892538D+00    0.1000000000D+01
    0.8460000000D+03    0.7353143451D+00    0.1000000000D+01
    0.8470000000D+03    0.7353289988D+00    0.1000000000D+01
    0.8480000000D+03    0.7353141947D+00    0.1000000000D+01
    0.8490000000D+03    0.7352928179D+00    0.1000000000D+01
    0.8500000000D+03    0.7352826468D+00    0.1000000000D+01
    0.8510000000D+03    0.7352905466D+00    0.1000000000D+01
    0.8520000000D+03    0.7353170626D+00    0.1000000000D+01
    0.8530000000D+03    0.7353396782D+00    0.1000000000D+01
    0.8540000000D+03    0.7353192457D+00    0.1000000000D+01
    0.8550000000D+03    0.7352769393D+00    0.1000000000D+01
    0.8560000000D+03    0.7352780730D+00    0.1000000000D+01
    0.8570000000D+03    0.7353137331D+00    0.1000000000D+01
    0.8580000000D+03    0.7353407624D+00    0.1000000000D+01
    0.8590000000D+03    0.7353414346D+00    0.1000000000D+01
    0.8600000000D+03    0.7353194868D+00    0.1000000000D+01
    0.8610000000D+03    0.7353024469D+00    0.1000000000D+01
    0.8620000000D+03    0.7353070038D+00    0.1000000000D+01
    0.8630000000D+03    0.7353277291D+00    0.1000000000D+01
    0.8640000000D+03    0.7353458698D+00    0.1000000000D+01
    0.8650000000D+03    0.7353494476D+00    0.1000000000D+01
    0.8660000000D+03    0.7353415793D+00    0.1000000000D+01
    0.8670000000D+03    0.7353283941D+00    0.1000000000D+01
    0.8680000000D+03    0.7353209677D+00    0.1000000000D+01
    0.8690000000D+03    0.7353295725D+00    0.1000000000D+01
    0.8700000000D+03    0.7353533478D+00    0.1000000000D+01
    0.8710000000D+03    0.7353725790D+00    0.1000000000D+01
    0.8720000000D+03    0.7353631929D+00    0.1000000000D+01
    0.8730000000D+03    0.7353221624D+00    0.1000000000D+01
    0.8740000000D+03    0.7353007911D+00    0.1000000000D+01
    0.8750000000D+03    0.7353411677D+00    0.1000000000D+01
    0.8760000000D+03    0.7353829593D+00    0.1000000000D+01
    0.8770000000D+03    0.7353752606D+00    0.1000000000D+01
    0.8780000000D+03    0.7353422279D+00    0.1000000000D+01
    0.8790000000D+03    0.7353200269D+00    0.1000000000D+01
    0.8800000000D+03    0.7353320742D+00    0.1000000000D+01
    0.8810000000D+03    0.7353604214D+00    0.1000000000D+01
    0.8820000000D+03    0.7353762058D+00    0.1000000000D+01
    0.8830000000D+03    0.7353739704D+00    0.1000000000D+01
    0.8840000000D+03    0.7353585295D+00    0.1000000000D+01
    0.8850000000D+03    0.7353395960D+00    0.1000000000D+01
    0.8860000000D+03    0.7353346996D+00    0.1000000000D+01
    0.8870000000D+03    0.7353537488D+00    0.1000000000D+01
    0.8880000000D+03    0.7353741776D+00    0.1000000000D+01
    0.8890000000D+03    0.7353749334D+00    0.1000000000D+01
    0.8900000000D+03    0.7353557714D+00    0.1000000000D+01
    0.8910000000D+03    0.7353279237D+00    0.1000000000D+01
    0.8920000000D+03    0.7353130012D+00    0.1000000000D+01
    0.8930000000D+03    0.7353230380D+00    0.1000000000D+01
    0.8940000000D+03    0.7353492728D+00    0.1000000000D+01
    0.8950000000D+03    0.7353645991D+00    0.1000000000D+01
    0.8960000000D+03    0.7353536339D+00    0.1000000000D+01
    0.8970000000D+03    0.7353257063D+00    0.1000000000D+01
    0.8980000000D+03    0.7353132829D+00    0.1000000000D+01
    0.8990000000D+03    0.7353416732D+00    0.1000000000D+01
    0.9000000000D+03    0.7353833463D+00    0.1000000000D+01
    0.9010000000D+03    0.7353955433D+00    0.1000000000D+01
    0.9020000000D+03    0.7353627359D+00    0.1000000000D+01
    0.9030000000D+03    0.7353316142D+00    0.1000000000D+01
    0.9040000000D+03    0.7353545673D+00    0.1000000000D+01
    0.9050000000D+03    0.7353931320D+00    0.1000000000D+01
    0.9060000000D+03    0.7354043499D+00    0.1000000000D+01
    0.9070000000D+03    0.7353949254D+00    0.1000000000D+01
    0.9080000000D+03    0.7353771800D+00    0.1000000000D+01
    0.9090000000D+03    0.7353631010D+00    0.1000000000D+01
    0.9100000000D+03    0.7353580893D+00    0.1000000000D+01
    0.9110000000D+03    0.7353649626D+00    0.1000000000D+01
    0.9120000000D+03    0.7353839115D+00    0.1000000000D+01
    0.9130000000D+03    0.7353979011D+00    0.1000000000D+01
    0.9140000000D+03    0.7353828046D+00    0.1000000000D+01
    0.9150000000D+03    0.7353487795D+00    0.1000000000D+01
    0.9160000000D+03    0.7353304560D+00    0.1000000000D+01
    0.9170000000D+03    0.7353480885D+00    0.1000000000D+01
    0.9180000000D+03    0.7353920116D+00    0.1000000000D+01
    0.9190000000D+03    0.7354173523D+00    0.1000000000D+01
    0.9200000000D+03    0.7353985072D+00    0.1000000000D+01
    0.9210000000D+03    0.7353572283D+00    0.1000000000D+01
    0.9220000000D+03    0.7353456250D+00    0.1000000000D+01
    0.9230000000D+03    0.7353877629D+00    0.1000000000D+01
    0.9240000000D+03    0.7354307011D+00    0.1000000000D+01
    0.9250000000D+03    0.7354320050D+00    0.1000000000D+01
    0.9260000000D+03    0.7354015287D+00    0.1000000000D+01
    0.9270000000D+03    0.7353701901D+00    0.1000000000D+01
    0.9280000000D+03    0.7353690698D+00    0.1000000000D+01
    0.9290000000D+03    0.7353960856D+00    0.1000000000D+01
    0.9300000000D+03    0.7354254327D+00    0.1000000000D+01
    0.9310000000D+03    0.7354298825D+00    0.1000000000D+01
    0.9320000000D+03    0.7354077247D+00    0.1000000000D+01
    0.9330000000D+03    0.7353819294D+00    0.1000000000D+01
    0.9340000000D+03    0.7353761354D+00    0.1000000000D+01
    0.9350000000D+03    0.7353989353D+00    0.1000000000D+01
    0.9360000000D+03    0.7354277896D+00    0.1000000000D+01
    0.9370000000D+03    0.7354401125D+00    0.1000000000D+01
    0.9380000000D+03    0.7354309539D+00    0.1000000000D+01
    0.9390000000D+03    0.7354074208D+00    0.1000000000D+01
    0.9400000000D+03    0.7353874782D+00    0.1000000000D+01
    0.9410000000D+03    0.7353906756D+00    0.1000000000D+01
    0.9420000000D+03    0.7354228006D+00    0.1000000000D+01
    0.9430000000D+03    0.7354612991D+00    0.1000000000D+01
    0.9440000000D+03    0.7354637314D+00    0.1000000000D+01
    0.9450000000D+03    0.7354091028D+00    0.1000000000D+01
    0.9460000000D+03    0.7353690408D+00    0.1000000000D+01
    0.9470000000D+03    0.7354055598D+00    0.1000000000D+01
    0.9480000000D+03    0.7354501015D+00    0.1000000000D+01
    0.9490000000D+03    0.7354475776D+00    0.1000000000D+01
    0.9500000000D+03    0.7354190336D+00    0.1000000000D+01
    0.9510000000D+03    0.7353900523D+00    0.1000000000D+01
    0.9520000000D+03    0.7353817846D+00    0.1000000000D+01
    0.9530000000D+03    0.7354000648D+00    0.1000000000D+01
    0.9540000000D+03    0.7354290000D+00    0.1000000000D+01
    0.9550000000D+03    0.7354439534D+00    0.1000000000D+01
    0.9560000000D+03    0.7354396386D+00    0.1000000000D+01
    0.9570000000D+03    0.7354249057D+00    0.1000000000D+01
    0.9580000000D+03    0.7354056501D+00    0.1000000000D+01
    0.9590000000D+03    0.7353982629D+00    0.1000000000D+01
    0.9600000000D+03    0.7354225212D+00    0.1000000000D+01
    0.9610000000D+03    0.7354623114D+00    0.1000000000D+01
    0.9620000000D+03    0.7354700451D+00    0.1000000000D+01
    0.9630000000D+03    0.7354385443D+00    0.1000000000D+01
    0.9640000000D+03    0.7354004054D+00    0.1000000000D+01
    0.9650000000D+03    0.7353894054D+00    0.1000000000D+01
    0.9660000000D+03    0.7354191810D+00    0.1000000000D+01
    0.9670000000D+03    0.7354582438D+00    0.1000000000D+01
    0.9680000000D+03    0.7354676946D+00    0.1000000000D+01
    0.9690000000D+03    0.7354340382D+00    0.1000000000D+01
    0.9700000000D+03    0.7353886417D+00    0.1000000000D+01
    0.9710000000D+03    0.7353807592D+00    0.1000000000D+01
    0.9720000000D+03    0.7354152202D+00    0.1000000000D+01
    0.9730000000D+03    0.7354590476D+00    0.1000000000D+01
    0.9740000000D+03    0.7354673498D+00    0.1000000000D+01
    0.9750000000D+03    0.7354394407D+00    0.1000000000D+01
    0.9760000000D+03    0.7354154428D+00    0.1000000000D+01
    0.9770000000D+03    0.7354141513D+00    0.1000000000D+01
    0.9780000000D+03    0.7354344688D+00    0.1000000000D+01
    0.9790000000D+03    0.7354592705D+00    0.1000000000D+01
    0.9800000000D+03    0.7354724640D+00    0.1000000000D+01
    0.9810000000D+03    0.7354700296D+00    0.1000000000D+01
    0.9820000000D+03    0.7354501957D+00    0.1000000000D+01
    0.9830000000D+03    0.7354244112D+00    0.1000000000D+01
    0.9840000000D+03    0.7354179707D+00    0.1000000000D+01
    0.9850000000D+03    0.7354435706D+00    0.1000000000D+01
    0.9860000000D+03    0.7354819506D+00    0.1000000000D+01
    0.9870000000D+03    0.7354973950D+00    0.1000000000D+01
    0.9880000000D+03    0.7354631794D+00    0.1000000000D+01
    0.9890000000D+03    0.7354081600D+00    0.1000000000D+01
    0.9900000000D+03    0.7353943407D+00    0.1000000000D+01
    0.9910000000D+03    0.7354387984D+00    0.1000000000D+01
    0.9920000000D+03    0.7354963039D+00    0.1000000000D+01
    0.9930000000D+03    0.7354920663D+00    0.1000000000D+01
    0.9940000000D+03    0.7354382248D+00    0.1000000000D+01
    0.9950000000D+03    0.7354157998D+00    0.1000000000D+01
    0.9960000000D+03    0.7354334298D+00    0.1000000000D+01
    0.9970000000D+03    0.7354619866D+00    0.1000000000D+01
    0.9980000000D+03    0.7354858544D+00    0.1000000000D+01
    0.9990000000D+03    0.7354911460D+00    0.1000000000D+01
    0.1000000000D+04    0.7354757756D+00    0.1000000000D+01
