  0.000000000000000E+000   1.00000000000000     
   1.00000000000000       0.996612799838041     
   2.00000000000000       0.987130425202370     
   3.00000000000000       0.971714411034629     
   4.00000000000000       0.950592305631377     
   5.00000000000000       0.924035353410668     
   6.00000000000000       0.892345738093259     
   7.00000000000000       0.855849133726457     
   8.00000000000000       0.814889788147577     
   9.00000000000000       0.769826813990130     
   10.0000000000000       0.721031076287375     
   11.0000000000000       0.668882394901827     
   12.0000000000000       0.613766929945653     
   13.0000000000000       0.556074685298119     
   14.0000000000000       0.496197107628184     
   15.0000000000000       0.434524771288737     
   16.0000000000000       0.371445147727661     
   17.0000000000000       0.307340469260306     
   18.0000000000000       0.242585689814504     
   19.0000000000000       0.177546552002750     
   20.0000000000000       0.112577771053688     
   21.0000000000000       4.802133692526955E-002
   22.0000000000000      -1.579505343694043E-002
   23.0000000000000      -7.855942990157772E-002
   24.0000000000000      -0.139976847951143     
   25.0000000000000      -0.199770541906993     
   26.0000000000000      -0.257682936479580     
   27.0000000000000      -0.313476513145115     
   28.0000000000000      -0.366934526586697     
   29.0000000000000      -0.417861579595776     
   30.0000000000000      -0.466084050302737     
   31.0000000000000      -0.511450375894458     
   32.0000000000000      -0.553831200449109     
   33.0000000000000      -0.593119381445869     
   34.0000000000000      -0.629229867469334     
   35.0000000000000      -0.662099449883236     
   36.0000000000000      -0.691686388791409     
   37.0000000000000      -0.717969929486098     
   38.0000000000000      -0.740949707148011     
   39.0000000000000      -0.760645049297752     
   40.0000000000000      -0.777094189309446     
   41.0000000000000      -0.790353387922273     
   42.0000000000000      -0.800495980397391     
   43.0000000000000      -0.807611355067268     
   44.0000000000000      -0.811803865399636     
   45.0000000000000      -0.813191695698844     
   46.0000000000000      -0.811905678801209     
   47.0000000000000      -0.808088076911024     
   48.0000000000000      -0.801891340726045     
   49.0000000000000      -0.793476842910375     
   50.0000000000000      -0.783013604778645     
   51.0000000000000      -0.770677021441921     
   52.0000000000000      -0.756647586085208     
   53.0000000000000      -0.741109633640609     
   54.0000000000000      -0.724250099851697     
   55.0000000000000      -0.706257305271412     
   56.0000000000000      -0.687319777914718     
   57.0000000000000      -0.667625107253468     
   58.0000000000000      -0.647358846551794     
   59.0000000000000      -0.626703465807683     
   60.0000000000000      -0.605837352349713     
   61.0000000000000      -0.584933876882759     
   62.0000000000000      -0.564160516940406     
   63.0000000000000      -0.543678043777347     
   64.0000000000000      -0.523639783155404     
   65.0000000000000      -0.504190938313007     
   66.0000000000000      -0.485467988710038     
   67.0000000000000      -0.467598162904426     
   68.0000000000000      -0.450698978395329     
   69.0000000000000      -0.434877862791901     
   70.0000000000000      -0.420231844138048     
   71.0000000000000      -0.406847312637966     
   72.0000000000000      -0.394799860764497     
   73.0000000000000      -0.384154186147937     
   74.0000000000000      -0.374964067496012     
   75.0000000000000      -0.367272408576291     
   76.0000000000000      -0.361111339726553     
   77.0000000000000      -0.356502388344180     
   78.0000000000000      -0.353456703271833     
   79.0000000000000      -0.351975332570184     
   80.0000000000000      -0.352049559255379     
   81.0000000000000      -0.353661277086797     
   82.0000000000000      -0.356783414520828     
   83.0000000000000      -0.361380400093149     
   84.0000000000000      -0.367408657027005     
   85.0000000000000      -0.374817137033784     
   86.0000000000000      -0.383547877174116     
   87.0000000000000      -0.393536578198602     
   88.0000000000000      -0.404713208191202     
   89.0000000000000      -0.417002613228439     
   90.0000000000000      -0.430325142663592     
   91.0000000000000      -0.444597282325592     
   92.0000000000000      -0.459732283587369     
   93.0000000000000      -0.475640798368011     
   94.0000000000000      -0.492231504677659     
   95.0000000000000      -0.509411721663607     
   96.0000000000000      -0.527088018747809     
   97.0000000000000      -0.545166801817800     
   98.0000000000000      -0.563554884947627     
   99.0000000000000      -0.582160042360426     
   100.000000000000      -0.600891530085703     
   101.000000000000      -0.619660588614916     
   102.000000000000      -0.638380913079311     
   103.000000000000      -0.656969091465631     
   104.000000000000      -0.675345017127032     
   105.000000000000      -0.693432260677374     
   106.000000000000      -0.711158411310651     
   107.000000000000      -0.728455384311843     
   108.000000000000      -0.745259686256559     
   109.000000000000      -0.761512650839454     
   110.000000000000      -0.777160634109975     
   111.000000000000      -0.792155171411172     
   112.000000000000      -0.806453104059083     
   113.000000000000      -0.820016663019437     
   114.000000000000      -0.832813521120650     
   115.000000000000      -0.844816812468620     
   116.000000000000      -0.856005112374940     
   117.000000000000      -0.866362392053409     
   118.000000000000      -0.875877938721243     
   119.000000000000      -0.884546244721133     
   120.000000000000      -0.892366874945738     
   121.000000000000      -0.899344301395248     
   122.000000000000      -0.905487717262710     
   123.000000000000      -0.910810830406299     
   124.000000000000      -0.915331630595468     
   125.000000000000      -0.919072145324658     
   126.000000000000      -0.922058175868440     
   127.000000000000      -0.924319017684646     
   128.000000000000      -0.925887174829734     
   129.000000000000      -0.926798057914564     
   130.000000000000      -0.927089677977405     
   131.000000000000      -0.926802336434262     
   132.000000000000      -0.925978305690118     
   133.000000000000      -0.924661514870319     
   134.000000000000      -0.922897232514243     
   135.000000000000      -0.920731749990334     
   136.000000000000      -0.918212074850123     
   137.000000000000      -0.915385623549541     
   138.000000000000      -0.912299925132393     
   139.000000000000      -0.909002335594996     
   140.000000000000      -0.905539757020951     
   141.000000000000      -0.901958374948818     
   142.000000000000      -0.898303405365327     
   143.000000000000      -0.894618854170336     
   144.000000000000      -0.890947297351493     
   145.000000000000      -0.887329670726040     
   146.000000000000      -0.883805079634705     
   147.000000000000      -0.880410627483023     
   148.000000000000      -0.877181256407231     
   149.000000000000      -0.874149612248452     
   150.000000000000      -0.871345924556705     
   151.000000000000      -0.868797903390096     
   152.000000000000      -0.866530660035331     
   153.000000000000      -0.864566639871644     
   154.000000000000      -0.862925576524525     
   155.000000000000      -0.861624465398122     
   156.000000000000      -0.860677549127376     
   157.000000000000      -0.860096325954865     
   158.000000000000      -0.859889571237104     
   159.000000000000      -0.860063372957825     
   160.000000000000      -0.860621187479590     
   161.000000000000      -0.861563903388528     
   162.000000000000      -0.862889921627411     
   163.000000000000      -0.864595249515250     
   164.000000000000      -0.866673600810750     
   165.000000000000      -0.869116512006110     
   166.000000000000      -0.871913464928634     
   167.000000000000      -0.875052016046940     
   168.000000000000      -0.878517938229489     
   169.000000000000      -0.882295362876726     
   170.000000000000      -0.886366930106100     
   171.000000000000      -0.890713944535524     
   172.000000000000      -0.895316528887418     
   173.000000000000      -0.900153785221397     
   174.000000000000      -0.905203954185040     
   175.000000000000      -0.910444572636484     
   176.000000000000      -0.915852635325893     
   177.000000000000      -0.921404749039911     
   178.000000000000      -0.927077286778352     
   179.000000000000      -0.932846539841190     
   180.000000000000      -0.938688860487027     
   181.000000000000      -0.944580804948695     
   182.000000000000      -0.950499267837939     
   183.000000000000      -0.956421608567510     
   184.000000000000      -0.962325775708370     
   185.000000000000      -0.968190418433525     
   186.000000000000      -0.973994992758174     
   187.000000000000      -0.979719861002597     
   188.000000000000      -0.985346377771529     
   189.000000000000      -0.990856972388490     
   190.000000000000      -0.996235219595324     
   191.000000000000       -1.00146589954184     
   192.000000000000       -1.00653505330811     
   193.000000000000       -1.01143002391750     
   194.000000000000       -1.01613949074149     
   195.000000000000       -1.02065349628390     
   196.000000000000       -1.02496345926250     
   197.000000000000       -1.02906218405898     
   198.000000000000       -1.03294385906588     
   199.000000000000       -1.03660404528504     
   200.000000000000       -1.04003966165708     
   201.000000000000       -1.04324895776745     
   202.000000000000       -1.04623148190434     
   203.000000000000       -1.04898804386992     
   204.000000000000       -1.05152066692560     
   205.000000000000       -1.05383253891436     
   206.000000000000       -1.05592795561402     
   207.000000000000       -1.05781225781784     
   208.000000000000       -1.05949176866152     
   209.000000000000       -1.06097372231059     
   210.000000000000       -1.06226619185399     
   211.000000000000       -1.06337801599589     
   212.000000000000       -1.06431871916364     
   213.000000000000       -1.06509843483413     
   214.000000000000       -1.06572782542454     
   215.000000000000       -1.06621800016853     
   216.000000000000       -1.06658043732101     
   217.000000000000       -1.06682690204923     
   218.000000000000       -1.06696936752595     
   219.000000000000       -1.06701993879854     
   220.000000000000       -1.06699077408862     
   221.000000000000       -1.06689401290399     
   222.000000000000       -1.06674170441072     
   223.000000000000       -1.06654573724548     
   224.000000000000       -1.06631777677806     
   225.000000000000       -1.06606920126789     
   226.000000000000       -1.06581104397158     
   227.000000000000       -1.06555394062778     
   228.000000000000       -1.06530807689405     
   229.000000000000       -1.06508314460468     
   230.000000000000       -1.06488830030315     
   231.000000000000       -1.06473212691697     
   232.000000000000       -1.06462260419297     
   233.000000000000       -1.06456707936555     
   234.000000000000       -1.06457224462877     
   235.000000000000       -1.06464412066268     
   236.000000000000       -1.06478804069516     
   237.000000000000       -1.06500864346323     
   238.000000000000       -1.06530986853731     
   239.000000000000       -1.06569495459095     
   240.000000000000       -1.06616644587867     
   241.000000000000       -1.06672619845945     
   242.000000000000       -1.06737539231162     
   243.000000000000       -1.06811454847267     
   244.000000000000       -1.06894354565885     
   245.000000000000       -1.06986164430915     
   246.000000000000       -1.07086751160393     
   247.000000000000       -1.07195924784917     
   248.000000000000       -1.07313441923274     
   249.000000000000       -1.07439008864811     
   250.000000000000       -1.07572285041839     
   251.000000000000       -1.07712886804101     
   252.000000000000       -1.07860390948847     
   253.000000000000       -1.08014338770954     
   254.000000000000       -1.08174240007171     
   255.000000000000       -1.08339576706058     
   256.000000000000       -1.08509807510122     
   257.000000000000       -1.08684371545740     
   258.000000000000       -1.08862692484566     
   259.000000000000       -1.09044182697471     
   260.000000000000       -1.09228246972621     
   261.000000000000       -1.09414286542906     
   262.000000000000       -1.09601702824728     
   263.000000000000       -1.09789900901633     
   264.000000000000       -1.09978293234215     
   265.000000000000       -1.10166302825315     
   266.000000000000       -1.10353366393034     
   267.000000000000       -1.10538937488378     
   268.000000000000       -1.10722489053300     
   269.000000000000       -1.10903516151794     
   270.000000000000       -1.11081538308368     
   271.000000000000       -1.11256101494189     
   272.000000000000       -1.11426780241519     
   273.000000000000       -1.11593179151335     
   274.000000000000       -1.11754934338881     
   275.000000000000       -1.11911714771434     
   276.000000000000       -1.12063223019105     
   277.000000000000       -1.12209196140379     
   278.000000000000       -1.12349406168315     
   279.000000000000       -1.12483660244281     
   280.000000000000       -1.12611800878456     
   281.000000000000       -1.12733705635349     
   282.000000000000       -1.12849286780052     
   283.000000000000       -1.12958490854097     
   284.000000000000       -1.13061297723338     
   285.000000000000       -1.13157719806034     
   286.000000000000       -1.13247800973965     
   287.000000000000       -1.13331615176164     
   288.000000000000       -1.13409265258973     
   289.000000000000       -1.13480881308434     
   290.000000000000       -1.13546619037440     
   291.000000000000       -1.13606658195632     
   292.000000000000       -1.13661200560277     
   293.000000000000       -1.13710468198089     
   294.000000000000       -1.13754701511379     
   295.000000000000       -1.13794157115422     
   296.000000000000       -1.13829106009991     
   297.000000000000       -1.13859831392303     
   298.000000000000       -1.13886626615754     
   299.000000000000       -1.13909793275714     
   300.000000000000       -1.13929638990659     
   301.000000000000       -1.13946475545949     
   302.000000000000       -1.13960616928338     
   303.000000000000       -1.13972377290793     
   304.000000000000       -1.13982069295478     
   305.000000000000       -1.13990002198210     
   306.000000000000       -1.13996480157196     
   307.000000000000       -1.14001800746506     
   308.000000000000       -1.14006253248572     
   309.000000000000       -1.14010117367819     
   310.000000000000       -1.14013661904500     
   311.000000000000       -1.14017143418514     
   312.000000000000       -1.14020805314012     
   313.000000000000       -1.14024876721303     
   314.000000000000       -1.14029571636328     
   315.000000000000       -1.14035088295690     
   316.000000000000       -1.14041608366125     
   317.000000000000       -1.14049296565316     
   318.000000000000       -1.14058300263003     
   319.000000000000       -1.14068749082464     
   320.000000000000       -1.14080754916676     
   321.000000000000       -1.14094411748590     
   322.000000000000       -1.14109795714681     
   323.000000000000       -1.14126965388063     
   324.000000000000       -1.14145961865549     
   325.000000000000       -1.14166809252555     
   326.000000000000       -1.14189515105724     
   327.000000000000       -1.14214070845757     
   328.000000000000       -1.14240452540661     
   329.000000000000       -1.14268621463370     
   330.000000000000       -1.14298524844734     
   331.000000000000       -1.14330096798839     
   332.000000000000       -1.14363259012754     
   333.000000000000       -1.14397921775029     
   334.000000000000       -1.14433984915840     
   335.000000000000       -1.14471338666710     
   336.000000000000       -1.14509864829140     
   337.000000000000       -1.14549437672730     
   338.000000000000       -1.14589924969161     
   339.000000000000       -1.14631189142269     
   340.000000000000       -1.14673088136496     
   341.000000000000       -1.14715476561838     
   342.000000000000       -1.14758206703328     
   343.000000000000       -1.14801129401155     
   344.000000000000       -1.14844095182711     
   345.000000000000       -1.14886955085515     
   346.000000000000       -1.14929561565610     
   347.000000000000       -1.14971769476897     
   348.000000000000       -1.15013436735530     
   349.000000000000       -1.15054425213851     
   350.000000000000       -1.15094601468109     
   351.000000000000       -1.15133837306016     
   352.000000000000       -1.15172010569103     
   353.000000000000       -1.15209005587783     
   354.000000000000       -1.15244713693590     
   355.000000000000       -1.15279033780029     
   356.000000000000       -1.15311872538405     
   357.000000000000       -1.15343144900668     
   358.000000000000       -1.15372774309601     
   359.000000000000       -1.15400692822716     
   360.000000000000       -1.15426841418991     
   361.000000000000       -1.15451169984559     
   362.000000000000       -1.15473637352089     
   363.000000000000       -1.15494211390750     
   364.000000000000       -1.15512868784550     
   365.000000000000       -1.15529595018689     
   366.000000000000       -1.15544384209047     
   367.000000000000       -1.15557238780809     
   368.000000000000       -1.15568169358926     
   369.000000000000       -1.15577194363087     
   370.000000000000       -1.15584339671621     
   371.000000000000       -1.15589638355381     
   372.000000000000       -1.15593130129200     
   373.000000000000       -1.15594861027501     
   374.000000000000       -1.15594882952055     
   375.000000000000       -1.15593253096335     
   376.000000000000       -1.15590033601563     
   377.000000000000       -1.15585290951739     
   378.000000000000       -1.15579095460774     
   379.000000000000       -1.15571520855364     
   380.000000000000       -1.15562643609289     
   381.000000000000       -1.15552542521766     
   382.000000000000       -1.15541298198891     
   383.000000000000       -1.15528992439777     
   384.000000000000       -1.15515707873963     
   385.000000000000       -1.15501527370057     
   386.000000000000       -1.15486533556810     
   387.000000000000       -1.15470808461490     
   388.000000000000       -1.15454432927944     
   389.000000000000       -1.15437486292588     
   390.000000000000       -1.15420045986920     
   391.000000000000       -1.15402187064587     
   392.000000000000       -1.15383981990550     
   393.000000000000       -1.15365500223724     
   394.000000000000       -1.15346807922163     
   395.000000000000       -1.15327967776256     
   396.000000000000       -1.15309038638216     
   397.000000000000       -1.15290075411876     
   398.000000000000       -1.15271128880155     
   399.000000000000       -1.15252245464589     
   400.000000000000       -1.15233467245526     
   401.000000000000       -1.15214831785209     
   402.000000000000       -1.15196372071183     
   403.000000000000       -1.15178116585999     
   404.000000000000       -1.15160089177309     
   405.000000000000       -1.15142309178865     
   406.000000000000       -1.15124791468408     
   407.000000000000       -1.15107546453644     
   408.000000000000       -1.15090580306679     
   409.000000000000       -1.15073894999945     
   410.000000000000       -1.15057488450299     
   411.000000000000       -1.15041354778310     
   412.000000000000       -1.15025484362875     
   413.000000000000       -1.15009864129339     
   414.000000000000       -1.14994477765944     
   415.000000000000       -1.14979305857394     
   416.000000000000       -1.14964326248645     
   417.000000000000       -1.14949514202991     
   418.000000000000       -1.14934842651500     
   419.000000000000       -1.14920282542497     
   420.000000000000       -1.14905802977733     
   421.000000000000       -1.14891371562275     
   422.000000000000       -1.14876954672111     
   423.000000000000       -1.14862517626607     
   424.000000000000       -1.14848025072682     
   425.000000000000       -1.14833441155917     
   426.000000000000       -1.14818729767190     
   427.000000000000       -1.14803854875619     
   428.000000000000       -1.14788780641369     
   429.000000000000       -1.14773471725198     
   430.000000000000       -1.14757893508049     
   431.000000000000       -1.14742012206781     
   432.000000000000       -1.14725795187325     
   433.000000000000       -1.14709211061660     
   434.000000000000       -1.14692229849411     
   435.000000000000       -1.14674823217253     
   436.000000000000       -1.14656964496597     
   437.000000000000       -1.14638628886983     
   438.000000000000       -1.14619793567613     
   439.000000000000       -1.14600437702349     
   440.000000000000       -1.14580542634246     
   441.000000000000       -1.14560091866838     
   442.000000000000       -1.14539071105595     
   443.000000000000       -1.14517468375081     
   444.000000000000       -1.14495273918888     
   445.000000000000       -1.14472480280716     
   446.000000000000       -1.14449082297683     
   447.000000000000       -1.14425076990346     
   448.000000000000       -1.14400463640383     
   449.000000000000       -1.14375243663339     
   450.000000000000       -1.14349420542612     
   451.000000000000       -1.14322999842218     
   452.000000000000       -1.14295989011491     
   453.000000000000       -1.14268397371150     
   454.000000000000       -1.14240236019840     
   455.000000000000       -1.14211517644492     
   456.000000000000       -1.14182256520265     
   457.000000000000       -1.14152468316870     
   458.000000000000       -1.14122169970223     
   459.000000000000       -1.14091379638496     
   460.000000000000       -1.14060116461253     
   461.000000000000       -1.14028400502168     
   462.000000000000       -1.13996252621740     
   463.000000000000       -1.13963694261984     
   464.000000000000       -1.13930747423460     
   465.000000000000       -1.13897434460183     
   466.000000000000       -1.13863777944041     
   467.000000000000       -1.13829800618974     
   468.000000000000       -1.13795525168566     
   469.000000000000       -1.13760974168694     
   470.000000000000       -1.13726169978374     
   471.000000000000       -1.13691134549165     
   472.000000000000       -1.13655889428126     
   473.000000000000       -1.13620455587943     
   474.000000000000       -1.13584853328663     
   475.000000000000       -1.13549102272199     
   476.000000000000       -1.13513221177845     
   477.000000000000       -1.13477227941786     
   478.000000000000       -1.13441139540056     
   479.000000000000       -1.13404971893628     
   480.000000000000       -1.13368739925390     
   481.000000000000       -1.13332457450265     
   482.000000000000       -1.13296137135974     
   483.000000000000       -1.13259790556445     
   484.000000000000       -1.13223428070445     
   485.000000000000       -1.13187058880166     
   486.000000000000       -1.13150691035243     
   487.000000000000       -1.13114331359335     
   488.000000000000       -1.13077985564038     
   489.000000000000       -1.13041658198784     
   490.000000000000       -1.13005352667666     
   491.000000000000       -1.12969071336047     
   492.000000000000       -1.12932815463862     
   493.000000000000       -1.12896585312491     
   494.000000000000       -1.12860380196624     
   495.000000000000       -1.12824198456889     
   496.000000000000       -1.12788037613382     
   497.000000000000       -1.12751894355998     
   498.000000000000       -1.12715764596379     
   499.000000000000       -1.12679643605344     
   500.000000000000       -1.12643525976985     
   501.000000000000       -1.12607405759020     
   502.000000000000       -1.12571276526640     
   503.000000000000       -1.12535131374528     
   504.000000000000       -1.12498963082911     
   505.000000000000       -1.12462764120679     
   506.000000000000       -1.12426526704671     
   507.000000000000       -1.12390242940127     
   508.000000000000       -1.12353904787792     
   509.000000000000       -1.12317504190364     
   510.000000000000       -1.12281033141327     
   511.000000000000       -1.12244483669895     
   512.000000000000       -1.12207847993985     
   513.000000000000       -1.12171118511223     
   514.000000000000       -1.12134287841717     
   515.000000000000       -1.12097348948831     
   516.000000000000       -1.12060295087596     
   517.000000000000       -1.12023119907042     
   518.000000000000       -1.11985817495032     
   519.000000000000       -1.11948382338563     
   520.000000000000       -1.11910809447691     
   521.000000000000       -1.11873094319853     
   522.000000000000       -1.11835232953190     
   523.000000000000       -1.11797221936336     
   524.000000000000       -1.11759058368325     
   525.000000000000       -1.11720739928733     
   526.000000000000       -1.11682264892004     
   527.000000000000       -1.11643632058122     
   528.000000000000       -1.11604840844255     
   529.000000000000       -1.11565891220509     
   530.000000000000       -1.11526783693530     
   531.000000000000       -1.11487519366520     
   532.000000000000       -1.11448099833133     
   533.000000000000       -1.11408527219395     
   534.000000000000       -1.11368804172694     
   535.000000000000       -1.11328933769173     
   536.000000000000       -1.11288919580670     
   537.000000000000       -1.11248765590397     
   538.000000000000       -1.11208476156359     
   539.000000000000       -1.11168056052011     
   540.000000000000       -1.11127510345238     
   541.000000000000       -1.11086844423963     
   542.000000000000       -1.11046063972236     
   543.000000000000       -1.11005174867254     
   544.000000000000       -1.10964183235013     
   545.000000000000       -1.10923095359541     
   546.000000000000       -1.10881917640010     
   547.000000000000       -1.10840656626122     
   548.000000000000       -1.10799318896156     
   549.000000000000       -1.10757911080353     
   550.000000000000       -1.10716439837991     
   551.000000000000       -1.10674911757688     
   552.000000000000       -1.10633333415263     
   553.000000000000       -1.10591711289534     
   554.000000000000       -1.10550051725790     
   555.000000000000       -1.10508360978123     
   556.000000000000       -1.10466645098120     
   557.000000000000       -1.10424909967132     
   558.000000000000       -1.10383161284755     
   559.000000000000       -1.10341404482115     
   560.000000000000       -1.10299644791038     
   561.000000000000       -1.10257887174656     
   562.000000000000       -1.10216136304768     
   563.000000000000       -1.10174396617896     
   564.000000000000       -1.10132672220491     
   565.000000000000       -1.10090966935257     
   566.000000000000       -1.10049284305338     
   567.000000000000       -1.10007627524034     
   568.000000000000       -1.09965999518023     
   569.000000000000       -1.09924402894610     
   570.000000000000       -1.09882839934088     
   571.000000000000       -1.09841312659875     
   572.000000000000       -1.09799822759779     
   573.000000000000       -1.09758371645288     
   574.000000000000       -1.09716960469649     
   575.000000000000       -1.09675590071513     
   576.000000000000       -1.09634261069198     
   577.000000000000       -1.09592973820861     
   578.000000000000       -1.09551728427675     
   579.000000000000       -1.09510524813405     
   580.000000000000       -1.09469362656512     
   581.000000000000       -1.09428241456926     
   582.000000000000       -1.09387160562098     
   583.000000000000       -1.09346119118322     
   584.000000000000       -1.09305116169606     
   585.000000000000       -1.09264150624037     
   586.000000000000       -1.09223221260898     
   587.000000000000       -1.09182326812729     
   588.000000000000       -1.09141465901145     
   589.000000000000       -1.09100637104028     
   590.000000000000       -1.09059838982447     
   591.000000000000       -1.09019070032588     
   592.000000000000       -1.08978328782334     
   593.000000000000       -1.08937613756960     
   594.000000000000       -1.08896923483554     
   595.000000000000       -1.08856256569138     
   596.000000000000       -1.08815611633937     
   597.000000000000       -1.08774987373074     
   598.000000000000       -1.08734382578704     
   599.000000000000       -1.08693796087156     
   600.000000000000       -1.08653226868280     
   601.000000000000       -1.08612673985765     
   602.000000000000       -1.08572136594587     
   603.000000000000       -1.08531614011326     
   604.000000000000       -1.08491105641338     
   605.000000000000       -1.08450611031889     
   606.000000000000       -1.08410129886806     
   607.000000000000       -1.08369662006524     
   608.000000000000       -1.08329207368384     
   609.000000000000       -1.08288766080081     
   610.000000000000       -1.08248338369089     
   611.000000000000       -1.08207924644564     
   612.000000000000       -1.08167525418090     
   613.000000000000       -1.08127141348416     
   614.000000000000       -1.08086773249097     
   615.000000000000       -1.08046422022252     
   616.000000000000       -1.08006088731007     
   617.000000000000       -1.07965774547533     
   618.000000000000       -1.07925480736230     
   619.000000000000       -1.07885208709287     
   620.000000000000       -1.07844959943278     
   621.000000000000       -1.07804736018075     
   622.000000000000       -1.07764538620227     
   623.000000000000       -1.07724369473339     
   624.000000000000       -1.07684230405819     
   625.000000000000       -1.07644123296707     
   626.000000000000       -1.07604050055980     
   627.000000000000       -1.07564012677257     
   628.000000000000       -1.07524013153714     
   629.000000000000       -1.07484053514775     
   630.000000000000       -1.07444135828814     
   631.000000000000       -1.07404262133713     
   632.000000000000       -1.07364434503524     
   633.000000000000       -1.07324654995577     
   634.000000000000       -1.07284925631378     
   635.000000000000       -1.07245248449863     
   636.000000000000       -1.07205625425885     
   637.000000000000       -1.07166058507880     
   638.000000000000       -1.07126549622926     
   639.000000000000       -1.07087100610357     
   640.000000000000       -1.07047713290124     
   641.000000000000       -1.07008389413723     
   642.000000000000       -1.06969130648087     
   643.000000000000       -1.06929938631630     
   644.000000000000       -1.06890814897280     
   645.000000000000       -1.06851760912971     
   646.000000000000       -1.06812778090681     
   647.000000000000       -1.06773867724481     
   648.000000000000       -1.06735031061831     
   649.000000000000       -1.06696269259306     
   650.000000000000       -1.06657583370264     
   651.000000000000       -1.06618974404289     
   652.000000000000       -1.06580443255111     
   653.000000000000       -1.06541990744137     
   654.000000000000       -1.06503617633450     
   655.000000000000       -1.06465324568074     
   656.000000000000       -1.06427112149874     
   657.000000000000       -1.06388980897490     
   658.000000000000       -1.06350931237085     
   659.000000000000       -1.06312963564351     
   660.000000000000       -1.06275078176271     
   661.000000000000       -1.06237275316583     
   662.000000000000       -1.06199555191482     
   663.000000000000       -1.06161917914714     
   664.000000000000       -1.06124363582639     
   665.000000000000       -1.06086892236822     
   666.000000000000       -1.06049503856222     
   667.000000000000       -1.06012198420103     
   668.000000000000       -1.05974975841876     
   669.000000000000       -1.05937836014748     
   670.000000000000       -1.05900778828326     
   671.000000000000       -1.05863804114706     
   672.000000000000       -1.05826911722935     
   673.000000000000       -1.05790101482395     
   674.000000000000       -1.05753373194682     
   675.000000000000       -1.05716726695668     
   676.000000000000       -1.05680161789670     
   677.000000000000       -1.05643678293641     
   678.000000000000       -1.05607276053053     
   679.000000000000       -1.05570954887411     
   680.000000000000       -1.05534714662647     
   681.000000000000       -1.05498555253896     
   682.000000000000       -1.05462476535714     
   683.000000000000       -1.05426478442095     
   684.000000000000       -1.05390560899793     
   685.000000000000       -1.05354723870025     
   686.000000000000       -1.05318967362693     
   687.000000000000       -1.05283291380458     
   688.000000000000       -1.05247695988360     
   689.000000000000       -1.05212181275318     
   690.000000000000       -1.05176747342175     
   691.000000000000       -1.05141394359256     
   692.000000000000       -1.05106122498491     
   693.000000000000       -1.05070931972448     
   694.000000000000       -1.05035823046764     
   695.000000000000       -1.05000795982738     
   696.000000000000       -1.04965851104289     
   697.000000000000       -1.04930988758332     
   698.000000000000       -1.04896209300893     
   699.000000000000       -1.04861513152566     
   700.000000000000       -1.04826900729840     
   701.000000000000       -1.04792372481953     
   702.000000000000       -1.04757928902099     
   703.000000000000       -1.04723570469140     
   704.000000000000       -1.04689297712612     
   705.000000000000       -1.04655111172663     
   706.000000000000       -1.04621011385033     
   707.000000000000       -1.04586998935237     
   708.000000000000       -1.04553074389899     
   709.000000000000       -1.04519238332329     
   710.000000000000       -1.04485491373391     
   711.000000000000       -1.04451834093228     
   712.000000000000       -1.04418267105237     
   713.000000000000       -1.04384791016493     
   714.000000000000       -1.04351406412487     
   715.000000000000       -1.04318113910969     
   716.000000000000       -1.04284914094156     
   717.000000000000       -1.04251807543919     
   718.000000000000       -1.04218794853171     
   719.000000000000       -1.04185876568405     
   720.000000000000       -1.04153053253466     
   721.000000000000       -1.04120325451187     
   722.000000000000       -1.04087693668627     
   723.000000000000       -1.04055158431252     
   724.000000000000       -1.04022720216629     
   725.000000000000       -1.03990379489851     
   726.000000000000       -1.03958136715954     
   727.000000000000       -1.03925992303764     
   728.000000000000       -1.03893946669921     
   729.000000000000       -1.03862000202100     
   730.000000000000       -1.03830153245078     
   731.000000000000       -1.03798406155553     
   732.000000000000       -1.03766759237543     
   733.000000000000       -1.03735212778202     
   734.000000000000       -1.03703767061437     
   735.000000000000       -1.03672422313082     
   736.000000000000       -1.03641178765241     
   737.000000000000       -1.03610036621040     
   738.000000000000       -1.03578996041457     
   739.000000000000       -1.03548057200675     
   740.000000000000       -1.03517220222989     
   741.000000000000       -1.03486485218868     
   742.000000000000       -1.03455852299484     
   743.000000000000       -1.03425321522963     
   744.000000000000       -1.03394892958740     
   745.000000000000       -1.03364566653506     
   746.000000000000       -1.03334342618429     
   747.000000000000       -1.03304220884676     
   748.000000000000       -1.03274201441418     
   749.000000000000       -1.03244284271692     
   750.000000000000       -1.03214469367442     
   751.000000000000       -1.03184756676371     
   752.000000000000       -1.03155146165872     
   753.000000000000       -1.03125637789691     
   754.000000000000       -1.03096231475091     
   755.000000000000       -1.03066927178081     
   756.000000000000       -1.03037724822032     
   757.000000000000       -1.03008624332934     
   758.000000000000       -1.02979625654465     
   759.000000000000       -1.02950728695019     
   760.000000000000       -1.02921933390807     
   761.000000000000       -1.02893239672822     
   762.000000000000       -1.02864647453546     
   763.000000000000       -1.02836156681541     
   764.000000000000       -1.02807767280307     
   765.000000000000       -1.02779479182611     
   766.000000000000       -1.02751292345298     
   767.000000000000       -1.02723206696185     
   768.000000000000       -1.02695222196107     
   769.000000000000       -1.02667338805934     
   770.000000000000       -1.02639556472629     
   771.000000000000       -1.02611875183027     
   772.000000000000       -1.02584294902780     
   773.000000000000       -1.02556815609639     
   774.000000000000       -1.02529437307913     
   775.000000000000       -1.02502159975156     
   776.000000000000       -1.02474983623122     
   777.000000000000       -1.02447908264810     
   778.000000000000       -1.02420933899880     
   779.000000000000       -1.02394060567667     
   780.000000000000       -1.02367288286235     
   781.000000000000       -1.02340617084716     
   782.000000000000       -1.02314047017509     
   783.000000000000       -1.02287578110856     
   784.000000000000       -1.02261210422866     
   785.000000000000       -1.02234944010721     
   786.000000000000       -1.02208778915619     
   787.000000000000       -1.02182715215204     
   788.000000000000       -1.02156752962924     
   789.000000000000       -1.02130892219623     
   790.000000000000       -1.02105133067692     
   791.000000000000       -1.02079475557759     
   792.000000000000       -1.02053919767999     
   793.000000000000       -1.02028465771738     
   794.000000000000       -1.02003113622142     
   795.000000000000       -1.01977863404322     
   796.000000000000       -1.01952715175200     
   797.000000000000       -1.01927668994606     
   798.000000000000       -1.01902724939613     
   799.000000000000       -1.01877883051540     
   800.000000000000       -1.01853143394809     
   801.000000000000       -1.01828506025131     
   802.000000000000       -1.01803970974155     
   803.000000000000       -1.01779538301456     
   804.000000000000       -1.01755208035078     
   805.000000000000       -1.01730980202342     
   806.000000000000       -1.01706854844511     
   807.000000000000       -1.01682831964268     
   808.000000000000       -1.01658911584278     
   809.000000000000       -1.01635093716060     
   810.000000000000       -1.01611378344744     
   811.000000000000       -1.01587765481032     
   812.000000000000       -1.01564255102517     
   813.000000000000       -1.01540847184265     
   814.000000000000       -1.01517541713902     
   815.000000000000       -1.01494338639596     
   816.000000000000       -1.01471237928365     
   817.000000000000       -1.01448239535682     
   818.000000000000       -1.01425343390316     
   819.000000000000       -1.01402549446296     
   820.000000000000       -1.01379857624978     
   821.000000000000       -1.01357267845384     
   822.000000000000       -1.01334780039672     
   823.000000000000       -1.01312394101570     
   824.000000000000       -1.01290109944395     
   825.000000000000       -1.01267927471295     
   826.000000000000       -1.01245846560128     
   827.000000000000       -1.01223867115334     
   828.000000000000       -1.01201989010654     
   829.000000000000       -1.01180212119155     
   830.000000000000       -1.01158536328957     
   831.000000000000       -1.01136961492025     
   832.000000000000       -1.01115487481785     
   833.000000000000       -1.01094114163902     
   834.000000000000       -1.01072841381059     
   835.000000000000       -1.01051669004650     
   836.000000000000       -1.01030596878005     
   837.000000000000       -1.01009624845990     
   838.000000000000       -1.00988752770889     
   839.000000000000       -1.00967980481418     
   840.000000000000       -1.00947307829838     
   841.000000000000       -1.00926734663141     
   842.000000000000       -1.00906260807635     
   843.000000000000       -1.00885886120345     
   844.000000000000       -1.00865610432642     
   845.000000000000       -1.00845433579327     
   846.000000000000       -1.00825355414572     
   847.000000000000       -1.00805375761064     
   848.000000000000       -1.00785494466550     
   849.000000000000       -1.00765711375343     
   850.000000000000       -1.00746026312643     
   851.000000000000       -1.00726439135596     
   852.000000000000       -1.00706949677266     
   853.000000000000       -1.00687557775152     
   854.000000000000       -1.00668263287148     
   855.000000000000       -1.00649066040789     
   856.000000000000       -1.00629965889188     
   857.000000000000       -1.00610962682846     
   858.000000000000       -1.00592056253705     
   859.000000000000       -1.00573246465850     
   860.000000000000       -1.00554533159803     
   861.000000000000       -1.00535916180512     
   862.000000000000       -1.00517395393326     
   863.000000000000       -1.00498970633339     
   864.000000000000       -1.00480641760783     
   865.000000000000       -1.00462408633140     
   866.000000000000       -1.00444271088950     
   867.000000000000       -1.00426228998221     
   868.000000000000       -1.00408282207074     
   869.000000000000       -1.00390430565236     
   870.000000000000       -1.00372673942092     
   871.000000000000       -1.00355012176174     
   872.000000000000       -1.00337445130053     
   873.000000000000       -1.00319972662819     
   874.000000000000       -1.00302594613704     
   875.000000000000       -1.00285310852247     
   876.000000000000       -1.00268121223349     
   877.000000000000       -1.00251025574341     
   878.000000000000       -1.00234023771165     
   879.000000000000       -1.00217115648060     
   880.000000000000       -1.00200301062037     
   881.000000000000       -1.00183579865757     
   882.000000000000       -1.00166951891040     
   883.000000000000       -1.00150416998837     
   884.000000000000       -1.00133975024758     
   885.000000000000       -1.00117625805748     
   886.000000000000       -1.00101369196469     
   887.000000000000       -1.00085205019215     
   888.000000000000       -1.00069133118011     
   889.000000000000       -1.00053153331949     
   890.000000000000       -1.00037265478602     
   891.000000000000       -1.00021469403858     
   892.000000000000       -1.00005764927924     
   893.000000000000      -0.999901518716746     
   894.000000000000      -0.999746300732272     
   895.000000000000      -0.999591993381333     
   896.000000000000      -0.999438594931083     
   897.000000000000      -0.999286103598362     
   898.000000000000      -0.999134517383110     
   899.000000000000      -0.998983834565325     
   900.000000000000      -0.998834053169951     
   901.000000000000      -0.998685171227130     
   902.000000000000      -0.998537186939840     
   903.000000000000      -0.998390098188401     
   904.000000000000      -0.998243903064283     
   905.000000000000      -0.998098599612490     
   906.000000000000      -0.997954185664197     
   907.000000000000      -0.997810659332250     
   908.000000000000      -0.997668018480614     
   909.000000000000      -0.997526260981198     
   910.000000000000      -0.997385384883243     
   911.000000000000      -0.997245387920165     
   912.000000000000      -0.997106268039545     
   913.000000000000      -0.996968023149689     
   914.000000000000      -0.996830650951092     
   915.000000000000      -0.996694149430386     
   916.000000000000      -0.996558516333817     
   917.000000000000      -0.996423749420535     
   918.000000000000      -0.996289846633389     
   919.000000000000      -0.996156805607688     
   920.000000000000      -0.996024624197249     
   921.000000000000      -0.995893300224727     
   922.000000000000      -0.995762831311653     
   923.000000000000      -0.995633215370447     
   924.000000000000      -0.995504450081784     
   925.000000000000      -0.995376533143991     
   926.000000000000      -0.995249462444995     
   927.000000000000      -0.995123235572748     
   928.000000000000      -0.994997850337084     
   929.000000000000      -0.994873304523630     
   930.000000000000      -0.994749595722163     
   931.000000000000      -0.994626721816525     
   932.000000000000      -0.994504680465652     
   933.000000000000      -0.994383469348927     
   934.000000000000      -0.994263086339167     
   935.000000000000      -0.994143529014530     
   936.000000000000      -0.994024795176181     
   937.000000000000      -0.993906882605393     
   938.000000000000      -0.993789788890521     
   939.000000000000      -0.993673511914540     
   940.000000000000      -0.993558049339697     
   941.000000000000      -0.993443398848847     
   942.000000000000      -0.993329558319456     
   943.000000000000      -0.993216525336927     
   944.000000000000      -0.993104297708187     
   945.000000000000      -0.992992873222071     
   946.000000000000      -0.992882249474712     
   947.000000000000      -0.992772424354996     
   948.000000000000      -0.992663395532816     
   949.000000000000      -0.992555160696568     
   950.000000000000      -0.992447717728116     
   951.000000000000      -0.992341064217782     
   952.000000000000      -0.992235197973866     
   953.000000000000      -0.992130116786530     
   954.000000000000      -0.992025818251623     
   955.000000000000      -0.991922300254382     
   956.000000000000      -0.991819560461267     
   957.000000000000      -0.991717596553711     
   958.000000000000      -0.991616406404400     
   959.000000000000      -0.991515987593923     
   960.000000000000      -0.991416337916466     
   961.000000000000      -0.991317455147277     
   962.000000000000      -0.991219336865127     
   963.000000000000      -0.991121980934384     
   964.000000000000      -0.991025385000495     
   965.000000000000      -0.990929546720366     
   966.000000000000      -0.990834463939880     
   967.000000000000      -0.990740134212396     
   968.000000000000      -0.990646555300832     
   969.000000000000      -0.990553724948647     
   970.000000000000      -0.990461640701338     
   971.000000000000      -0.990370300386676     
   972.000000000000      -0.990279701614227     
   973.000000000000      -0.990189842002257     
   974.000000000000      -0.990100719356673     
   975.000000000000      -0.990012331191382     
   976.000000000000      -0.989924675226871     
   977.000000000000      -0.989837749164835     
   978.000000000000      -0.989751550508581     
   979.000000000000      -0.989666077041701     
   980.000000000000      -0.989581326331444     
   981.000000000000      -0.989497295952311     
   982.000000000000      -0.989413983666374     
   983.000000000000      -0.989331386945586     
   984.000000000000      -0.989249503466777     
   985.000000000000      -0.989168330889882     
   986.000000000000      -0.989087866677344     
   987.000000000000      -0.989008108571205     
   988.000000000000      -0.988929054100146     
   989.000000000000      -0.988850700799910     
   990.000000000000      -0.988773046394899     
   991.000000000000      -0.988696088322265     
   992.000000000000      -0.988619824223468     
   993.000000000000      -0.988544251725987     
   994.000000000000      -0.988469368261564     
   995.000000000000      -0.988395171541667     
   996.000000000000      -0.988321659068287     
   997.000000000000      -0.988248828350928     
   998.000000000000      -0.988176677089522     
   999.000000000000      -0.988105202700162     
   1000.00000000000      -0.988034402803214     
