    0.0000000000D+00    0.1000000000D+01    0.1000000000D+01
    0.1000000000D+00    0.9999691943D+00    0.1000000000D+01
    0.2000000000D+00    0.9998770695D+00    0.1000000000D+01
    0.3000000000D+00    0.9997248407D+00    0.1000000000D+01
    0.4000000000D+00    0.9995145250D+00    0.1000000000D+01
    0.5000000000D+00    0.9992488247D+00    0.1000000000D+01
    0.6000000000D+00    0.9989310171D+00    0.1000000000D+01
    0.7000000000D+00    0.9985648348D+00    0.1000000000D+01
    0.8000000000D+00    0.9981543421D+00    0.1000000000D+01
    0.9000000000D+00    0.9977038200D+00    0.1000000000D+01
    0.1000000000D+01    0.9972176671D+00    0.1000000000D+01
    0.1100000000D+01    0.9967003196D+00    0.1000000000D+01
    0.1200000000D+01    0.9961561933D+00    0.1000000000D+01
    0.1300000000D+01    0.9955896464D+00    0.1000000000D+01
    0.1400000000D+01    0.9950049594D+00    0.1000000000D+01
    0.1500000000D+01    0.9944063286D+00    0.1000000000D+01
    0.1600000000D+01    0.9937978674D+00    0.1000000000D+01
    0.1700000000D+01    0.9931836101D+00    0.1000000000D+01
    0.1800000000D+01    0.9925675149D+00    0.1000000000D+01
    0.1900000000D+01    0.9919534608D+00    0.1000000000D+01
    0.2000000000D+01    0.9913452381D+00    0.1000000000D+01
    0.2100000000D+01    0.9907465294D+00    0.1000000000D+01
    0.2200000000D+01    0.9901608839D+00    0.1000000000D+01
    0.2300000000D+01    0.9895916835D+00    0.1000000000D+01
    0.2400000000D+01    0.9890421045D+00    0.1000000000D+01
    0.2500000000D+01    0.9885150770D+00    0.1000000000D+01
    0.2600000000D+01    0.9880132439D+00    0.1000000000D+01
    0.2700000000D+01    0.9875389224D+00    0.1000000000D+01
    0.2800000000D+01    0.9870940712D+00    0.1000000000D+01
    0.2900000000D+01    0.9866802632D+00    0.1000000000D+01
    0.3000000000D+01    0.9862986672D+00    0.1000000000D+01
    0.3100000000D+01    0.9859500383D+00    0.1000000000D+01
    0.3200000000D+01    0.9856347179D+00    0.1000000000D+01
    0.3300000000D+01    0.9853526419D+00    0.1000000000D+01
    0.3400000000D+01    0.9851033593D+00    0.1000000000D+01
    0.3500000000D+01    0.9848860569D+00    0.1000000000D+01
    0.3600000000D+01    0.9846995925D+00    0.1000000000D+01
    0.3700000000D+01    0.9845425327D+00    0.1000000000D+01
    0.3800000000D+01    0.9844131956D+00    0.1000000000D+01
    0.3900000000D+01    0.9843096962D+00    0.1000000000D+01
    0.4000000000D+01    0.9842299937D+00    0.1000000000D+01
    0.4100000000D+01    0.9841719386D+00    0.1000000000D+01
    0.4200000000D+01    0.9841333194D+00    0.1000000000D+01
    0.4300000000D+01    0.9841119064D+00    0.1000000000D+01
    0.4400000000D+01    0.9841054928D+00    0.1000000000D+01
    0.4500000000D+01    0.9841119315D+00    0.1000000000D+01
    0.4600000000D+01    0.9841291672D+00    0.1000000000D+01
    0.4700000000D+01    0.9841552633D+00    0.1000000000D+01
    0.4800000000D+01    0.9841884228D+00    0.1000000000D+01
    0.4900000000D+01    0.9842270043D+00    0.1000000000D+01
    0.5000000000D+01    0.9842695318D+00    0.1000000000D+01
    0.5100000000D+01    0.9843146998D+00    0.1000000000D+01
    0.5200000000D+01    0.9843613734D+00    0.1000000000D+01
    0.5300000000D+01    0.9844085841D+00    0.1000000000D+01
    0.5400000000D+01    0.9844555156D+00    0.1000000000D+01
    0.5500000000D+01    0.9845015106D+00    0.1000000000D+01
    0.5600000000D+01    0.9845460616D+00    0.1000000000D+01
    0.5700000000D+01    0.9845887565D+00    0.1000000000D+01
    0.5800000000D+01    0.9846293032D+00    0.1000000000D+01
    0.5900000000D+01    0.9846675036D+00    0.1000000000D+01
    0.6000000000D+01    0.9847032393D+00    0.1000000000D+01
    0.6100000000D+01    0.9847364579D+00    0.1000000000D+01
    0.6200000000D+01    0.9847671609D+00    0.1000000000D+01
    0.6300000000D+01    0.9847953924D+00    0.1000000000D+01
    0.6400000000D+01    0.9848212291D+00    0.1000000000D+01
    0.6500000000D+01    0.9848447723D+00    0.1000000000D+01
    0.6600000000D+01    0.9848661405D+00    0.1000000000D+01
    0.6700000000D+01    0.9848854641D+00    0.1000000000D+01
    0.6800000000D+01    0.9849028803D+00    0.1000000000D+01
    0.6900000000D+01    0.9849185298D+00    0.1000000000D+01
    0.7000000000D+01    0.9849325540D+00    0.1000000000D+01
    0.7100000000D+01    0.9849450929D+00    0.1000000000D+01
    0.7200000000D+01    0.9849562833D+00    0.1000000000D+01
    0.7300000000D+01    0.9849662582D+00    0.1000000000D+01
    0.7400000000D+01    0.9849751453D+00    0.1000000000D+01
    0.7500000000D+01    0.9849830668D+00    0.1000000000D+01
    0.7600000000D+01    0.9849901380D+00    0.1000000000D+01
    0.7700000000D+01    0.9849964673D+00    0.1000000000D+01
    0.7800000000D+01    0.9850021556D+00    0.1000000000D+01
    0.7900000000D+01    0.9850072952D+00    0.1000000000D+01
    0.8000000000D+01    0.9850119701D+00    0.1000000000D+01
    0.8100000000D+01    0.9850162552D+00    0.1000000000D+01
    0.8200000000D+01    0.9850202163D+00    0.1000000000D+01
    0.8300000000D+01    0.9850239101D+00    0.1000000000D+01
    0.8400000000D+01    0.9850273840D+00    0.1000000000D+01
    0.8500000000D+01    0.9850306767D+00    0.1000000000D+01
    0.8600000000D+01    0.9850338189D+00    0.1000000000D+01
    0.8700000000D+01    0.9850368334D+00    0.1000000000D+01
    0.8800000000D+01    0.9850397363D+00    0.1000000000D+01
    0.8900000000D+01    0.9850425378D+00    0.1000000000D+01
    0.9000000000D+01    0.9850452437D+00    0.1000000000D+01
    0.9100000000D+01    0.9850478560D+00    0.1000000000D+01
    0.9200000000D+01    0.9850503742D+00    0.1000000000D+01
    0.9300000000D+01    0.9850527968D+00    0.1000000000D+01
    0.9400000000D+01    0.9850551219D+00    0.1000000000D+01
    0.9500000000D+01    0.9850573483D+00    0.1000000000D+01
    0.9600000000D+01    0.9850594762D+00    0.1000000000D+01
    0.9700000000D+01    0.9850615075D+00    0.1000000000D+01
    0.9800000000D+01    0.9850634461D+00    0.1000000000D+01
    0.9900000000D+01    0.9850652980D+00    0.1000000000D+01
    0.1000000000D+02    0.9850670712D+00    0.1000000000D+01
    0.1010000000D+02    0.9850687747D+00    0.1000000000D+01
    0.1020000000D+02    0.9850704192D+00    0.1000000000D+01
    0.1030000000D+02    0.9850720153D+00    0.1000000000D+01
    0.1040000000D+02    0.9850735739D+00    0.1000000000D+01
    0.1050000000D+02    0.9850751052D+00    0.1000000000D+01
    0.1060000000D+02    0.9850766182D+00    0.1000000000D+01
    0.1070000000D+02    0.9850781205D+00    0.1000000000D+01
    0.1080000000D+02    0.9850796176D+00    0.1000000000D+01
    0.1090000000D+02    0.9850811128D+00    0.1000000000D+01
    0.1100000000D+02    0.9850826071D+00    0.1000000000D+01
    0.1110000000D+02    0.9850840992D+00    0.1000000000D+01
    0.1120000000D+02    0.9850855858D+00    0.1000000000D+01
    0.1130000000D+02    0.9850870618D+00    0.1000000000D+01
    0.1140000000D+02    0.9850885206D+00    0.1000000000D+01
    0.1150000000D+02    0.9850899546D+00    0.1000000000D+01
    0.1160000000D+02    0.9850913561D+00    0.1000000000D+01
    0.1170000000D+02    0.9850927171D+00    0.1000000000D+01
    0.1180000000D+02    0.9850940304D+00    0.1000000000D+01
    0.1190000000D+02    0.9850952899D+00    0.1000000000D+01
    0.1200000000D+02    0.9850964909D+00    0.1000000000D+01
    0.1210000000D+02    0.9850976307D+00    0.1000000000D+01
    0.1220000000D+02    0.9850987086D+00    0.1000000000D+01
    0.1230000000D+02    0.9850997258D+00    0.1000000000D+01
    0.1240000000D+02    0.9851006857D+00    0.1000000000D+01
    0.1250000000D+02    0.9851015935D+00    0.1000000000D+01
    0.1260000000D+02    0.9851024559D+00    0.1000000000D+01
    0.1270000000D+02    0.9851032807D+00    0.1000000000D+01
    0.1280000000D+02    0.9851040768D+00    0.1000000000D+01
    0.1290000000D+02    0.9851048532D+00    0.1000000000D+01
    0.1300000000D+02    0.9851056190D+00    0.1000000000D+01
    0.1310000000D+02    0.9851063825D+00    0.1000000000D+01
    0.1320000000D+02    0.9851071511D+00    0.1000000000D+01
    0.1330000000D+02    0.9851079304D+00    0.1000000000D+01
    0.1340000000D+02    0.9851087245D+00    0.1000000000D+01
    0.1350000000D+02    0.9851095352D+00    0.1000000000D+01
    0.1360000000D+02    0.9851103622D+00    0.1000000000D+01
    0.1370000000D+02    0.9851112033D+00    0.1000000000D+01
    0.1380000000D+02    0.9851120545D+00    0.1000000000D+01
    0.1390000000D+02    0.9851129100D+00    0.1000000000D+01
    0.1400000000D+02    0.9851137634D+00    0.1000000000D+01
    0.1410000000D+02    0.9851146074D+00    0.1000000000D+01
    0.1420000000D+02    0.9851154345D+00    0.1000000000D+01
    0.1430000000D+02    0.9851162376D+00    0.1000000000D+01
    0.1440000000D+02    0.9851170105D+00    0.1000000000D+01
    0.1450000000D+02    0.9851177477D+00    0.1000000000D+01
    0.1460000000D+02    0.9851184452D+00    0.1000000000D+01
    0.1470000000D+02    0.9851191005D+00    0.1000000000D+01
    0.1480000000D+02    0.9851197125D+00    0.1000000000D+01
    0.1490000000D+02    0.9851202818D+00    0.1000000000D+01
    0.1500000000D+02    0.9851208108D+00    0.1000000000D+01
    0.1510000000D+02    0.9851213033D+00    0.1000000000D+01
    0.1520000000D+02    0.9851217645D+00    0.1000000000D+01
    0.1530000000D+02    0.9851222012D+00    0.1000000000D+01
    0.1540000000D+02    0.9851226209D+00    0.1000000000D+01
    0.1550000000D+02    0.9851230320D+00    0.1000000000D+01
    0.1560000000D+02    0.9851234431D+00    0.1000000000D+01
    0.1570000000D+02    0.9851238627D+00    0.1000000000D+01
    0.1580000000D+02    0.9851242984D+00    0.1000000000D+01
    0.1590000000D+02    0.9851247568D+00    0.1000000000D+01
    0.1600000000D+02    0.9851252426D+00    0.1000000000D+01
    0.1610000000D+02    0.9851257588D+00    0.1000000000D+01
    0.1620000000D+02    0.9851263058D+00    0.1000000000D+01
    0.1630000000D+02    0.9851268821D+00    0.1000000000D+01
    0.1640000000D+02    0.9851274835D+00    0.1000000000D+01
    0.1650000000D+02    0.9851281037D+00    0.1000000000D+01
    0.1660000000D+02    0.9851287348D+00    0.1000000000D+01
    0.1670000000D+02    0.9851293674D+00    0.1000000000D+01
    0.1680000000D+02    0.9851299911D+00    0.1000000000D+01
    0.1690000000D+02    0.9851305958D+00    0.1000000000D+01
    0.1700000000D+02    0.9851311713D+00    0.1000000000D+01
    0.1710000000D+02    0.9851317092D+00    0.1000000000D+01
    0.1720000000D+02    0.9851322024D+00    0.1000000000D+01
    0.1730000000D+02    0.9851326465D+00    0.1000000000D+01
    0.1740000000D+02    0.9851330398D+00    0.1000000000D+01
    0.1750000000D+02    0.9851333833D+00    0.1000000000D+01
    0.1760000000D+02    0.9851336811D+00    0.1000000000D+01
    0.1770000000D+02    0.9851339402D+00    0.1000000000D+01
    0.1780000000D+02    0.9851341695D+00    0.1000000000D+01
    0.1790000000D+02    0.9851343800D+00    0.1000000000D+01
    0.1800000000D+02    0.9851345835D+00    0.1000000000D+01
    0.1810000000D+02    0.9851347917D+00    0.1000000000D+01
    0.1820000000D+02    0.9851350159D+00    0.1000000000D+01
    0.1830000000D+02    0.9851352655D+00    0.1000000000D+01
    0.1840000000D+02    0.9851355480D+00    0.1000000000D+01
    0.1850000000D+02    0.9851358678D+00    0.1000000000D+01
    0.1860000000D+02    0.9851362271D+00    0.1000000000D+01
    0.1870000000D+02    0.9851366248D+00    0.1000000000D+01
    0.1880000000D+02    0.9851370577D+00    0.1000000000D+01
    0.1890000000D+02    0.9851375203D+00    0.1000000000D+01
    0.1900000000D+02    0.9851380055D+00    0.1000000000D+01
    0.1910000000D+02    0.9851385054D+00    0.1000000000D+01
    0.1920000000D+02    0.9851390112D+00    0.1000000000D+01
    0.1930000000D+02    0.9851395140D+00    0.1000000000D+01
    0.1940000000D+02    0.9851400053D+00    0.1000000000D+01
    0.1950000000D+02    0.9851404771D+00    0.1000000000D+01
    0.1960000000D+02    0.9851409222D+00    0.1000000000D+01
    0.1970000000D+02    0.9851413348D+00    0.1000000000D+01
    0.1980000000D+02    0.9851417103D+00    0.1000000000D+01
    0.1990000000D+02    0.9851420460D+00    0.1000000000D+01
    0.2000000000D+02    0.9851423413D+00    0.1000000000D+01
    0.2010000000D+02    0.9851425975D+00    0.1000000000D+01
    0.2020000000D+02    0.9851428183D+00    0.1000000000D+01
    0.2030000000D+02    0.9851430095D+00    0.1000000000D+01
    0.2040000000D+02    0.9851431788D+00    0.1000000000D+01
    0.2050000000D+02    0.9851433348D+00    0.1000000000D+01
    0.2060000000D+02    0.9851434869D+00    0.1000000000D+01
    0.2070000000D+02    0.9851436439D+00    0.1000000000D+01
    0.2080000000D+02    0.9851438137D+00    0.1000000000D+01
    0.2090000000D+02    0.9851440029D+00    0.1000000000D+01
    0.2100000000D+02    0.9851442161D+00    0.1000000000D+01
    0.2110000000D+02    0.9851444563D+00    0.1000000000D+01
    0.2120000000D+02    0.9851447248D+00    0.1000000000D+01
    0.2130000000D+02    0.9851450216D+00    0.1000000000D+01
    0.2140000000D+02    0.9851453459D+00    0.1000000000D+01
    0.2150000000D+02    0.9851456958D+00    0.1000000000D+01
    0.2160000000D+02    0.9851460689D+00    0.1000000000D+01
    0.2170000000D+02    0.9851464618D+00    0.1000000000D+01
    0.2180000000D+02    0.9851468704D+00    0.1000000000D+01
    0.2190000000D+02    0.9851472893D+00    0.1000000000D+01
    0.2200000000D+02    0.9851477120D+00    0.1000000000D+01
    0.2210000000D+02    0.9851481314D+00    0.1000000000D+01
    0.2220000000D+02    0.9851485395D+00    0.1000000000D+01
    0.2230000000D+02    0.9851489289D+00    0.1000000000D+01
    0.2240000000D+02    0.9851492926D+00    0.1000000000D+01
    0.2250000000D+02    0.9851496250D+00    0.1000000000D+01
    0.2260000000D+02    0.9851499225D+00    0.1000000000D+01
    0.2270000000D+02    0.9851501834D+00    0.1000000000D+01
    0.2280000000D+02    0.9851504081D+00    0.1000000000D+01
    0.2290000000D+02    0.9851505999D+00    0.1000000000D+01
    0.2300000000D+02    0.9851507627D+00    0.1000000000D+01
    0.2310000000D+02    0.9851509029D+00    0.1000000000D+01
    0.2320000000D+02    0.9851510269D+00    0.1000000000D+01
    0.2330000000D+02    0.9851511424D+00    0.1000000000D+01
    0.2340000000D+02    0.9851512564D+00    0.1000000000D+01
    0.2350000000D+02    0.9851513759D+00    0.1000000000D+01
    0.2360000000D+02    0.9851515073D+00    0.1000000000D+01
    0.2370000000D+02    0.9851516565D+00    0.1000000000D+01
    0.2380000000D+02    0.9851518287D+00    0.1000000000D+01
    0.2390000000D+02    0.9851520281D+00    0.1000000000D+01
    0.2400000000D+02    0.9851522575D+00    0.1000000000D+01
    0.2410000000D+02    0.9851525187D+00    0.1000000000D+01
    0.2420000000D+02    0.9851528119D+00    0.1000000000D+01
    0.2430000000D+02    0.9851531354D+00    0.1000000000D+01
    0.2440000000D+02    0.9851534862D+00    0.1000000000D+01
    0.2450000000D+02    0.9851538592D+00    0.1000000000D+01
    0.2460000000D+02    0.9851542477D+00    0.1000000000D+01
    0.2470000000D+02    0.9851546442D+00    0.1000000000D+01
    0.2480000000D+02    0.9851550400D+00    0.1000000000D+01
    0.2490000000D+02    0.9851554262D+00    0.1000000000D+01
    0.2500000000D+02    0.9851557944D+00    0.1000000000D+01
    0.2510000000D+02    0.9851561374D+00    0.1000000000D+01
    0.2520000000D+02    0.9851564494D+00    0.1000000000D+01
    0.2530000000D+02    0.9851567267D+00    0.1000000000D+01
    0.2540000000D+02    0.9851569682D+00    0.1000000000D+01
    0.2550000000D+02    0.9851571743D+00    0.1000000000D+01
    0.2560000000D+02    0.9851573477D+00    0.1000000000D+01
    0.2570000000D+02    0.9851574925D+00    0.1000000000D+01
    0.2580000000D+02    0.9851576138D+00    0.1000000000D+01
    0.2590000000D+02    0.9851577173D+00    0.1000000000D+01
    0.2600000000D+02    0.9851578088D+00    0.1000000000D+01
    0.2610000000D+02    0.9851578946D+00    0.1000000000D+01
    0.2620000000D+02    0.9851579810D+00    0.1000000000D+01
    0.2630000000D+02    0.9851580741D+00    0.1000000000D+01
    0.2640000000D+02    0.9851581799D+00    0.1000000000D+01
    0.2650000000D+02    0.9851583041D+00    0.1000000000D+01
    0.2660000000D+02    0.9851584515D+00    0.1000000000D+01
    0.2670000000D+02    0.9851586265D+00    0.1000000000D+01
    0.2680000000D+02    0.9851588317D+00    0.1000000000D+01
    0.2690000000D+02    0.9851590683D+00    0.1000000000D+01
    0.2700000000D+02    0.9851593360D+00    0.1000000000D+01
    0.2710000000D+02    0.9851596320D+00    0.1000000000D+01
    0.2720000000D+02    0.9851599520D+00    0.1000000000D+01
    0.2730000000D+02    0.9851602899D+00    0.1000000000D+01
    0.2740000000D+02    0.9851606386D+00    0.1000000000D+01
    0.2750000000D+02    0.9851609900D+00    0.1000000000D+01
    0.2760000000D+02    0.9851613359D+00    0.1000000000D+01
    0.2770000000D+02    0.9851616684D+00    0.1000000000D+01
    0.2780000000D+02    0.9851619806D+00    0.1000000000D+01
    0.2790000000D+02    0.9851622669D+00    0.1000000000D+01
    0.2800000000D+02    0.9851625235D+00    0.1000000000D+01
    0.2810000000D+02    0.9851627481D+00    0.1000000000D+01
    0.2820000000D+02    0.9851629405D+00    0.1000000000D+01
    0.2830000000D+02    0.9851631019D+00    0.1000000000D+01
    0.2840000000D+02    0.9851632349D+00    0.1000000000D+01
    0.2850000000D+02    0.9851633437D+00    0.1000000000D+01
    0.2860000000D+02    0.9851634335D+00    0.1000000000D+01
    0.2870000000D+02    0.9851635102D+00    0.1000000000D+01
    0.2880000000D+02    0.9851635802D+00    0.1000000000D+01
    0.2890000000D+02    0.9851636498D+00    0.1000000000D+01
    0.2900000000D+02    0.9851637254D+00    0.1000000000D+01
    0.2910000000D+02    0.9851638125D+00    0.1000000000D+01
    0.2920000000D+02    0.9851639158D+00    0.1000000000D+01
    0.2930000000D+02    0.9851640384D+00    0.1000000000D+01
    0.2940000000D+02    0.9851641821D+00    0.1000000000D+01
    0.2950000000D+02    0.9851643470D+00    0.1000000000D+01
    0.2960000000D+02    0.9851645319D+00    0.1000000000D+01
    0.2970000000D+02    0.9851647347D+00    0.1000000000D+01
    0.2980000000D+02    0.9851649521D+00    0.1000000000D+01
    0.2990000000D+02    0.9851651811D+00    0.1000000000D+01
    0.3000000000D+02    0.9851654182D+00    0.1000000000D+01
    0.3010000000D+02    0.9851656603D+00    0.1000000000D+01
    0.3020000000D+02    0.9851659048D+00    0.1000000000D+01
    0.3030000000D+02    0.9851661491D+00    0.1000000000D+01
    0.3040000000D+02    0.9851663911D+00    0.1000000000D+01
    0.3050000000D+02    0.9851666287D+00    0.1000000000D+01
    0.3060000000D+02    0.9851668599D+00    0.1000000000D+01
    0.3070000000D+02    0.9851670826D+00    0.1000000000D+01
    0.3080000000D+02    0.9851672947D+00    0.1000000000D+01
    0.3090000000D+02    0.9851674939D+00    0.1000000000D+01
    0.3100000000D+02    0.9851676783D+00    0.1000000000D+01
    0.3110000000D+02    0.9851678461D+00    0.1000000000D+01
    0.3120000000D+02    0.9851679956D+00    0.1000000000D+01
    0.3130000000D+02    0.9851681260D+00    0.1000000000D+01
    0.3140000000D+02    0.9851682367D+00    0.1000000000D+01
    0.3150000000D+02    0.9851683283D+00    0.1000000000D+01
    0.3160000000D+02    0.9851684022D+00    0.1000000000D+01
    0.3170000000D+02    0.9851684611D+00    0.1000000000D+01
    0.3180000000D+02    0.9851685091D+00    0.1000000000D+01
    0.3190000000D+02    0.9851685511D+00    0.1000000000D+01
    0.3200000000D+02    0.9851685935D+00    0.1000000000D+01
    0.3210000000D+02    0.9851686428D+00    0.1000000000D+01
    0.3220000000D+02    0.9851687053D+00    0.1000000000D+01
    0.3230000000D+02    0.9851687866D+00    0.1000000000D+01
    0.3240000000D+02    0.9851688905D+00    0.1000000000D+01
    0.3250000000D+02    0.9851690194D+00    0.1000000000D+01
    0.3260000000D+02    0.9851691729D+00    0.1000000000D+01
    0.3270000000D+02    0.9851693487D+00    0.1000000000D+01
    0.3280000000D+02    0.9851695424D+00    0.1000000000D+01
    0.3290000000D+02    0.9851697481D+00    0.1000000000D+01
    0.3300000000D+02    0.9851699585D+00    0.1000000000D+01
    0.3310000000D+02    0.9851701665D+00    0.1000000000D+01
    0.3320000000D+02    0.9851703652D+00    0.1000000000D+01
    0.3330000000D+02    0.9851705493D+00    0.1000000000D+01
    0.3340000000D+02    0.9851707150D+00    0.1000000000D+01
    0.3350000000D+02    0.9851708609D+00    0.1000000000D+01
    0.3360000000D+02    0.9851709874D+00    0.1000000000D+01
    0.3370000000D+02    0.9851710968D+00    0.1000000000D+01
    0.3380000000D+02    0.9851711924D+00    0.1000000000D+01
    0.3390000000D+02    0.9851712780D+00    0.1000000000D+01
    0.3400000000D+02    0.9851713573D+00    0.1000000000D+01
    0.3410000000D+02    0.9851714335D+00    0.1000000000D+01
    0.3420000000D+02    0.9851715094D+00    0.1000000000D+01
    0.3430000000D+02    0.9851715867D+00    0.1000000000D+01
    0.3440000000D+02    0.9851716665D+00    0.1000000000D+01
    0.3450000000D+02    0.9851717493D+00    0.1000000000D+01
    0.3460000000D+02    0.9851718350D+00    0.1000000000D+01
    0.3470000000D+02    0.9851719232D+00    0.1000000000D+01
    0.3480000000D+02    0.9851720126D+00    0.1000000000D+01
    0.3490000000D+02    0.9851721020D+00    0.1000000000D+01
    0.3500000000D+02    0.9851721897D+00    0.1000000000D+01
    0.3510000000D+02    0.9851722738D+00    0.1000000000D+01
    0.3520000000D+02    0.9851723527D+00    0.1000000000D+01
    0.3530000000D+02    0.9851724252D+00    0.1000000000D+01
    0.3540000000D+02    0.9851724905D+00    0.1000000000D+01
    0.3550000000D+02    0.9851725488D+00    0.1000000000D+01
    0.3560000000D+02    0.9851726010D+00    0.1000000000D+01
    0.3570000000D+02    0.9851726491D+00    0.1000000000D+01
    0.3580000000D+02    0.9851726955D+00    0.1000000000D+01
    0.3590000000D+02    0.9851727435D+00    0.1000000000D+01
    0.3600000000D+02    0.9851727965D+00    0.1000000000D+01
    0.3610000000D+02    0.9851728575D+00    0.1000000000D+01
    0.3620000000D+02    0.9851729288D+00    0.1000000000D+01
    0.3630000000D+02    0.9851730117D+00    0.1000000000D+01
    0.3640000000D+02    0.9851731057D+00    0.1000000000D+01
    0.3650000000D+02    0.9851732090D+00    0.1000000000D+01
    0.3660000000D+02    0.9851733189D+00    0.1000000000D+01
    0.3670000000D+02    0.9851734315D+00    0.1000000000D+01
    0.3680000000D+02    0.9851735430D+00    0.1000000000D+01
    0.3690000000D+02    0.9851736498D+00    0.1000000000D+01
    0.3700000000D+02    0.9851737491D+00    0.1000000000D+01
    0.3710000000D+02    0.9851738391D+00    0.1000000000D+01
    0.3720000000D+02    0.9851739187D+00    0.1000000000D+01
    0.3730000000D+02    0.9851739880D+00    0.1000000000D+01
    0.3740000000D+02    0.9851740476D+00    0.1000000000D+01
    0.3750000000D+02    0.9851740991D+00    0.1000000000D+01
    0.3760000000D+02    0.9851741439D+00    0.1000000000D+01
    0.3770000000D+02    0.9851741840D+00    0.1000000000D+01
    0.3780000000D+02    0.9851742216D+00    0.1000000000D+01
    0.3790000000D+02    0.9851742584D+00    0.1000000000D+01
    0.3800000000D+02    0.9851742957D+00    0.1000000000D+01
    0.3810000000D+02    0.9851743338D+00    0.1000000000D+01
    0.3820000000D+02    0.9851743718D+00    0.1000000000D+01
    0.3830000000D+02    0.9851744079D+00    0.1000000000D+01
    0.3840000000D+02    0.9851744392D+00    0.1000000000D+01
    0.3850000000D+02    0.9851744625D+00    0.1000000000D+01
    0.3860000000D+02    0.9851744750D+00    0.1000000000D+01
    0.3870000000D+02    0.9851744744D+00    0.1000000000D+01
    0.3880000000D+02    0.9851744602D+00    0.1000000000D+01
    0.3890000000D+02    0.9851744337D+00    0.1000000000D+01
    0.3900000000D+02    0.9851743979D+00    0.1000000000D+01
    0.3910000000D+02    0.9851743570D+00    0.1000000000D+01
    0.3920000000D+02    0.9851743166D+00    0.1000000000D+01
    0.3930000000D+02    0.9851742824D+00    0.1000000000D+01
    0.3940000000D+02    0.9851742605D+00    0.1000000000D+01
    0.3950000000D+02    0.9851742562D+00    0.1000000000D+01
    0.3960000000D+02    0.9851742736D+00    0.1000000000D+01
    0.3970000000D+02    0.9851743157D+00    0.1000000000D+01
    0.3980000000D+02    0.9851743835D+00    0.1000000000D+01
    0.3990000000D+02    0.9851744765D+00    0.1000000000D+01
    0.4000000000D+02    0.9851745918D+00    0.1000000000D+01
    0.4010000000D+02    0.9851747245D+00    0.1000000000D+01
    0.4020000000D+02    0.9851748681D+00    0.1000000000D+01
    0.4030000000D+02    0.9851750147D+00    0.1000000000D+01
    0.4040000000D+02    0.9851751557D+00    0.1000000000D+01
    0.4050000000D+02    0.9851752830D+00    0.1000000000D+01
    0.4060000000D+02    0.9851753883D+00    0.1000000000D+01
    0.4070000000D+02    0.9851754663D+00    0.1000000000D+01
    0.4080000000D+02    0.9851755129D+00    0.1000000000D+01
    0.4090000000D+02    0.9851755268D+00    0.1000000000D+01
    0.4100000000D+02    0.9851755086D+00    0.1000000000D+01
    0.4110000000D+02    0.9851754614D+00    0.1000000000D+01
    0.4120000000D+02    0.9851753894D+00    0.1000000000D+01
    0.4130000000D+02    0.9851752974D+00    0.1000000000D+01
    0.4140000000D+02    0.9851751918D+00    0.1000000000D+01
    0.4150000000D+02    0.9851750791D+00    0.1000000000D+01
    0.4160000000D+02    0.9851749651D+00    0.1000000000D+01
    0.4170000000D+02    0.9851748550D+00    0.1000000000D+01
    0.4180000000D+02    0.9851747546D+00    0.1000000000D+01
    0.4190000000D+02    0.9851746667D+00    0.1000000000D+01
    0.4200000000D+02    0.9851745938D+00    0.1000000000D+01
    0.4210000000D+02    0.9851745375D+00    0.1000000000D+01
    0.4220000000D+02    0.9851744983D+00    0.1000000000D+01
    0.4230000000D+02    0.9851744762D+00    0.1000000000D+01
    0.4240000000D+02    0.9851744710D+00    0.1000000000D+01
    0.4250000000D+02    0.9851744824D+00    0.1000000000D+01
    0.4260000000D+02    0.9851745108D+00    0.1000000000D+01
    0.4270000000D+02    0.9851745560D+00    0.1000000000D+01
    0.4280000000D+02    0.9851746176D+00    0.1000000000D+01
    0.4290000000D+02    0.9851746945D+00    0.1000000000D+01
    0.4300000000D+02    0.9851747858D+00    0.1000000000D+01
    0.4310000000D+02    0.9851748890D+00    0.1000000000D+01
    0.4320000000D+02    0.9851750007D+00    0.1000000000D+01
    0.4330000000D+02    0.9851751175D+00    0.1000000000D+01
    0.4340000000D+02    0.9851752351D+00    0.1000000000D+01
    0.4350000000D+02    0.9851753491D+00    0.1000000000D+01
    0.4360000000D+02    0.9851754535D+00    0.1000000000D+01
    0.4370000000D+02    0.9851755415D+00    0.1000000000D+01
    0.4380000000D+02    0.9851756067D+00    0.1000000000D+01
    0.4390000000D+02    0.9851756424D+00    0.1000000000D+01
    0.4400000000D+02    0.9851756426D+00    0.1000000000D+01
    0.4410000000D+02    0.9851756036D+00    0.1000000000D+01
    0.4420000000D+02    0.9851755242D+00    0.1000000000D+01
    0.4430000000D+02    0.9851754056D+00    0.1000000000D+01
    0.4440000000D+02    0.9851752525D+00    0.1000000000D+01
    0.4450000000D+02    0.9851750719D+00    0.1000000000D+01
    0.4460000000D+02    0.9851748731D+00    0.1000000000D+01
    0.4470000000D+02    0.9851746670D+00    0.1000000000D+01
    0.4480000000D+02    0.9851744654D+00    0.1000000000D+01
    0.4490000000D+02    0.9851742794D+00    0.1000000000D+01
    0.4500000000D+02    0.9851741195D+00    0.1000000000D+01
    0.4510000000D+02    0.9851739940D+00    0.1000000000D+01
    0.4520000000D+02    0.9851739090D+00    0.1000000000D+01
    0.4530000000D+02    0.9851738676D+00    0.1000000000D+01
    0.4540000000D+02    0.9851738696D+00    0.1000000000D+01
    0.4550000000D+02    0.9851739118D+00    0.1000000000D+01
    0.4560000000D+02    0.9851739889D+00    0.1000000000D+01
    0.4570000000D+02    0.9851740935D+00    0.1000000000D+01
    0.4580000000D+02    0.9851742178D+00    0.1000000000D+01
    0.4590000000D+02    0.9851743529D+00    0.1000000000D+01
    0.4600000000D+02    0.9851744917D+00    0.1000000000D+01
    0.4610000000D+02    0.9851746275D+00    0.1000000000D+01
    0.4620000000D+02    0.9851747545D+00    0.1000000000D+01
    0.4630000000D+02    0.9851748677D+00    0.1000000000D+01
    0.4640000000D+02    0.9851749630D+00    0.1000000000D+01
    0.4650000000D+02    0.9851750371D+00    0.1000000000D+01
    0.4660000000D+02    0.9851750871D+00    0.1000000000D+01
    0.4670000000D+02    0.9851751114D+00    0.1000000000D+01
    0.4680000000D+02    0.9851751091D+00    0.1000000000D+01
    0.4690000000D+02    0.9851750804D+00    0.1000000000D+01
    0.4700000000D+02    0.9851750267D+00    0.1000000000D+01
    0.4710000000D+02    0.9851749496D+00    0.1000000000D+01
    0.4720000000D+02    0.9851748517D+00    0.1000000000D+01
    0.4730000000D+02    0.9851747357D+00    0.1000000000D+01
    0.4740000000D+02    0.9851746047D+00    0.1000000000D+01
    0.4750000000D+02    0.9851744617D+00    0.1000000000D+01
    0.4760000000D+02    0.9851743100D+00    0.1000000000D+01
    0.4770000000D+02    0.9851741537D+00    0.1000000000D+01
    0.4780000000D+02    0.9851739974D+00    0.1000000000D+01
    0.4790000000D+02    0.9851738464D+00    0.1000000000D+01
    0.4800000000D+02    0.9851737067D+00    0.1000000000D+01
    0.4810000000D+02    0.9851735845D+00    0.1000000000D+01
    0.4820000000D+02    0.9851734855D+00    0.1000000000D+01
    0.4830000000D+02    0.9851734147D+00    0.1000000000D+01
    0.4840000000D+02    0.9851733758D+00    0.1000000000D+01
    0.4850000000D+02    0.9851733707D+00    0.1000000000D+01
    0.4860000000D+02    0.9851733994D+00    0.1000000000D+01
    0.4870000000D+02    0.9851734600D+00    0.1000000000D+01
    0.4880000000D+02    0.9851735486D+00    0.1000000000D+01
    0.4890000000D+02    0.9851736596D+00    0.1000000000D+01
    0.4900000000D+02    0.9851737859D+00    0.1000000000D+01
    0.4910000000D+02    0.9851739193D+00    0.1000000000D+01
    0.4920000000D+02    0.9851740514D+00    0.1000000000D+01
    0.4930000000D+02    0.9851741735D+00    0.1000000000D+01
    0.4940000000D+02    0.9851742781D+00    0.1000000000D+01
    0.4950000000D+02    0.9851743590D+00    0.1000000000D+01
    0.4960000000D+02    0.9851744120D+00    0.1000000000D+01
    0.4970000000D+02    0.9851744352D+00    0.1000000000D+01
    0.4980000000D+02    0.9851744288D+00    0.1000000000D+01
    0.4990000000D+02    0.9851743951D+00    0.1000000000D+01
    0.5000000000D+02    0.9851743380D+00    0.1000000000D+01
    0.5010000000D+02    0.9851742624D+00    0.1000000000D+01
    0.5020000000D+02    0.9851741740D+00    0.1000000000D+01
    0.5030000000D+02    0.9851740778D+00    0.1000000000D+01
    0.5040000000D+02    0.9851739787D+00    0.1000000000D+01
    0.5050000000D+02    0.9851738808D+00    0.1000000000D+01
    0.5060000000D+02    0.9851737872D+00    0.1000000000D+01
    0.5070000000D+02    0.9851737000D+00    0.1000000000D+01
    0.5080000000D+02    0.9851736208D+00    0.1000000000D+01
    0.5090000000D+02    0.9851735500D+00    0.1000000000D+01
    0.5100000000D+02    0.9851734885D+00    0.1000000000D+01
    0.5110000000D+02    0.9851734365D+00    0.1000000000D+01
    0.5120000000D+02    0.9851733943D+00    0.1000000000D+01
    0.5130000000D+02    0.9851733614D+00    0.1000000000D+01
    0.5140000000D+02    0.9851733387D+00    0.1000000000D+01
    0.5150000000D+02    0.9851733262D+00    0.1000000000D+01
    0.5160000000D+02    0.9851733242D+00    0.1000000000D+01
    0.5170000000D+02    0.9851733327D+00    0.1000000000D+01
    0.5180000000D+02    0.9851733509D+00    0.1000000000D+01
    0.5190000000D+02    0.9851733781D+00    0.1000000000D+01
    0.5200000000D+02    0.9851734127D+00    0.1000000000D+01
    0.5210000000D+02    0.9851734527D+00    0.1000000000D+01
    0.5220000000D+02    0.9851734961D+00    0.1000000000D+01
    0.5230000000D+02    0.9851735410D+00    0.1000000000D+01
    0.5240000000D+02    0.9851735854D+00    0.1000000000D+01
    0.5250000000D+02    0.9851736279D+00    0.1000000000D+01
    0.5260000000D+02    0.9851736670D+00    0.1000000000D+01
    0.5270000000D+02    0.9851737014D+00    0.1000000000D+01
    0.5280000000D+02    0.9851737302D+00    0.1000000000D+01
    0.5290000000D+02    0.9851737526D+00    0.1000000000D+01
    0.5300000000D+02    0.9851737678D+00    0.1000000000D+01
    0.5310000000D+02    0.9851737755D+00    0.1000000000D+01
    0.5320000000D+02    0.9851737756D+00    0.1000000000D+01
    0.5330000000D+02    0.9851737687D+00    0.1000000000D+01
    0.5340000000D+02    0.9851737563D+00    0.1000000000D+01
    0.5350000000D+02    0.9851737405D+00    0.1000000000D+01
    0.5360000000D+02    0.9851737233D+00    0.1000000000D+01
    0.5370000000D+02    0.9851737073D+00    0.1000000000D+01
    0.5380000000D+02    0.9851736942D+00    0.1000000000D+01
    0.5390000000D+02    0.9851736854D+00    0.1000000000D+01
    0.5400000000D+02    0.9851736808D+00    0.1000000000D+01
    0.5410000000D+02    0.9851736796D+00    0.1000000000D+01
    0.5420000000D+02    0.9851736804D+00    0.1000000000D+01
    0.5430000000D+02    0.9851736805D+00    0.1000000000D+01
    0.5440000000D+02    0.9851736777D+00    0.1000000000D+01
    0.5450000000D+02    0.9851736697D+00    0.1000000000D+01
    0.5460000000D+02    0.9851736550D+00    0.1000000000D+01
    0.5470000000D+02    0.9851736326D+00    0.1000000000D+01
    0.5480000000D+02    0.9851736025D+00    0.1000000000D+01
    0.5490000000D+02    0.9851735661D+00    0.1000000000D+01
    0.5500000000D+02    0.9851735254D+00    0.1000000000D+01
    0.5510000000D+02    0.9851734840D+00    0.1000000000D+01
    0.5520000000D+02    0.9851734457D+00    0.1000000000D+01
    0.5530000000D+02    0.9851734152D+00    0.1000000000D+01
    0.5540000000D+02    0.9851733963D+00    0.1000000000D+01
    0.5550000000D+02    0.9851733927D+00    0.1000000000D+01
    0.5560000000D+02    0.9851734071D+00    0.1000000000D+01
    0.5570000000D+02    0.9851734408D+00    0.1000000000D+01
    0.5580000000D+02    0.9851734939D+00    0.1000000000D+01
    0.5590000000D+02    0.9851735652D+00    0.1000000000D+01
    0.5600000000D+02    0.9851736528D+00    0.1000000000D+01
    0.5610000000D+02    0.9851737539D+00    0.1000000000D+01
    0.5620000000D+02    0.9851738643D+00    0.1000000000D+01
    0.5630000000D+02    0.9851739803D+00    0.1000000000D+01
    0.5640000000D+02    0.9851740974D+00    0.1000000000D+01
    0.5650000000D+02    0.9851742106D+00    0.1000000000D+01
    0.5660000000D+02    0.9851743151D+00    0.1000000000D+01
    0.5670000000D+02    0.9851744068D+00    0.1000000000D+01
    0.5680000000D+02    0.9851744822D+00    0.1000000000D+01
    0.5690000000D+02    0.9851745394D+00    0.1000000000D+01
    0.5700000000D+02    0.9851745778D+00    0.1000000000D+01
    0.5710000000D+02    0.9851745982D+00    0.1000000000D+01
    0.5720000000D+02    0.9851746025D+00    0.1000000000D+01
    0.5730000000D+02    0.9851745933D+00    0.1000000000D+01
    0.5740000000D+02    0.9851745735D+00    0.1000000000D+01
    0.5750000000D+02    0.9851745457D+00    0.1000000000D+01
    0.5760000000D+02    0.9851745118D+00    0.1000000000D+01
    0.5770000000D+02    0.9851744735D+00    0.1000000000D+01
    0.5780000000D+02    0.9851744314D+00    0.1000000000D+01
    0.5790000000D+02    0.9851743865D+00    0.1000000000D+01
    0.5800000000D+02    0.9851743400D+00    0.1000000000D+01
    0.5810000000D+02    0.9851742926D+00    0.1000000000D+01
    0.5820000000D+02    0.9851742456D+00    0.1000000000D+01
    0.5830000000D+02    0.9851742015D+00    0.1000000000D+01
    0.5840000000D+02    0.9851741634D+00    0.1000000000D+01
    0.5850000000D+02    0.9851741346D+00    0.1000000000D+01
    0.5860000000D+02    0.9851741194D+00    0.1000000000D+01
    0.5870000000D+02    0.9851741219D+00    0.1000000000D+01
    0.5880000000D+02    0.9851741459D+00    0.1000000000D+01
    0.5890000000D+02    0.9851741946D+00    0.1000000000D+01
    0.5900000000D+02    0.9851742697D+00    0.1000000000D+01
    0.5910000000D+02    0.9851743713D+00    0.1000000000D+01
    0.5920000000D+02    0.9851744974D+00    0.1000000000D+01
    0.5930000000D+02    0.9851746443D+00    0.1000000000D+01
    0.5940000000D+02    0.9851748066D+00    0.1000000000D+01
    0.5950000000D+02    0.9851749777D+00    0.1000000000D+01
    0.5960000000D+02    0.9851751502D+00    0.1000000000D+01
    0.5970000000D+02    0.9851753167D+00    0.1000000000D+01
    0.5980000000D+02    0.9851754706D+00    0.1000000000D+01
    0.5990000000D+02    0.9851756057D+00    0.1000000000D+01
    0.6000000000D+02    0.9851757173D+00    0.1000000000D+01
    0.6010000000D+02    0.9851758024D+00    0.1000000000D+01
    0.6020000000D+02    0.9851758594D+00    0.1000000000D+01
    0.6030000000D+02    0.9851758888D+00    0.1000000000D+01
    0.6040000000D+02    0.9851758928D+00    0.1000000000D+01
    0.6050000000D+02    0.9851758751D+00    0.1000000000D+01
    0.6060000000D+02    0.9851758410D+00    0.1000000000D+01
    0.6070000000D+02    0.9851757967D+00    0.1000000000D+01
    0.6080000000D+02    0.9851757489D+00    0.1000000000D+01
    0.6090000000D+02    0.9851757039D+00    0.1000000000D+01
    0.6100000000D+02    0.9851756674D+00    0.1000000000D+01
    0.6110000000D+02    0.9851756438D+00    0.1000000000D+01
    0.6120000000D+02    0.9851756357D+00    0.1000000000D+01
    0.6130000000D+02    0.9851756441D+00    0.1000000000D+01
    0.6140000000D+02    0.9851756683D+00    0.1000000000D+01
    0.6150000000D+02    0.9851757060D+00    0.1000000000D+01
    0.6160000000D+02    0.9851757543D+00    0.1000000000D+01
    0.6170000000D+02    0.9851758099D+00    0.1000000000D+01
    0.6180000000D+02    0.9851758694D+00    0.1000000000D+01
    0.6190000000D+02    0.9851759304D+00    0.1000000000D+01
    0.6200000000D+02    0.9851759909D+00    0.1000000000D+01
    0.6210000000D+02    0.9851760503D+00    0.1000000000D+01
    0.6220000000D+02    0.9851761087D+00    0.1000000000D+01
    0.6230000000D+02    0.9851761673D+00    0.1000000000D+01
    0.6240000000D+02    0.9851762281D+00    0.1000000000D+01
    0.6250000000D+02    0.9851762936D+00    0.1000000000D+01
    0.6260000000D+02    0.9851763664D+00    0.1000000000D+01
    0.6270000000D+02    0.9851764487D+00    0.1000000000D+01
    0.6280000000D+02    0.9851765417D+00    0.1000000000D+01
    0.6290000000D+02    0.9851766453D+00    0.1000000000D+01
    0.6300000000D+02    0.9851767578D+00    0.1000000000D+01
    0.6310000000D+02    0.9851768758D+00    0.1000000000D+01
    0.6320000000D+02    0.9851769951D+00    0.1000000000D+01
    0.6330000000D+02    0.9851771112D+00    0.1000000000D+01
    0.6340000000D+02    0.9851772197D+00    0.1000000000D+01
    0.6350000000D+02    0.9851773169D+00    0.1000000000D+01
    0.6360000000D+02    0.9851774005D+00    0.1000000000D+01
    0.6370000000D+02    0.9851774693D+00    0.1000000000D+01
    0.6380000000D+02    0.9851775236D+00    0.1000000000D+01
    0.6390000000D+02    0.9851775648D+00    0.1000000000D+01
    0.6400000000D+02    0.9851775951D+00    0.1000000000D+01
    0.6410000000D+02    0.9851776178D+00    0.1000000000D+01
    0.6420000000D+02    0.9851776364D+00    0.1000000000D+01
    0.6430000000D+02    0.9851776547D+00    0.1000000000D+01
    0.6440000000D+02    0.9851776758D+00    0.1000000000D+01
    0.6450000000D+02    0.9851777026D+00    0.1000000000D+01
    0.6460000000D+02    0.9851777362D+00    0.1000000000D+01
    0.6470000000D+02    0.9851777766D+00    0.1000000000D+01
    0.6480000000D+02    0.9851778220D+00    0.1000000000D+01
    0.6490000000D+02    0.9851778695D+00    0.1000000000D+01
    0.6500000000D+02    0.9851779150D+00    0.1000000000D+01
    0.6510000000D+02    0.9851779543D+00    0.1000000000D+01
    0.6520000000D+02    0.9851779839D+00    0.1000000000D+01
    0.6530000000D+02    0.9851780009D+00    0.1000000000D+01
    0.6540000000D+02    0.9851780042D+00    0.1000000000D+01
    0.6550000000D+02    0.9851779942D+00    0.1000000000D+01
    0.6560000000D+02    0.9851779733D+00    0.1000000000D+01
    0.6570000000D+02    0.9851779457D+00    0.1000000000D+01
    0.6580000000D+02    0.9851779173D+00    0.1000000000D+01
    0.6590000000D+02    0.9851778955D+00    0.1000000000D+01
    0.6600000000D+02    0.9851778884D+00    0.1000000000D+01
    0.6610000000D+02    0.9851779043D+00    0.1000000000D+01
    0.6620000000D+02    0.9851779506D+00    0.1000000000D+01
    0.6630000000D+02    0.9851780323D+00    0.1000000000D+01
    0.6640000000D+02    0.9851781517D+00    0.1000000000D+01
    0.6650000000D+02    0.9851783074D+00    0.1000000000D+01
    0.6660000000D+02    0.9851784946D+00    0.1000000000D+01
    0.6670000000D+02    0.9851787052D+00    0.1000000000D+01
    0.6680000000D+02    0.9851789287D+00    0.1000000000D+01
    0.6690000000D+02    0.9851791537D+00    0.1000000000D+01
    0.6700000000D+02    0.9851793687D+00    0.1000000000D+01
    0.6710000000D+02    0.9851795638D+00    0.1000000000D+01
    0.6720000000D+02    0.9851797309D+00    0.1000000000D+01
    0.6730000000D+02    0.9851798651D+00    0.1000000000D+01
    0.6740000000D+02    0.9851799640D+00    0.1000000000D+01
    0.6750000000D+02    0.9851800281D+00    0.1000000000D+01
    0.6760000000D+02    0.9851800603D+00    0.1000000000D+01
    0.6770000000D+02    0.9851800647D+00    0.1000000000D+01
    0.6780000000D+02    0.9851800462D+00    0.1000000000D+01
    0.6790000000D+02    0.9851800100D+00    0.1000000000D+01
    0.6800000000D+02    0.9851799609D+00    0.1000000000D+01
    0.6810000000D+02    0.9851799026D+00    0.1000000000D+01
    0.6820000000D+02    0.9851798381D+00    0.1000000000D+01
    0.6830000000D+02    0.9851797693D+00    0.1000000000D+01
    0.6840000000D+02    0.9851796973D+00    0.1000000000D+01
    0.6850000000D+02    0.9851796228D+00    0.1000000000D+01
    0.6860000000D+02    0.9851795468D+00    0.1000000000D+01
    0.6870000000D+02    0.9851794708D+00    0.1000000000D+01
    0.6880000000D+02    0.9851793973D+00    0.1000000000D+01
    0.6890000000D+02    0.9851793301D+00    0.1000000000D+01
    0.6900000000D+02    0.9851792741D+00    0.1000000000D+01
    0.6910000000D+02    0.9851792349D+00    0.1000000000D+01
    0.6920000000D+02    0.9851792184D+00    0.1000000000D+01
    0.6930000000D+02    0.9851792306D+00    0.1000000000D+01
    0.6940000000D+02    0.9851792766D+00    0.1000000000D+01
    0.6950000000D+02    0.9851793604D+00    0.1000000000D+01
    0.6960000000D+02    0.9851794842D+00    0.1000000000D+01
    0.6970000000D+02    0.9851796482D+00    0.1000000000D+01
    0.6980000000D+02    0.9851798495D+00    0.1000000000D+01
    0.6990000000D+02    0.9851800824D+00    0.1000000000D+01
    0.7000000000D+02    0.9851803380D+00    0.1000000000D+01
    0.7010000000D+02    0.9851806050D+00    0.1000000000D+01
    0.7020000000D+02    0.9851808697D+00    0.1000000000D+01
    0.7030000000D+02    0.9851811180D+00    0.1000000000D+01
    0.7040000000D+02    0.9851813360D+00    0.1000000000D+01
    0.7050000000D+02    0.9851815122D+00    0.1000000000D+01
    0.7060000000D+02    0.9851816382D+00    0.1000000000D+01
    0.7070000000D+02    0.9851817097D+00    0.1000000000D+01
    0.7080000000D+02    0.9851817267D+00    0.1000000000D+01
    0.7090000000D+02    0.9851816932D+00    0.1000000000D+01
    0.7100000000D+02    0.9851816164D+00    0.1000000000D+01
    0.7110000000D+02    0.9851815056D+00    0.1000000000D+01
    0.7120000000D+02    0.9851813716D+00    0.1000000000D+01
    0.7130000000D+02    0.9851812251D+00    0.1000000000D+01
    0.7140000000D+02    0.9851810764D+00    0.1000000000D+01
    0.7150000000D+02    0.9851809343D+00    0.1000000000D+01
    0.7160000000D+02    0.9851808057D+00    0.1000000000D+01
    0.7170000000D+02    0.9851806953D+00    0.1000000000D+01
    0.7180000000D+02    0.9851806054D+00    0.1000000000D+01
    0.7190000000D+02    0.9851805365D+00    0.1000000000D+01
    0.7200000000D+02    0.9851804879D+00    0.1000000000D+01
    0.7210000000D+02    0.9851804586D+00    0.1000000000D+01
    0.7220000000D+02    0.9851804480D+00    0.1000000000D+01
    0.7230000000D+02    0.9851804565D+00    0.1000000000D+01
    0.7240000000D+02    0.9851804855D+00    0.1000000000D+01
    0.7250000000D+02    0.9851805367D+00    0.1000000000D+01
    0.7260000000D+02    0.9851806117D+00    0.1000000000D+01
    0.7270000000D+02    0.9851807110D+00    0.1000000000D+01
    0.7280000000D+02    0.9851808343D+00    0.1000000000D+01
    0.7290000000D+02    0.9851809794D+00    0.1000000000D+01
    0.7300000000D+02    0.9851811431D+00    0.1000000000D+01
    0.7310000000D+02    0.9851813209D+00    0.1000000000D+01
    0.7320000000D+02    0.9851815075D+00    0.1000000000D+01
    0.7330000000D+02    0.9851816965D+00    0.1000000000D+01
    0.7340000000D+02    0.9851818813D+00    0.1000000000D+01
    0.7350000000D+02    0.9851820546D+00    0.1000000000D+01
    0.7360000000D+02    0.9851822091D+00    0.1000000000D+01
    0.7370000000D+02    0.9851823379D+00    0.1000000000D+01
    0.7380000000D+02    0.9851824351D+00    0.1000000000D+01
    0.7390000000D+02    0.9851824968D+00    0.1000000000D+01
    0.7400000000D+02    0.9851825221D+00    0.1000000000D+01
    0.7410000000D+02    0.9851825106D+00    0.1000000000D+01
    0.7420000000D+02    0.9851824656D+00    0.1000000000D+01
    0.7430000000D+02    0.9851823926D+00    0.1000000000D+01
    0.7440000000D+02    0.9851822989D+00    0.1000000000D+01
    0.7450000000D+02    0.9851821925D+00    0.1000000000D+01
    0.7460000000D+02    0.9851820820D+00    0.1000000000D+01
    0.7470000000D+02    0.9851819754D+00    0.1000000000D+01
    0.7480000000D+02    0.9851818795D+00    0.1000000000D+01
    0.7490000000D+02    0.9851817997D+00    0.1000000000D+01
    0.7500000000D+02    0.9851817400D+00    0.1000000000D+01
    0.7510000000D+02    0.9851817018D+00    0.1000000000D+01
    0.7520000000D+02    0.9851816846D+00    0.1000000000D+01
    0.7530000000D+02    0.9851816858D+00    0.1000000000D+01
    0.7540000000D+02    0.9851817014D+00    0.1000000000D+01
    0.7550000000D+02    0.9851817267D+00    0.1000000000D+01
    0.7560000000D+02    0.9851817571D+00    0.1000000000D+01
    0.7570000000D+02    0.9851817889D+00    0.1000000000D+01
    0.7580000000D+02    0.9851818196D+00    0.1000000000D+01
    0.7590000000D+02    0.9851818483D+00    0.1000000000D+01
    0.7600000000D+02    0.9851818754D+00    0.1000000000D+01
    0.7610000000D+02    0.9851819024D+00    0.1000000000D+01
    0.7620000000D+02    0.9851819313D+00    0.1000000000D+01
    0.7630000000D+02    0.9851819647D+00    0.1000000000D+01
    0.7640000000D+02    0.9851820044D+00    0.1000000000D+01
    0.7650000000D+02    0.9851820518D+00    0.1000000000D+01
    0.7660000000D+02    0.9851821070D+00    0.1000000000D+01
    0.7670000000D+02    0.9851821689D+00    0.1000000000D+01
    0.7680000000D+02    0.9851822349D+00    0.1000000000D+01
    0.7690000000D+02    0.9851823013D+00    0.1000000000D+01
    0.7700000000D+02    0.9851823644D+00    0.1000000000D+01
    0.7710000000D+02    0.9851824201D+00    0.1000000000D+01
    0.7720000000D+02    0.9851824651D+00    0.1000000000D+01
    0.7730000000D+02    0.9851824975D+00    0.1000000000D+01
    0.7740000000D+02    0.9851825170D+00    0.1000000000D+01
    0.7750000000D+02    0.9851825246D+00    0.1000000000D+01
    0.7760000000D+02    0.9851825228D+00    0.1000000000D+01
    0.7770000000D+02    0.9851825152D+00    0.1000000000D+01
    0.7780000000D+02    0.9851825058D+00    0.1000000000D+01
    0.7790000000D+02    0.9851824980D+00    0.1000000000D+01
    0.7800000000D+02    0.9851824945D+00    0.1000000000D+01
    0.7810000000D+02    0.9851824966D+00    0.1000000000D+01
    0.7820000000D+02    0.9851825042D+00    0.1000000000D+01
    0.7830000000D+02    0.9851825158D+00    0.1000000000D+01
    0.7840000000D+02    0.9851825289D+00    0.1000000000D+01
    0.7850000000D+02    0.9851825407D+00    0.1000000000D+01
    0.7860000000D+02    0.9851825477D+00    0.1000000000D+01
    0.7870000000D+02    0.9851825471D+00    0.1000000000D+01
    0.7880000000D+02    0.9851825365D+00    0.1000000000D+01
    0.7890000000D+02    0.9851825145D+00    0.1000000000D+01
    0.7900000000D+02    0.9851824807D+00    0.1000000000D+01
    0.7910000000D+02    0.9851824362D+00    0.1000000000D+01
    0.7920000000D+02    0.9851823837D+00    0.1000000000D+01
    0.7930000000D+02    0.9851823271D+00    0.1000000000D+01
    0.7940000000D+02    0.9851822715D+00    0.1000000000D+01
    0.7950000000D+02    0.9851822223D+00    0.1000000000D+01
    0.7960000000D+02    0.9851821847D+00    0.1000000000D+01
    0.7970000000D+02    0.9851821630D+00    0.1000000000D+01
    0.7980000000D+02    0.9851821600D+00    0.1000000000D+01
    0.7990000000D+02    0.9851821767D+00    0.1000000000D+01
    0.8000000000D+02    0.9851822120D+00    0.1000000000D+01
    0.8010000000D+02    0.9851822634D+00    0.1000000000D+01
    0.8020000000D+02    0.9851823272D+00    0.1000000000D+01
    0.8030000000D+02    0.9851823993D+00    0.1000000000D+01
    0.8040000000D+02    0.9851824757D+00    0.1000000000D+01
    0.8050000000D+02    0.9851825527D+00    0.1000000000D+01
    0.8060000000D+02    0.9851826275D+00    0.1000000000D+01
    0.8070000000D+02    0.9851826977D+00    0.1000000000D+01
    0.8080000000D+02    0.9851827616D+00    0.1000000000D+01
    0.8090000000D+02    0.9851828184D+00    0.1000000000D+01
    0.8100000000D+02    0.9851828676D+00    0.1000000000D+01
    0.8110000000D+02    0.9851829095D+00    0.1000000000D+01
    0.8120000000D+02    0.9851829448D+00    0.1000000000D+01
    0.8130000000D+02    0.9851829745D+00    0.1000000000D+01
    0.8140000000D+02    0.9851829993D+00    0.1000000000D+01
    0.8150000000D+02    0.9851830196D+00    0.1000000000D+01
    0.8160000000D+02    0.9851830354D+00    0.1000000000D+01
    0.8170000000D+02    0.9851830464D+00    0.1000000000D+01
    0.8180000000D+02    0.9851830518D+00    0.1000000000D+01
    0.8190000000D+02    0.9851830507D+00    0.1000000000D+01
    0.8200000000D+02    0.9851830421D+00    0.1000000000D+01
    0.8210000000D+02    0.9851830251D+00    0.1000000000D+01
    0.8220000000D+02    0.9851829987D+00    0.1000000000D+01
    0.8230000000D+02    0.9851829624D+00    0.1000000000D+01
    0.8240000000D+02    0.9851829163D+00    0.1000000000D+01
    0.8250000000D+02    0.9851828615D+00    0.1000000000D+01
    0.8260000000D+02    0.9851828001D+00    0.1000000000D+01
    0.8270000000D+02    0.9851827357D+00    0.1000000000D+01
    0.8280000000D+02    0.9851826724D+00    0.1000000000D+01
    0.8290000000D+02    0.9851826151D+00    0.1000000000D+01
    0.8300000000D+02    0.9851825685D+00    0.1000000000D+01
    0.8310000000D+02    0.9851825363D+00    0.1000000000D+01
    0.8320000000D+02    0.9851825203D+00    0.1000000000D+01
    0.8330000000D+02    0.9851825203D+00    0.1000000000D+01
    0.8340000000D+02    0.9851825341D+00    0.1000000000D+01
    0.8350000000D+02    0.9851825576D+00    0.1000000000D+01
    0.8360000000D+02    0.9851825856D+00    0.1000000000D+01
    0.8370000000D+02    0.9851826132D+00    0.1000000000D+01
    0.8380000000D+02    0.9851826358D+00    0.1000000000D+01
    0.8390000000D+02    0.9851826509D+00    0.1000000000D+01
    0.8400000000D+02    0.9851826575D+00    0.1000000000D+01
    0.8410000000D+02    0.9851826563D+00    0.1000000000D+01
    0.8420000000D+02    0.9851826496D+00    0.1000000000D+01
    0.8430000000D+02    0.9851826408D+00    0.1000000000D+01
    0.8440000000D+02    0.9851826339D+00    0.1000000000D+01
    0.8450000000D+02    0.9851826332D+00    0.1000000000D+01
    0.8460000000D+02    0.9851826431D+00    0.1000000000D+01
    0.8470000000D+02    0.9851826673D+00    0.1000000000D+01
    0.8480000000D+02    0.9851827085D+00    0.1000000000D+01
    0.8490000000D+02    0.9851827679D+00    0.1000000000D+01
    0.8500000000D+02    0.9851828447D+00    0.1000000000D+01
    0.8510000000D+02    0.9851829359D+00    0.1000000000D+01
    0.8520000000D+02    0.9851830365D+00    0.1000000000D+01
    0.8530000000D+02    0.9851831401D+00    0.1000000000D+01
    0.8540000000D+02    0.9851832393D+00    0.1000000000D+01
    0.8550000000D+02    0.9851833271D+00    0.1000000000D+01
    0.8560000000D+02    0.9851833973D+00    0.1000000000D+01
    0.8570000000D+02    0.9851834456D+00    0.1000000000D+01
    0.8580000000D+02    0.9851834699D+00    0.1000000000D+01
    0.8590000000D+02    0.9851834704D+00    0.1000000000D+01
    0.8600000000D+02    0.9851834493D+00    0.1000000000D+01
    0.8610000000D+02    0.9851834104D+00    0.1000000000D+01
    0.8620000000D+02    0.9851833585D+00    0.1000000000D+01
    0.8630000000D+02    0.9851832989D+00    0.1000000000D+01
    0.8640000000D+02    0.9851832362D+00    0.1000000000D+01
    0.8650000000D+02    0.9851831738D+00    0.1000000000D+01
    0.8660000000D+02    0.9851831133D+00    0.1000000000D+01
    0.8670000000D+02    0.9851830544D+00    0.1000000000D+01
    0.8680000000D+02    0.9851829955D+00    0.1000000000D+01
    0.8690000000D+02    0.9851829339D+00    0.1000000000D+01
    0.8700000000D+02    0.9851828672D+00    0.1000000000D+01
    0.8710000000D+02    0.9851827947D+00    0.1000000000D+01
    0.8720000000D+02    0.9851827178D+00    0.1000000000D+01
    0.8730000000D+02    0.9851826405D+00    0.1000000000D+01
    0.8740000000D+02    0.9851825689D+00    0.1000000000D+01
    0.8750000000D+02    0.9851825107D+00    0.1000000000D+01
    0.8760000000D+02    0.9851824741D+00    0.1000000000D+01
    0.8770000000D+02    0.9851824660D+00    0.1000000000D+01
    0.8780000000D+02    0.9851824927D+00    0.1000000000D+01
    0.8790000000D+02    0.9851825577D+00    0.1000000000D+01
    0.8800000000D+02    0.9851826627D+00    0.1000000000D+01
    0.8810000000D+02    0.9851828062D+00    0.1000000000D+01
    0.8820000000D+02    0.9851829844D+00    0.1000000000D+01
    0.8830000000D+02    0.9851831908D+00    0.1000000000D+01
    0.8840000000D+02    0.9851834164D+00    0.1000000000D+01
    0.8850000000D+02    0.9851836501D+00    0.1000000000D+01
    0.8860000000D+02    0.9851838795D+00    0.1000000000D+01
    0.8870000000D+02    0.9851840922D+00    0.1000000000D+01
    0.8880000000D+02    0.9851842768D+00    0.1000000000D+01
    0.8890000000D+02    0.9851844240D+00    0.1000000000D+01
    0.8900000000D+02    0.9851845277D+00    0.1000000000D+01
    0.8910000000D+02    0.9851845853D+00    0.1000000000D+01
    0.8920000000D+02    0.9851845972D+00    0.1000000000D+01
    0.8930000000D+02    0.9851845674D+00    0.1000000000D+01
    0.8940000000D+02    0.9851845016D+00    0.1000000000D+01
    0.8950000000D+02    0.9851844071D+00    0.1000000000D+01
    0.8960000000D+02    0.9851842914D+00    0.1000000000D+01
    0.8970000000D+02    0.9851841617D+00    0.1000000000D+01
    0.8980000000D+02    0.9851840241D+00    0.1000000000D+01
    0.8990000000D+02    0.9851838837D+00    0.1000000000D+01
    0.9000000000D+02    0.9851837441D+00    0.1000000000D+01
    0.9010000000D+02    0.9851836081D+00    0.1000000000D+01
    0.9020000000D+02    0.9851834773D+00    0.1000000000D+01
    0.9030000000D+02    0.9851833534D+00    0.1000000000D+01
    0.9040000000D+02    0.9851832388D+00    0.1000000000D+01
    0.9050000000D+02    0.9851831360D+00    0.1000000000D+01
    0.9060000000D+02    0.9851830486D+00    0.1000000000D+01
    0.9070000000D+02    0.9851829809D+00    0.1000000000D+01
    0.9080000000D+02    0.9851829375D+00    0.1000000000D+01
    0.9090000000D+02    0.9851829227D+00    0.1000000000D+01
    0.9100000000D+02    0.9851829408D+00    0.1000000000D+01
    0.9110000000D+02    0.9851829945D+00    0.1000000000D+01
    0.9120000000D+02    0.9851830851D+00    0.1000000000D+01
    0.9130000000D+02    0.9851832127D+00    0.1000000000D+01
    0.9140000000D+02    0.9851833752D+00    0.1000000000D+01
    0.9150000000D+02    0.9851835681D+00    0.1000000000D+01
    0.9160000000D+02    0.9851837843D+00    0.1000000000D+01
    0.9170000000D+02    0.9851840148D+00    0.1000000000D+01
    0.9180000000D+02    0.9851842483D+00    0.1000000000D+01
    0.9190000000D+02    0.9851844726D+00    0.1000000000D+01
    0.9200000000D+02    0.9851846756D+00    0.1000000000D+01
    0.9210000000D+02    0.9851848464D+00    0.1000000000D+01
    0.9220000000D+02    0.9851849766D+00    0.1000000000D+01
    0.9230000000D+02    0.9851850618D+00    0.1000000000D+01
    0.9240000000D+02    0.9851851012D+00    0.1000000000D+01
    0.9250000000D+02    0.9851850976D+00    0.1000000000D+01
    0.9260000000D+02    0.9851850575D+00    0.1000000000D+01
    0.9270000000D+02    0.9851849892D+00    0.1000000000D+01
    0.9280000000D+02    0.9851849025D+00    0.1000000000D+01
    0.9290000000D+02    0.9851848069D+00    0.1000000000D+01
    0.9300000000D+02    0.9851847113D+00    0.1000000000D+01
    0.9310000000D+02    0.9851846222D+00    0.1000000000D+01
    0.9320000000D+02    0.9851845442D+00    0.1000000000D+01
    0.9330000000D+02    0.9851844793D+00    0.1000000000D+01
    0.9340000000D+02    0.9851844276D+00    0.1000000000D+01
    0.9350000000D+02    0.9851843874D+00    0.1000000000D+01
    0.9360000000D+02    0.9851843565D+00    0.1000000000D+01
    0.9370000000D+02    0.9851843325D+00    0.1000000000D+01
    0.9380000000D+02    0.9851843137D+00    0.1000000000D+01
    0.9390000000D+02    0.9851842991D+00    0.1000000000D+01
    0.9400000000D+02    0.9851842886D+00    0.1000000000D+01
    0.9410000000D+02    0.9851842830D+00    0.1000000000D+01
    0.9420000000D+02    0.9851842836D+00    0.1000000000D+01
    0.9430000000D+02    0.9851842924D+00    0.1000000000D+01
    0.9440000000D+02    0.9851843117D+00    0.1000000000D+01
    0.9450000000D+02    0.9851843440D+00    0.1000000000D+01
    0.9460000000D+02    0.9851843915D+00    0.1000000000D+01
    0.9470000000D+02    0.9851844560D+00    0.1000000000D+01
    0.9480000000D+02    0.9851845380D+00    0.1000000000D+01
    0.9490000000D+02    0.9851846364D+00    0.1000000000D+01
    0.9500000000D+02    0.9851847485D+00    0.1000000000D+01
    0.9510000000D+02    0.9851848703D+00    0.1000000000D+01
    0.9520000000D+02    0.9851849962D+00    0.1000000000D+01
    0.9530000000D+02    0.9851851203D+00    0.1000000000D+01
    0.9540000000D+02    0.9851852366D+00    0.1000000000D+01
    0.9550000000D+02    0.9851853400D+00    0.1000000000D+01
    0.9560000000D+02    0.9851854265D+00    0.1000000000D+01
    0.9570000000D+02    0.9851854946D+00    0.1000000000D+01
    0.9580000000D+02    0.9851855446D+00    0.1000000000D+01
    0.9590000000D+02    0.9851855800D+00    0.1000000000D+01
    0.9600000000D+02    0.9851856060D+00    0.1000000000D+01
    0.9610000000D+02    0.9851856293D+00    0.1000000000D+01
    0.9620000000D+02    0.9851856569D+00    0.1000000000D+01
    0.9630000000D+02    0.9851856950D+00    0.1000000000D+01
    0.9640000000D+02    0.9851857475D+00    0.1000000000D+01
    0.9650000000D+02    0.9851858146D+00    0.1000000000D+01
    0.9660000000D+02    0.9851858933D+00    0.1000000000D+01
    0.9670000000D+02    0.9851859775D+00    0.1000000000D+01
    0.9680000000D+02    0.9851860595D+00    0.1000000000D+01
    0.9690000000D+02    0.9851861304D+00    0.1000000000D+01
    0.9700000000D+02    0.9851861825D+00    0.1000000000D+01
    0.9710000000D+02    0.9851862098D+00    0.1000000000D+01
    0.9720000000D+02    0.9851862090D+00    0.1000000000D+01
    0.9730000000D+02    0.9851861797D+00    0.1000000000D+01
    0.9740000000D+02    0.9851861242D+00    0.1000000000D+01
    0.9750000000D+02    0.9851860477D+00    0.1000000000D+01
    0.9760000000D+02    0.9851859571D+00    0.1000000000D+01
    0.9770000000D+02    0.9851858605D+00    0.1000000000D+01
    0.9780000000D+02    0.9851857661D+00    0.1000000000D+01
    0.9790000000D+02    0.9851856810D+00    0.1000000000D+01
    0.9800000000D+02    0.9851856114D+00    0.1000000000D+01
    0.9810000000D+02    0.9851855611D+00    0.1000000000D+01
    0.9820000000D+02    0.9851855321D+00    0.1000000000D+01
    0.9830000000D+02    0.9851855239D+00    0.1000000000D+01
    0.9840000000D+02    0.9851855352D+00    0.1000000000D+01
    0.9850000000D+02    0.9851855636D+00    0.1000000000D+01
    0.9860000000D+02    0.9851856067D+00    0.1000000000D+01
    0.9870000000D+02    0.9851856621D+00    0.1000000000D+01
    0.9880000000D+02    0.9851857283D+00    0.1000000000D+01
    0.9890000000D+02    0.9851858038D+00    0.1000000000D+01
    0.9900000000D+02    0.9851858876D+00    0.1000000000D+01
    0.9910000000D+02    0.9851859790D+00    0.1000000000D+01
    0.9920000000D+02    0.9851860772D+00    0.1000000000D+01
    0.9930000000D+02    0.9851861820D+00    0.1000000000D+01
    0.9940000000D+02    0.9851862928D+00    0.1000000000D+01
    0.9950000000D+02    0.9851864091D+00    0.1000000000D+01
    0.9960000000D+02    0.9851865294D+00    0.1000000000D+01
    0.9970000000D+02    0.9851866516D+00    0.1000000000D+01
    0.9980000000D+02    0.9851867725D+00    0.1000000000D+01
    0.9990000000D+02    0.9851868880D+00    0.1000000000D+01
    0.1000000000D+03    0.9851869933D+00    0.1000000000D+01
