  0.000000000000000E+000   1.00000000000000     
  0.100000000000000       0.999967645074699     
  0.200000000000000       0.999874099388851     
  0.300000000000000       0.999720622695787     
  0.400000000000000       0.999509235582969     
  0.500000000000000       0.999242633303843     
  0.600000000000000       0.998924078845426     
  0.700000000000000       0.998557283012471     
  0.800000000000000       0.998146282219182     
  0.900000000000000       0.997695325432388     
   1.00000000000000       0.997208777771743     
   1.10000000000000       0.996691043411775     
   1.20000000000000       0.996146508306827     
   1.30000000000000       0.995579502600166     
   1.40000000000000       0.994994280748888     
   1.50000000000000       0.994395014822045     
   1.60000000000000       0.993785795267714     
   1.70000000000000       0.993170634165759     
   1.80000000000000       0.992553467222820     
   1.90000000000000       0.991938151535681     
   2.00000000000000       0.991328456738777     
   2.10000000000000       0.990728048131805     
   2.20000000000000       0.990140461687839     
   2.30000000000000       0.989569071988735     
   2.40000000000000       0.989017054850591     
   2.50000000000000       0.988487346782253     
   2.60000000000000       0.987982603647535     
   2.70000000000000       0.987505161021695     
   2.80000000000000       0.987056998680653     
   2.90000000000000       0.986639711398606     
   3.00000000000000       0.986254487797941     
   3.10000000000000       0.985902098475388     
   3.20000000000000       0.985582894085338     
   3.30000000000000       0.985296813527744     
   3.40000000000000       0.985043401883234     
   3.50000000000000       0.984821837282436     
   3.60000000000000       0.984630965515651     
   3.70000000000000       0.984469340903289     
   3.80000000000000       0.984335271767372     
   3.90000000000000       0.984226868767801     
   4.00000000000000       0.984142094384986     
   4.10000000000000       0.984078811929092     
   4.20000000000000       0.984034832620485     
   4.30000000000000       0.984007959499400     
   4.40000000000000       0.983996027168712     
   4.50000000000000       0.983996936634935     
   4.60000000000000       0.984008684774000     
   4.70000000000000       0.984029388196430     
   4.80000000000000       0.984057301511115     
   4.90000000000000       0.984090830180277     
   5.00000000000000       0.984128538316253     
   5.10000000000000       0.984169151891340     
   5.20000000000000       0.984211557915786     
   5.30000000000000       0.984254800188170     
   5.40000000000000       0.984298072240685     
   5.50000000000000       0.984340708093695     
   5.60000000000000       0.984382171404403     
   5.70000000000000       0.984422043548662     
   5.80000000000000       0.984460011117740     
   5.90000000000000       0.984495853247744     
   6.00000000000000       0.984529429132089     
   6.10000000000000       0.984560666000351     
   6.20000000000000       0.984589547782409     
   6.30000000000000       0.984616104617034     
   6.40000000000000       0.984640403310335     
   6.50000000000000       0.984662538802555     
   6.60000000000000       0.984682626662029     
   6.70000000000000       0.984700796592668     
   6.80000000000000       0.984717186915905     
   6.90000000000000       0.984731939968940     
   7.00000000000000       0.984745198347832     
   7.10000000000000       0.984757101915707     
   7.20000000000000       0.984767785492106     
   7.30000000000000       0.984777377138701     
   7.40000000000000       0.984785996958446     
   7.50000000000000       0.984793756329001     
   7.60000000000000       0.984800757496547     
   7.70000000000000       0.984807093462388     
   7.80000000000000       0.984812848101563     
   7.90000000000000       0.984818096459872     
   8.00000000000000       0.984822905182854     
   8.10000000000000       0.984827333037186     
   8.20000000000000       0.984831431491519     
   8.30000000000000       0.984835245329621     
   8.40000000000000       0.984838813274109     
   8.50000000000000       0.984842168603608     
   8.60000000000000       0.984845339750203     
   8.70000000000000       0.984848350867463     
   8.80000000000000       0.984851222362163     
   8.90000000000000       0.984853971385306     
   9.00000000000000       0.984856612280103     
   9.10000000000000       0.984859156986219     
   9.20000000000000       0.984861615400941     
   9.30000000000000       0.984863995699013     
   9.40000000000000       0.984866304613478     
   9.50000000000000       0.984868547680364     
   9.60000000000000       0.984870729450224     
   9.70000000000000       0.984872853669539     
   9.80000000000000       0.984874923434961     
   9.90000000000000       0.984876941323241     
   10.0000000000000       0.984878909499568     
   10.1000000000000       0.984880829806900     
   10.2000000000000       0.984882703838876     
   10.3000000000000       0.984884532998641     
   10.4000000000000       0.984886318545854     
   10.5000000000000       0.984888061633883     
   10.6000000000000       0.984889763338927     
   10.7000000000000       0.984891424682560     
   10.8000000000000       0.984893046648829     
   10.9000000000000       0.984894630196867     
   11.0000000000000       0.984896176269759     
   11.1000000000000       0.984897685800303     
   11.2000000000000       0.984899159714294     
   11.3000000000000       0.984900598931876     
   11.4000000000000       0.984902004367535     
   11.5000000000000       0.984903376929263     
   11.6000000000000       0.984904717517277     
   11.7000000000000       0.984906027022622     
   11.8000000000000       0.984907306325802     
   11.9000000000000       0.984908556295458     
   12.0000000000000       0.984909777787063     
   12.1000000000000       0.984910971641578     
   12.2000000000000       0.984912138683996     
   12.3000000000000       0.984913279721833     
   12.4000000000000       0.984914395543638     
   12.5000000000000       0.984915486917685     
   12.6000000000000       0.984916554590940     
   12.7000000000000       0.984917599288452     
   12.8000000000000       0.984918621713153     
   12.9000000000000       0.984919622545993     
   13.0000000000000       0.984920602446303     
   13.1000000000000       0.984921562052214     
   13.2000000000000       0.984922501981005     
   13.3000000000000       0.984923422829320     
   13.4000000000000       0.984924325173268     
   13.5000000000000       0.984925209568479     
   13.6000000000000       0.984926076550264     
   13.7000000000000       0.984926926633939     
   13.8000000000000       0.984927760315429     
   13.9000000000000       0.984928578072074     
   14.0000000000000       0.984929380363616     
   14.1000000000000       0.984930167633162     
   14.2000000000000       0.984930940308071     
   14.3000000000000       0.984931698800614     
   14.4000000000000       0.984932443508417     
   14.5000000000000       0.984933174814753     
   14.6000000000000       0.984933893088765     
   14.7000000000000       0.984934598685757     
   14.8000000000000       0.984935291947641     
   14.9000000000000       0.984935973203576     
   15.0000000000000       0.984936642770764     
   15.1000000000000       0.984937300955297     
   15.2000000000000       0.984937948052930     
   15.3000000000000       0.984938584349707     
   15.4000000000000       0.984939210122357     
   15.5000000000000       0.984939825638481     
   15.6000000000000       0.984940431156623     
   15.7000000000000       0.984941026926336     
   15.8000000000000       0.984941613188332     
   15.9000000000000       0.984942190174813     
   16.0000000000000       0.984942758109972     
   16.1000000000000       0.984943317210613     
   16.2000000000000       0.984943867686779     
   16.3000000000000       0.984944409742263     
   16.4000000000000       0.984944943574961     
   16.5000000000000       0.984945469377007     
   16.6000000000000       0.984945987334754     
   16.7000000000000       0.984946497628679     
   16.8000000000000       0.984947000433359     
   16.9000000000000       0.984947495917532     
   17.0000000000000       0.984947984244380     
   17.1000000000000       0.984948465571943     
   17.2000000000000       0.984948940053600     
   17.3000000000000       0.984949407838540     
   17.4000000000000       0.984949869072093     
   17.5000000000000       0.984950323895877     
   17.6000000000000       0.984950772447783     
   17.7000000000000       0.984951214861830     
   17.8000000000000       0.984951651268012     
   17.9000000000000       0.984952081792233     
   18.0000000000000       0.984952506556369     
   18.1000000000000       0.984952925678546     
   18.2000000000000       0.984953339273489     
   18.3000000000000       0.984953747452935     
   18.4000000000000       0.984954150325977     
   18.5000000000000       0.984954547999258     
   18.6000000000000       0.984954940576999     
   18.7000000000000       0.984955328160866     
   18.8000000000000       0.984955710849794     
   18.9000000000000       0.984956088739796     
   19.0000000000000       0.984956461923924     
   19.1000000000000       0.984956830492375     
   19.2000000000000       0.984957194532729     
   19.3000000000000       0.984957554130318     
   19.4000000000000       0.984957909368541     
   19.5000000000000       0.984958260329120     
   19.6000000000000       0.984958607092195     
   19.7000000000000       0.984958949736243     
   19.8000000000000       0.984959288337910     
   19.9000000000000       0.984959622971784     
   20.0000000000000       0.984959953710264     
   20.1000000000000       0.984960280623529     
   20.2000000000000       0.984960603779683     
   20.3000000000000       0.984960923245011     
   20.4000000000000       0.984961239084309     
   20.5000000000000       0.984961551361142     
   20.6000000000000       0.984961860138023     
   20.7000000000000       0.984962165476401     
   20.8000000000000       0.984962467436538     
   20.9000000000000       0.984962766077295     
   21.0000000000000       0.984963061455932     
   21.1000000000000       0.984963353627992     
   21.2000000000000       0.984963642647323     
   21.3000000000000       0.984963928566260     
   21.4000000000000       0.984964211435891     
   21.5000000000000       0.984964491306329     
   21.6000000000000       0.984964768226938     
   21.7000000000000       0.984965042246415     
   21.8000000000000       0.984965313412721     
   21.9000000000000       0.984965581772918     
   22.0000000000000       0.984965847372935     
   22.1000000000000       0.984966110257403     
   22.2000000000000       0.984966370469571     
   22.3000000000000       0.984966628051396     
   22.4000000000000       0.984966883043733     
   22.5000000000000       0.984967135486599     
   22.6000000000000       0.984967385419412     
   22.7000000000000       0.984967632881152     
   22.8000000000000       0.984967877910383     
   22.9000000000000       0.984968120545120     
   23.0000000000000       0.984968360822643     
   23.1000000000000       0.984968598779291     
   23.2000000000000       0.984968834450304     
   23.3000000000000       0.984969067869814     
   23.4000000000000       0.984969299070954     
   23.5000000000000       0.984969528086077     
   23.6000000000000       0.984969754947009     
   23.7000000000000       0.984969979685232     
   23.8000000000000       0.984970202332000     
   23.9000000000000       0.984970422918283     
   24.0000000000000       0.984970641474633     
   24.1000000000000       0.984970858030961     
   24.2000000000000       0.984971072616339     
   24.3000000000000       0.984971285258922     
   24.4000000000000       0.984971495985951     
   24.5000000000000       0.984971704823923     
   24.6000000000000       0.984971911798803     
   24.7000000000000       0.984972116936250     
   24.8000000000000       0.984972320261776     
   24.9000000000000       0.984972521800780     
   25.0000000000000       0.984972721578477     
   25.1000000000000       0.984972919619683     
   25.2000000000000       0.984973115948653     
   25.3000000000000       0.984973310588886     
   25.4000000000000       0.984973503563091     
   25.5000000000000       0.984973694893256     
   25.6000000000000       0.984973884600812     
   25.7000000000000       0.984974072706854     
   25.8000000000000       0.984974259232354     
   25.9000000000000       0.984974444198252     
   26.0000000000000       0.984974627625451     
   26.1000000000000       0.984974809534686     
   26.2000000000000       0.984974989946338     
   26.3000000000000       0.984975168880238     
   26.4000000000000       0.984975346355552     
   26.5000000000000       0.984975522390759     
   26.6000000000000       0.984975697003768     
   26.7000000000000       0.984975870212115     
   26.8000000000000       0.984976042033162     
   26.9000000000000       0.984976212484248     
   27.0000000000000       0.984976381582774     
   27.1000000000000       0.984976549346124     
   27.2000000000000       0.984976715791523     
   27.3000000000000       0.984976880935841     
   27.4000000000000       0.984977044795422     
   27.5000000000000       0.984977207385999     
   27.6000000000000       0.984977368722736     
   27.7000000000000       0.984977528820369     
   27.8000000000000       0.984977687693392     
   27.9000000000000       0.984977845356252     
   28.0000000000000       0.984978001823471     
   28.1000000000000       0.984978157109662     
   28.2000000000000       0.984978311229425     
   28.3000000000000       0.984978464197174     
   28.4000000000000       0.984978616026969     
   28.5000000000000       0.984978766732360     
   28.6000000000000       0.984978916326358     
   28.7000000000000       0.984979064821494     
   28.8000000000000       0.984979212230009     
   28.9000000000000       0.984979358564016     
   29.0000000000000       0.984979503835676     
   29.1000000000000       0.984979648057284     
   29.2000000000000       0.984979791241220     
   29.3000000000000       0.984979933399836     
   29.4000000000000       0.984980074545290     
   29.5000000000000       0.984980214689350     
   29.6000000000000       0.984980353843318     
   29.7000000000000       0.984980492018016     
   29.8000000000000       0.984980629223888     
   29.9000000000000       0.984980765471189     
   30.0000000000000       0.984980900770154     
   30.1000000000000       0.984981035131127     
   30.2000000000000       0.984981168564616     
   30.3000000000000       0.984981301081206     
   30.4000000000000       0.984981432691419     
   30.5000000000000       0.984981563405553     
   30.6000000000000       0.984981693233513     
   30.7000000000000       0.984981822184757     
   30.8000000000000       0.984981950268340     
   30.9000000000000       0.984982077493033     
   31.0000000000000       0.984982203867511     
   31.1000000000000       0.984982329400513     
   31.2000000000000       0.984982454100936     
   31.3000000000000       0.984982577977835     
   31.4000000000000       0.984982701040326     
   31.5000000000000       0.984982823297426     
   31.6000000000000       0.984982944757879     
   31.7000000000000       0.984983065430048     
   31.8000000000000       0.984983185321880     
   31.9000000000000       0.984983304440999     
   32.0000000000000       0.984983422794835     
   32.1000000000000       0.984983540390804     
   32.2000000000000       0.984983657236450     
   32.3000000000000       0.984983773339484     
   32.4000000000000       0.984983888707777     
   32.5000000000000       0.984984003349217     
   32.6000000000000       0.984984117271545     
   32.7000000000000       0.984984230482223     
   32.8000000000000       0.984984342988332     
   32.9000000000000       0.984984454796584     
   33.0000000000000       0.984984565913431     
   33.1000000000000       0.984984676345225     
   33.2000000000000       0.984984786098363     
   33.3000000000000       0.984984895179418     
   33.4000000000000       0.984985003595141     
   33.5000000000000       0.984985111352421     
   33.6000000000000       0.984985218458100     
   33.7000000000000       0.984985324918857     
   33.8000000000000       0.984985430741060     
   33.9000000000000       0.984985535930715     
   34.0000000000000       0.984985640493508     
   34.1000000000000       0.984985744434952     
   34.2000000000000       0.984985847760521     
   34.3000000000000       0.984985950475801     
   34.4000000000000       0.984986052586564     
   34.5000000000000       0.984986154098769     
   34.6000000000000       0.984986255018460     
   34.7000000000000       0.984986355351610     
   34.8000000000000       0.984986455103968     
   34.9000000000000       0.984986554280985     
   35.0000000000000       0.984986652887760     
   35.1000000000000       0.984986750929155     
   35.2000000000000       0.984986848409896     
   35.3000000000000       0.984986945334759     
   35.4000000000000       0.984987041708657     
   35.5000000000000       0.984987137536717     
   35.6000000000000       0.984987232824225     
   35.7000000000000       0.984987327576496     
   35.8000000000000       0.984987421798755     
   35.9000000000000       0.984987515495964     
   36.0000000000000       0.984987608672773     
   36.1000000000000       0.984987701333545     
   36.2000000000000       0.984987793482430     
   36.3000000000000       0.984987885123531     
   36.4000000000000       0.984987976261049     
   36.5000000000000       0.984988066899372     
   36.6000000000000       0.984988157043075     
   36.7000000000000       0.984988246696865     
   36.8000000000000       0.984988335865437     
   36.9000000000000       0.984988424553347     
   37.0000000000000       0.984988512764870     
   37.1000000000000       0.984988600503994     
   37.2000000000000       0.984988687774443     
   37.3000000000000       0.984988774579806     
   37.4000000000000       0.984988860923680     
   37.5000000000000       0.984988946809793     
   37.6000000000000       0.984989032242085     
   37.7000000000000       0.984989117224675     
   37.8000000000000       0.984989201761766     
   37.9000000000000       0.984989285857509     
   38.0000000000000       0.984989369515866     
   38.1000000000000       0.984989452740520     
   38.2000000000000       0.984989535534889     
   38.3000000000000       0.984989617902177     
   38.4000000000000       0.984989699845502     
   38.5000000000000       0.984989781368051     
   38.6000000000000       0.984989862473184     
   38.7000000000000       0.984989943164467     
   38.8000000000000       0.984990023445608     
   38.9000000000000       0.984990103320375     
   39.0000000000000       0.984990182792417     
   39.1000000000000       0.984990261865190     
   39.2000000000000       0.984990340541857     
   39.3000000000000       0.984990418825359     
   39.4000000000000       0.984990496718457     
   39.5000000000000       0.984990574223898     
   39.6000000000000       0.984990651344536     
   39.7000000000000       0.984990728083421     
   39.8000000000000       0.984990804443791     
   39.9000000000000       0.984990880429010     
   40.0000000000000       0.984990956042446     
   40.1000000000000       0.984991031287313     
   40.2000000000000       0.984991106166611     
   40.3000000000000       0.984991180683058     
   40.4000000000000       0.984991254839176     
   40.5000000000000       0.984991328637381     
   40.6000000000000       0.984991402080105     
   40.7000000000000       0.984991475169949     
   40.8000000000000       0.984991547909691     
   40.9000000000000       0.984991620302298     
   41.0000000000000       0.984991692350812     
   41.1000000000000       0.984991764058240     
   41.2000000000000       0.984991835427409     
   41.3000000000000       0.984991906460902     
   41.4000000000000       0.984991977161074     
   41.5000000000000       0.984992047530095     
   41.6000000000000       0.984992117570080     
   41.7000000000000       0.984992187283233     
   41.8000000000000       0.984992256671916     
   41.9000000000000       0.984992325738708     
   42.0000000000000       0.984992394486319     
   42.1000000000000       0.984992462917508     
   42.2000000000000       0.984992531034951     
   42.3000000000000       0.984992598841117     
   42.4000000000000       0.984992666338244     
   42.5000000000000       0.984992733528341     
   42.6000000000000       0.984992800413297     
   42.7000000000000       0.984992866994999     
   42.8000000000000       0.984992933275454     
   42.9000000000000       0.984992999256857     
   43.0000000000000       0.984993064941584     
   43.1000000000000       0.984993130332130     
   43.2000000000000       0.984993195430976     
   43.3000000000000       0.984993260240495     
   43.4000000000000       0.984993324762833     
   43.5000000000000       0.984993388999916     
   43.6000000000000       0.984993452953487     
   43.7000000000000       0.984993516625192     
   43.8000000000000       0.984993580016753     
   43.9000000000000       0.984993643129997     
   44.0000000000000       0.984993705966985     
   44.1000000000000       0.984993768529911     
   44.2000000000000       0.984993830821060     
   44.3000000000000       0.984993892842677     
   44.4000000000000       0.984993954596849     
   44.5000000000000       0.984994016085447     
   44.6000000000000       0.984994077310112     
   44.7000000000000       0.984994138272352     
   44.8000000000000       0.984994198973630     
   44.9000000000000       0.984994259415511     
   45.0000000000000       0.984994319599717     
   45.1000000000000       0.984994379528166     
   45.2000000000000       0.984994439202907     
   45.3000000000000       0.984994498626033     
   45.4000000000000       0.984994557799547     
   45.5000000000000       0.984994616725276     
   45.6000000000000       0.984994675404827     
   45.7000000000000       0.984994733839613     
   45.8000000000000       0.984994792030961     
   45.9000000000000       0.984994849980185     
   46.0000000000000       0.984994907688725     
   46.1000000000000       0.984994965158213     
   46.2000000000000       0.984995022390448     
   46.3000000000000       0.984995079387332     
   46.4000000000000       0.984995136150777     
   46.5000000000000       0.984995192682562     
   46.6000000000000       0.984995248984280     
   46.7000000000000       0.984995305057303     
   46.8000000000000       0.984995360902850     
   46.9000000000000       0.984995416522083     
   47.0000000000000       0.984995471916216     
   47.1000000000000       0.984995527086598     
   47.2000000000000       0.984995582034777     
   47.3000000000000       0.984995636762454     
   47.4000000000000       0.984995691271385     
   47.5000000000000       0.984995745563298     
   47.6000000000000       0.984995799639768     
   47.7000000000000       0.984995853502168     
   47.8000000000000       0.984995907151678     
   47.9000000000000       0.984995960589360     
   48.0000000000000       0.984996013816233     
   48.1000000000000       0.984996066833434     
   48.2000000000000       0.984996119642254     
   48.3000000000000       0.984996172244151     
   48.4000000000000       0.984996224640727     
   48.5000000000000       0.984996276833618     
   48.6000000000000       0.984996328824375     
   48.7000000000000       0.984996380614368     
   48.8000000000000       0.984996432204785     
   48.9000000000000       0.984996483596630     
   49.0000000000000       0.984996534790821     
   49.1000000000000       0.984996585788299     
   49.2000000000000       0.984996636590139     
   49.3000000000000       0.984996687197564     
   49.4000000000000       0.984996737611981     
   49.5000000000000       0.984996787834894     
   49.6000000000000       0.984996837867788     
   49.7000000000000       0.984996887712046     
   49.8000000000000       0.984996937368868     
   49.9000000000000       0.984996986839263     
   50.0000000000000       0.984997036124095     
   50.1000000000000       0.984997085224183     
   50.2000000000000       0.984997134140395     
   50.3000000000000       0.984997182873747     
   50.4000000000000       0.984997231425430     
   50.5000000000000       0.984997279796785     
   50.6000000000000       0.984997327989227     
   50.7000000000000       0.984997376004094     
   50.8000000000000       0.984997423842612     
   50.9000000000000       0.984997471505811     
   51.0000000000000       0.984997518994553     
   51.1000000000000       0.984997566309578     
   51.2000000000000       0.984997613451616     
   51.3000000000000       0.984997660421504     
   51.4000000000000       0.984997707220222     
   51.5000000000000       0.984997753848925     
   51.6000000000000       0.984997800308893     
   51.7000000000000       0.984997846601421     
   51.8000000000000       0.984997892727738     
   51.9000000000000       0.984997938688897     
   52.0000000000000       0.984997984485777     
   52.1000000000000       0.984998030119117     
   52.2000000000000       0.984998075589559     
   52.3000000000000       0.984998120897779     
   52.4000000000000       0.984998166044575     
   52.5000000000000       0.984998211030912     
   52.6000000000000       0.984998255857910     
   52.7000000000000       0.984998300526775     
   52.8000000000000       0.984998345038706     
   52.9000000000000       0.984998389394789     
   53.0000000000000       0.984998433595945     
   53.1000000000000       0.984998477642918     
   53.2000000000000       0.984998521536318     
   53.3000000000000       0.984998565276726     
   53.4000000000000       0.984998608864778     
   53.5000000000000       0.984998652301267     
   53.6000000000000       0.984998695587135     
   53.7000000000000       0.984998738723457     
   53.8000000000000       0.984998781711358     
   53.9000000000000       0.984998824551942     
   54.0000000000000       0.984998867246168     
   54.1000000000000       0.984998909794832     
   54.2000000000000       0.984998952198540     
   54.3000000000000       0.984998994457823     
   54.4000000000000       0.984999036573212     
   54.5000000000000       0.984999078545321     
   54.6000000000000       0.984999120374915     
   54.7000000000000       0.984999162062929     
   54.8000000000000       0.984999203610399     
   54.9000000000000       0.984999245018399     
   55.0000000000000       0.984999286287897     
   55.1000000000000       0.984999327419734     
   55.2000000000000       0.984999368414577     
   55.3000000000000       0.984999409272933     
   55.4000000000000       0.984999449995271     
   55.5000000000000       0.984999490582075     
   55.6000000000000       0.984999531033965     
   55.7000000000000       0.984999571351701     
   55.8000000000000       0.984999611536197     
   55.9000000000000       0.984999651588444     
   56.0000000000000       0.984999691509415     
   56.1000000000000       0.984999731299993     
   56.2000000000000       0.984999770960888     
   56.3000000000000       0.984999810492661     
   56.4000000000000       0.984999849895740     
   56.5000000000000       0.984999889170537     
   56.6000000000000       0.984999928317529     
   56.7000000000000       0.984999967337320     
   56.8000000000000       0.985000006230675     
   56.9000000000000       0.985000044998482     
   57.0000000000000       0.985000083641681     
   57.1000000000000       0.985000122161167     
   57.2000000000000       0.985000160557704     
   57.3000000000000       0.985000198831903     
   57.4000000000000       0.985000236984226     
   57.5000000000000       0.985000275015041     
   57.6000000000000       0.985000312924720     
   57.7000000000000       0.985000350713731     
   57.8000000000000       0.985000388382683     
   57.9000000000000       0.985000425932330     
   58.0000000000000       0.985000463363540     
   58.1000000000000       0.985000500677200     
   58.2000000000000       0.985000537874113     
   58.3000000000000       0.985000574954944     
   58.4000000000000       0.985000611920197     
   58.5000000000000       0.985000648770251     
   58.6000000000000       0.985000685505425     
   58.7000000000000       0.985000722126070     
   58.8000000000000       0.985000758632669     
   58.9000000000000       0.985000795025832     
   59.0000000000000       0.985000831306305     
   59.1000000000000       0.985000867474928     
   59.2000000000000       0.985000903532508     
   59.3000000000000       0.985000939479775     
   59.4000000000000       0.985000975317296     
   59.5000000000000       0.985001011045482     
   59.6000000000000       0.985001046664636     
   59.7000000000000       0.985001082175049     
   59.8000000000000       0.985001117577054     
   59.9000000000000       0.985001152871135     
   60.0000000000000       0.985001188057938     
   60.1000000000000       0.985001223138194     
   60.2000000000000       0.985001258112714     
   60.3000000000000       0.985001292982230     
   60.4000000000000       0.985001327747358     
   60.5000000000000       0.985001362408578     
   60.6000000000000       0.985001396966228     
   60.7000000000000       0.985001431420553     
   60.8000000000000       0.985001465771839     
   60.9000000000000       0.985001500020422     
   61.0000000000000       0.985001534166803     
   61.1000000000000       0.985001568211616     
   61.2000000000000       0.985001602155584     
   61.3000000000000       0.985001635999446     
   61.4000000000000       0.985001669743894     
   61.5000000000000       0.985001703389458     
   61.6000000000000       0.985001736936518     
   61.7000000000000       0.985001770385348     
   61.8000000000000       0.985001803736174     
   61.9000000000000       0.985001836989239     
   62.0000000000000       0.985001870144908     
   62.1000000000000       0.985001903203688     
   62.2000000000000       0.985001936166211     
   62.3000000000000       0.985001969033207     
   62.4000000000000       0.985002001805360     
   62.5000000000000       0.985002034483276     
   62.6000000000000       0.985002067067384     
   62.7000000000000       0.985002099558009     
   62.8000000000000       0.985002131955347     
   62.9000000000000       0.985002164259590     
   63.0000000000000       0.985002196471007     
   63.1000000000000       0.985002228589979     
   63.2000000000000       0.985002260617035     
   63.3000000000000       0.985002292552817     
   63.4000000000000       0.985002324398000     
   63.5000000000000       0.985002356153216     
   63.6000000000000       0.985002387818969     
   63.7000000000000       0.985002419395645     
   63.8000000000000       0.985002450883472     
   63.9000000000000       0.985002482282627     
   64.0000000000000       0.985002513593285     
   64.1000000000000       0.985002544815720     
   64.2000000000000       0.985002575950332     
   64.3000000000000       0.985002606997676     
   64.4000000000000       0.985002637958382     
   64.5000000000000       0.985002668833069     
   64.6000000000000       0.985002699622328     
   64.7000000000000       0.985002730326583     
   64.8000000000000       0.985002760946122     
   64.9000000000000       0.985002791481138     
   65.0000000000000       0.985002821931771     
   65.1000000000000       0.985002852298203     
   65.2000000000000       0.985002882580711     
   65.3000000000000       0.985002912779737     
   65.4000000000000       0.985002942895838     
   65.5000000000000       0.985002972929613     
   65.6000000000000       0.985003002881664     
   65.7000000000000       0.985003032752483     
   65.8000000000000       0.985003062542436     
   65.9000000000000       0.985003092251748     
   66.0000000000000       0.985003121880561     
   66.1000000000000       0.985003151428995     
   66.2000000000000       0.985003180897238     
   66.3000000000000       0.985003210285612     
   66.4000000000000       0.985003239594560     
   66.5000000000000       0.985003268824632     
   66.6000000000000       0.985003297976438     
   66.7000000000000       0.985003327050500     
   66.8000000000000       0.985003356047245     
   66.9000000000000       0.985003384966971     
   67.0000000000000       0.985003413809847     
   67.1000000000000       0.985003442575964     
   67.2000000000000       0.985003471265458     
   67.3000000000000       0.985003499878532     
   67.4000000000000       0.985003528415531     
   67.5000000000000       0.985003556876931     
   67.6000000000000       0.985003585263247     
   67.7000000000000       0.985003613575066     
   67.8000000000000       0.985003641812858     
   67.9000000000000       0.985003669976988     
   68.0000000000000       0.985003698067679     
   68.1000000000000       0.985003726085038     
   68.2000000000000       0.985003754029158     
   68.3000000000000       0.985003781900170     
   68.4000000000000       0.985003809698311     
   68.5000000000000       0.985003837423940     
   68.6000000000000       0.985003865077546     
   68.7000000000000       0.985003892659648     
   68.8000000000000       0.985003920170771     
   68.9000000000000       0.985003947611331     
   69.0000000000000       0.985003974981616     
   69.1000000000000       0.985004002281806     
   69.2000000000000       0.985004029511970     
   69.3000000000000       0.985004056672192     
   69.4000000000000       0.985004083762614     
   69.5000000000000       0.985004110783495     
   69.6000000000000       0.985004137735229     
   69.7000000000000       0.985004164618291     
   69.8000000000000       0.985004191433200     
   69.9000000000000       0.985004218180408     
   70.0000000000000       0.985004244860285     
   70.1000000000000       0.985004271473076     
   70.2000000000000       0.985004298018870     
   70.3000000000000       0.985004324497739     
   70.4000000000000       0.985004350909767     
   70.5000000000000       0.985004377255113     
   70.6000000000000       0.985004403534066     
   70.7000000000000       0.985004429747016     
   70.8000000000000       0.985004455894460     
   70.9000000000000       0.985004481976882     
   71.0000000000000       0.985004507994686     
   71.1000000000000       0.985004533948172     
   71.2000000000000       0.985004559837517     
   71.3000000000000       0.985004585662793     
   71.4000000000000       0.985004611424060     
   71.5000000000000       0.985004637121409     
   71.6000000000000       0.985004662755005     
   71.7000000000000       0.985004688325164     
   71.8000000000000       0.985004713832303     
   71.9000000000000       0.985004739276898     
   72.0000000000000       0.985004764659396     
   72.1000000000000       0.985004789980174     
   72.2000000000000       0.985004815239467     
   72.3000000000000       0.985004840437375     
   72.4000000000000       0.985004865573976     
   72.5000000000000       0.985004890649271     
   72.6000000000000       0.985004915663375     
   72.7000000000000       0.985004940616508     
   72.8000000000000       0.985004965509018     
   72.9000000000000       0.985004990341323     
   73.0000000000000       0.985005015113882     
   73.1000000000000       0.985005039827103     
   73.2000000000000       0.985005064481282     
   73.3000000000000       0.985005089076600     
   73.4000000000000       0.985005113613141     
   73.5000000000000       0.985005138090926     
   73.6000000000000       0.985005162509995     
   73.7000000000000       0.985005186870484     
   73.8000000000000       0.985005211172633     
   73.9000000000000       0.985005235416796     
   74.0000000000000       0.985005259603399     
   74.1000000000000       0.985005283732864     
   74.2000000000000       0.985005307805580     
   74.3000000000000       0.985005331821777     
   74.4000000000000       0.985005355781586     
   74.5000000000000       0.985005379685060     
   74.6000000000000       0.985005403532188     
   74.7000000000000       0.985005427323032     
   74.8000000000000       0.985005451057744     
   74.9000000000000       0.985005474736599     
   75.0000000000000       0.985005498359978     
   75.1000000000000       0.985005521928307     
   75.2000000000000       0.985005545441968     
   75.3000000000000       0.985005568901288     
   75.4000000000000       0.985005592306450     
   75.5000000000000       0.985005615657547     
   75.6000000000000       0.985005638954579     
   75.7000000000000       0.985005662197560     
   75.8000000000000       0.985005685386561     
   75.9000000000000       0.985005708521750     
   76.0000000000000       0.985005731603452     
   76.1000000000000       0.985005754632049     
   76.2000000000000       0.985005777607934     
   76.3000000000000       0.985005800531482     
   76.4000000000000       0.985005823402940     
   76.5000000000000       0.985005846222463     
   76.6000000000000       0.985005868990088     
   76.7000000000000       0.985005891705806     
   76.8000000000000       0.985005914369637     
   76.9000000000000       0.985005936981660     
   77.0000000000000       0.985005959542111     
   77.1000000000000       0.985005982051304     
   77.2000000000000       0.985006004509618     
   77.3000000000000       0.985006026917452     
   77.4000000000000       0.985006049275113     
   77.5000000000000       0.985006071582812     
   77.6000000000000       0.985006093840644     
   77.7000000000000       0.985006116048621     
   77.8000000000000       0.985006138206716     
   77.9000000000000       0.985006160314971     
   78.0000000000000       0.985006182373523     
   78.1000000000000       0.985006204382609     
   78.2000000000000       0.985006226342564     
   78.3000000000000       0.985006248253746     
   78.4000000000000       0.985006270116527     
   78.5000000000000       0.985006291931171     
   78.6000000000000       0.985006313697853     
   78.7000000000000       0.985006335416621     
   78.8000000000000       0.985006357087444     
   78.9000000000000       0.985006378710322     
   79.0000000000000       0.985006400285318     
   79.1000000000000       0.985006421812579     
   79.2000000000000       0.985006443292366     
   79.3000000000000       0.985006464725032     
   79.4000000000000       0.985006486110946     
   79.5000000000000       0.985006507450420     
   79.6000000000000       0.985006528743680     
   79.7000000000000       0.985006549990840     
   79.8000000000000       0.985006571191913     
   79.9000000000000       0.985006592346870     
   80.0000000000000       0.985006613455704     
   80.1000000000000       0.985006634518508     
   80.2000000000000       0.985006655535455     
   80.3000000000000       0.985006676506846     
   80.4000000000000       0.985006697433018     
   80.5000000000000       0.985006718314323     
   80.6000000000000       0.985006739151044     
   80.7000000000000       0.985006759943343     
   80.8000000000000       0.985006780691300     
   80.9000000000000       0.985006801394906     
   81.0000000000000       0.985006822054113     
   81.1000000000000       0.985006842668943     
   81.2000000000000       0.985006863239517     
   81.3000000000000       0.985006883766030     
   81.4000000000000       0.985006904248787     
   81.5000000000000       0.985006924688129     
   81.6000000000000       0.985006945084384     
   81.7000000000000       0.985006965437780     
   81.8000000000000       0.985006985748465     
   81.9000000000000       0.985007006016461     
   82.0000000000000       0.985007026241743     
   82.1000000000000       0.985007046424274     
   82.2000000000000       0.985007066564087     
   82.3000000000000       0.985007086661314     
   82.4000000000000       0.985007106716198     
   82.5000000000000       0.985007126729040     
   82.6000000000000       0.985007146700184     
   82.7000000000000       0.985007166629920     
   82.8000000000000       0.985007186518447     
   82.9000000000000       0.985007206365847     
   83.0000000000000       0.985007226172115     
   83.1000000000000       0.985007245937214     
   83.2000000000000       0.985007265661118     
   83.3000000000000       0.985007285343875     
   83.4000000000000       0.985007304985660     
   83.5000000000000       0.985007324586726     
   83.6000000000000       0.985007344147409     
   83.7000000000000       0.985007363668017     
   83.8000000000000       0.985007383148814     
   83.9000000000000       0.985007402589924     
   84.0000000000000       0.985007421991402     
   84.1000000000000       0.985007441353234     
   84.2000000000000       0.985007460675350     
   84.3000000000000       0.985007479957751     
   84.4000000000000       0.985007499200524     
   84.5000000000000       0.985007518403862     
   84.6000000000000       0.985007537568048     
   84.7000000000000       0.985007556693407     
   84.8000000000000       0.985007575780220     
   84.9000000000000       0.985007594828708     
   85.0000000000000       0.985007613838976     
   85.1000000000000       0.985007632811017     
   85.2000000000000       0.985007651744786     
   85.3000000000000       0.985007670640247     
   85.4000000000000       0.985007689497420     
   85.5000000000000       0.985007708316409     
   85.6000000000000       0.985007727097452     
   85.7000000000000       0.985007745840830     
   85.8000000000000       0.985007764546843     
   85.9000000000000       0.985007783215764     
   86.0000000000000       0.985007801847751     
   86.1000000000000       0.985007820442866     
   86.2000000000000       0.985007839001098     
   86.3000000000000       0.985007857522399     
   86.4000000000000       0.985007876006731     
   86.5000000000000       0.985007894454126     
   86.6000000000000       0.985007912864726     
   86.7000000000000       0.985007931238787     
   86.8000000000000       0.985007949576608     
   86.9000000000000       0.985007967878451     
   87.0000000000000       0.985007986144560     
   87.1000000000000       0.985008004375064     
   87.2000000000000       0.985008022569998     
   87.3000000000000       0.985008040729306     
   87.4000000000000       0.985008058852937     
   87.5000000000000       0.985008076940870     
   87.6000000000000       0.985008094993160     
   87.7000000000000       0.985008113010005     
   87.8000000000000       0.985008130991653     
   87.9000000000000       0.985008148938397     
   88.0000000000000       0.985008166850503     
   88.1000000000000       0.985008184728174     
   88.2000000000000       0.985008202571470     
   88.3000000000000       0.985008220380407     
   88.4000000000000       0.985008238154929     
   88.5000000000000       0.985008255894966     
   88.6000000000000       0.985008273600516     
   88.7000000000000       0.985008291271698     
   88.8000000000000       0.985008308908700     
   88.9000000000000       0.985008326511794     
   89.0000000000000       0.985008344081277     
   89.1000000000000       0.985008361617369     
   89.2000000000000       0.985008379120244     
   89.3000000000000       0.985008396589918     
   89.4000000000000       0.985008414026379     
   89.5000000000000       0.985008431429546     
   89.6000000000000       0.985008448799377     
   89.7000000000000       0.985008466135909     
   89.8000000000000       0.985008483439277     
   89.9000000000000       0.985008500709695     
   90.0000000000000       0.985008517947433     
   90.1000000000000       0.985008535152786     
   90.2000000000000       0.985008552325930     
   90.3000000000000       0.985008569466982     
   90.4000000000000       0.985008586575943     
   90.5000000000000       0.985008603652769     
   90.6000000000000       0.985008620697402     
   90.7000000000000       0.985008637709798     
   90.8000000000000       0.985008654690043     
   90.9000000000000       0.985008671638274     
   91.0000000000000       0.985008688554741     
   91.1000000000000       0.985008705439711     
   91.2000000000000       0.985008722293426     
   91.3000000000000       0.985008739116038     
   91.4000000000000       0.985008755907632     
   91.5000000000000       0.985008772668206     
   91.6000000000000       0.985008789397672     
   91.7000000000000       0.985008806095979     
   91.8000000000000       0.985008822763122     
   91.9000000000000       0.985008839399187     
   92.0000000000000       0.985008856004355     
   92.1000000000000       0.985008872578885     
   92.2000000000000       0.985008889123037     
   92.3000000000000       0.985008905637024     
   92.4000000000000       0.985008922120989     
   92.5000000000000       0.985008938574946     
   92.6000000000000       0.985008954998842     
   92.7000000000000       0.985008971392614     
   92.8000000000000       0.985008987756227     
   92.9000000000000       0.985009004089714     
   93.0000000000000       0.985009020393180     
   93.1000000000000       0.985009036666828     
   93.2000000000000       0.985009052910899     
   93.3000000000000       0.985009069125661     
   93.4000000000000       0.985009085311273     
   93.5000000000000       0.985009101467856     
   93.6000000000000       0.985009117595398     
   93.7000000000000       0.985009133693826     
   93.8000000000000       0.985009149763087     
   93.9000000000000       0.985009165803141     
   94.0000000000000       0.985009181814036     
   94.1000000000000       0.985009197795928     
   94.2000000000000       0.985009213749029     
   94.3000000000000       0.985009229673595     
   94.4000000000000       0.985009245569854     
   94.5000000000000       0.985009261437942     
   94.6000000000000       0.985009277277921     
   94.7000000000000       0.985009293089781     
   94.8000000000000       0.985009308873435     
   94.9000000000000       0.985009324628806     
   95.0000000000000       0.985009340355898     
   95.1000000000000       0.985009356054788     
   95.2000000000000       0.985009371725649     
   95.3000000000000       0.985009387368715     
   95.4000000000000       0.985009402984226     
   95.5000000000000       0.985009418572373     
   95.6000000000000       0.985009434133273     
   95.7000000000000       0.985009449666955     
   95.8000000000000       0.985009465173376     
   95.9000000000000       0.985009480652449     
   96.0000000000000       0.985009496104117     
   96.1000000000000       0.985009511528383     
   96.2000000000000       0.985009526925371     
   96.3000000000000       0.985009542295270     
   96.4000000000000       0.985009557638315     
   96.5000000000000       0.985009572954733     
   96.6000000000000       0.985009588244702     
   96.7000000000000       0.985009603508309     
   96.8000000000000       0.985009618745531     
   96.9000000000000       0.985009633956300     
   97.0000000000000       0.985009649140536     
   97.1000000000000       0.985009664298205     
   97.2000000000000       0.985009679429344     
   97.3000000000000       0.985009694534100     
   97.4000000000000       0.985009709612671     
   97.5000000000000       0.985009724665277     
   97.6000000000000       0.985009739692174     
   97.7000000000000       0.985009754693463     
   97.8000000000000       0.985009769669199     
   97.9000000000000       0.985009784619345     
   98.0000000000000       0.985009799543811     
   98.1000000000000       0.985009814442549     
   98.2000000000000       0.985009829315514     
   98.3000000000000       0.985009844162786     
   98.4000000000000       0.985009858984546     
   98.5000000000000       0.985009873780989     
   98.6000000000000       0.985009888552357     
   98.7000000000000       0.985009903298848     
   98.8000000000000       0.985009918020535     
   98.9000000000000       0.985009932717428     
   99.0000000000000       0.985009947389478     
   99.1000000000000       0.985009962036606     
   99.2000000000000       0.985009976658744     
   99.3000000000000       0.985009991255904     
   99.4000000000000       0.985010005828197     
   99.5000000000000       0.985010020375799     
   99.6000000000000       0.985010034898946     
   99.7000000000000       0.985010049397836     
   99.8000000000000       0.985010063872608     
   99.9000000000000       0.985010078323345     
   100.000000000000       0.985010092750038     
