  0.000000000000000E+000   1.00000000000000     
   1.00000000000000       0.996616980563994     
   2.00000000000000       0.987187270049386     
   3.00000000000000       0.971970201467592     
   4.00000000000000       0.951315650616258     
   5.00000000000000       0.925619879068270     
   6.00000000000000       0.895300915255775     
   7.00000000000000       0.860784748708209     
   8.00000000000000       0.822496992245621     
   9.00000000000000       0.780857450307474     
   10.0000000000000       0.736276337021759     
   11.0000000000000       0.689151506752234     
   12.0000000000000       0.639866356717149     
   13.0000000000000       0.588788196970734     
   14.0000000000000       0.536266985415686     
   15.0000000000000       0.482634353624060     
   16.0000000000000       0.428202871161206     
   17.0000000000000       0.373265531517962     
   18.0000000000000       0.318095421198230     
   19.0000000000000       0.262945557840501     
   20.0000000000000       0.208048889512539     
   21.0000000000000       0.153618422395879     
   22.0000000000000       9.984748039628433E-002
   23.0000000000000       4.691007819736681E-002
   24.0000000000000      -5.038614560736954E-003
   25.0000000000000      -5.586170920887978E-002
   26.0000000000000      -0.105439964439418     
   27.0000000000000      -0.153671087972948     
   28.0000000000000      -0.200468972620807     
   29.0000000000000      -0.245762898971186     
   30.0000000000000      -0.289496693584867     
   31.0000000000000      -0.331627857765142     
   32.0000000000000      -0.372126687286516     
   33.0000000000000      -0.410975367129173     
   34.0000000000000      -0.448167069791588     
   35.0000000000000      -0.483705057424488     
   36.0000000000000      -0.517601781110675     
   37.0000000000000      -0.549878007295884     
   38.0000000000000      -0.580561954341456     
   39.0000000000000      -0.609688449969137     
   40.0000000000000      -0.637298126555172     
   41.0000000000000      -0.663436632664187     
   42.0000000000000      -0.688153885863779     
   43.0000000000000      -0.711503362894042     
   44.0000000000000      -0.733541415870063     
   45.0000000000000      -0.754326641101127     
   46.0000000000000      -0.773919279545151     
   47.0000000000000      -0.792380655848455     
   48.0000000000000      -0.809772669656876     
   49.0000000000000      -0.826157314423300     
   50.0000000000000      -0.841596245309309     
   51.0000000000000      -0.856150389688092     
   52.0000000000000      -0.869879586382918     
   53.0000000000000      -0.882842277132537     
   54.0000000000000      -0.895095227841066     
   55.0000000000000      -0.906693284109005     
   56.0000000000000      -0.917689172503881     
   57.0000000000000      -0.928133322196751     
   58.0000000000000      -0.938073725970935     
   59.0000000000000      -0.947555833313682     
   60.0000000000000      -0.956622461211860     
   61.0000000000000      -0.965313743844623     
   62.0000000000000      -0.973667099366643     
   63.0000000000000      -0.981717217154681     
   64.0000000000000      -0.989496075796994     
   65.0000000000000      -0.997032967763189     
   66.0000000000000       -1.00435454800571     
   67.0000000000000       -1.01148489970178     
   68.0000000000000       -1.01844560364339     
   69.0000000000000       -1.02525583082633     
   70.0000000000000       -1.03193243836424     
   71.0000000000000       -1.03849007184127     
   72.0000000000000       -1.04494128386221     
   73.0000000000000       -1.05129664708523     
   74.0000000000000       -1.05756487773717     
   75.0000000000000       -1.06375296396028     
   76.0000000000000       -1.06986628705078     
   77.0000000000000       -1.07590875382600     
   78.0000000000000       -1.08188292268491     
   79.0000000000000       -1.08779012657005     
   80.0000000000000       -1.09363060229705     
   81.0000000000000       -1.09940360717415     
   82.0000000000000       -1.10510753782436     
   83.0000000000000       -1.11074004680381     
   84.0000000000000       -1.11629814672510     
   85.0000000000000       -1.12177831886109     
   86.0000000000000       -1.12717661117757     
   87.0000000000000       -1.13248872908955     
   88.0000000000000       -1.13771012805332     
   89.0000000000000       -1.14283609136845     
   90.0000000000000       -1.14786180697294     
   91.0000000000000       -1.15278243986254     
   92.0000000000000       -1.15759319126698     
   93.0000000000000       -1.16228936021761     
   94.0000000000000       -1.16686639449658     
   95.0000000000000       -1.17131993417679     
   96.0000000000000       -1.17564585633681     
   97.0000000000000       -1.17984030638377     
   98.0000000000000       -1.18389972854098     
   99.0000000000000       -1.18782089285934     
   100.000000000000       -1.19160091098342     
   101.000000000000       -1.19523725488403     
   102.000000000000       -1.19872776717803     
   103.000000000000       -1.20207066597588     
   104.000000000000       -1.20526455215899     
   105.000000000000       -1.20830840616855     
   106.000000000000       -1.21120158558439     
   107.000000000000       -1.21394382130737     
   108.000000000000       -1.21653520538246     
   109.000000000000       -1.21897618324269     
   110.000000000000       -1.22126754026918     
   111.000000000000       -1.22341038522664     
   112.000000000000       -1.22540613772270     
   113.000000000000       -1.22725650808877     
   114.000000000000       -1.22896347971591     
   115.000000000000       -1.23052929193149     
   116.000000000000       -1.23195641705799     
   117.000000000000       -1.23324754307999     
   118.000000000000       -1.23440555283350     
   119.000000000000       -1.23543350186903     
   120.000000000000       -1.23633460140075     
   121.000000000000       -1.23711219582184     
   122.000000000000       -1.23776974368316     
   123.000000000000       -1.23831080040250     
   124.000000000000       -1.23873899683429     
   125.000000000000       -1.23905802391550     
   126.000000000000       -1.23927161515469     
   127.000000000000       -1.23938352874679     
   128.000000000000       -1.23939753506963     
   129.000000000000       -1.23931739997020     
   130.000000000000       -1.23914687175440     
   131.000000000000       -1.23888967030052     
   132.000000000000       -1.23854947285694     
   133.000000000000       -1.23812990570424     
   134.000000000000       -1.23763453419413     
   135.000000000000       -1.23706685265048     
   136.000000000000       -1.23643027933818     
   137.000000000000       -1.23572814772928     
   138.000000000000       -1.23496370115899     
   139.000000000000       -1.23414008944551     
   140.000000000000       -1.23326036243348     
   141.000000000000       -1.23232746877860     
   142.000000000000       -1.23134425315337     
   143.000000000000       -1.23031345313529     
   144.000000000000       -1.22923770053894     
   145.000000000000       -1.22811951915563     
   146.000000000000       -1.22696132531997     
   147.000000000000       -1.22576543003592     
   148.000000000000       -1.22453403799462     
   149.000000000000       -1.22326925109019     
   150.000000000000       -1.22197307021083     
   151.000000000000       -1.22064739640315     
   152.000000000000       -1.21929403581430     
   153.000000000000       -1.21791470102812     
   154.000000000000       -1.21651101466241     
   155.000000000000       -1.21508451411580     
   156.000000000000       -1.21363665313573     
   157.000000000000       -1.21216880722492     
   158.000000000000       -1.21068227719053     
   159.000000000000       -1.20917829181117     
   160.000000000000       -1.20765801373647     
   161.000000000000       -1.20612254180456     
   162.000000000000       -1.20457291518675     
   163.000000000000       -1.20301011839060     
   164.000000000000       -1.20143508309126     
   165.000000000000       -1.19984869331567     
   166.000000000000       -1.19825178873869     
   167.000000000000       -1.19664516696759     
   168.000000000000       -1.19502958868816     
   169.000000000000       -1.19340577934476     
   170.000000000000       -1.19177443237744     
   171.000000000000       -1.19013621317029     
   172.000000000000       -1.18849175993496     
   173.000000000000       -1.18684168763580     
   174.000000000000       -1.18518659010106     
   175.000000000000       -1.18352704111161     
   176.000000000000       -1.18186359813342     
   177.000000000000       -1.18019680277719     
   178.000000000000       -1.17852718267724     
   179.000000000000       -1.17685525404547     
   180.000000000000       -1.17518152133555     
   181.000000000000       -1.17350647976534     
   182.000000000000       -1.17183061616512     
   183.000000000000       -1.17015440886532     
   184.000000000000       -1.16847833011139     
   185.000000000000       -1.16680284543209     
   186.000000000000       -1.16512841436789     
   187.000000000000       -1.16345549189751     
   188.000000000000       -1.16178452717106     
   189.000000000000       -1.16011596498986     
   190.000000000000       -1.15845024576965     
   191.000000000000       -1.15678780463033     
   192.000000000000       -1.15512907294397     
   193.000000000000       -1.15347447705430     
   194.000000000000       -1.15182443832740     
   195.000000000000       -1.15017937393834     
   196.000000000000       -1.14853969514498     
   197.000000000000       -1.14690580822395     
   198.000000000000       -1.14527811403179     
   199.000000000000       -1.14365700676970     
   200.000000000000       -1.14204287514988     
   201.000000000000       -1.14043610091719     
   202.000000000000       -1.13883705867296     
   203.000000000000       -1.13724611646162     
   204.000000000000       -1.13566363398941     
   205.000000000000       -1.13408996342351     
   206.000000000000       -1.13252544892617     
   207.000000000000       -1.13097042544453     
   208.000000000000       -1.12942521984039     
   209.000000000000       -1.12789014951711     
   210.000000000000       -1.12636552230773     
   211.000000000000       -1.12485163713328     
   212.000000000000       -1.12334878239978     
   213.000000000000       -1.12185723688881     
   214.000000000000       -1.12037726946022     
   215.000000000000       -1.11890913803761     
   216.000000000000       -1.11745309086408     
   217.000000000000       -1.11600936536013     
   218.000000000000       -1.11457818819070     
   219.000000000000       -1.11315977609320     
   220.000000000000       -1.11175433452016     
   221.000000000000       -1.11036205868546     
   222.000000000000       -1.10898313347564     
   223.000000000000       -1.10761773265273     
   224.000000000000       -1.10626602025504     
   225.000000000000       -1.10492814967858     
   226.000000000000       -1.10360426391085     
   227.000000000000       -1.10229449650785     
   228.000000000000       -1.10099897044138     
   229.000000000000       -1.09971779926293     
   230.000000000000       -1.09845108717117     
   231.000000000000       -1.09719892837074     
   232.000000000000       -1.09596140856005     
   233.000000000000       -1.09473860416268     
   234.000000000000       -1.09353058265619     
   235.000000000000       -1.09233740362535     
   236.000000000000       -1.09115911773034     
   237.000000000000       -1.08999576791302     
   238.000000000000       -1.08884738953870     
   239.000000000000       -1.08771400982715     
   240.000000000000       -1.08659564935153     
   241.000000000000       -1.08549232133620     
   242.000000000000       -1.08440403200310     
   243.000000000000       -1.08333078162729     
   244.000000000000       -1.08227256354774     
   245.000000000000       -1.08122936534790     
   246.000000000000       -1.08020116900234     
   247.000000000000       -1.07918795031254     
   248.000000000000       -1.07818968035866     
   249.000000000000       -1.07720632480220     
   250.000000000000       -1.07623784419612     
   251.000000000000       -1.07528419499366     
   252.000000000000       -1.07434532855139     
   253.000000000000       -1.07342119224373     
   254.000000000000       -1.07251172957477     
   255.000000000000       -1.07161687958148     
   256.000000000000       -1.07073657821016     
   257.000000000000       -1.06987075759346     
   258.000000000000       -1.06901934630078     
   259.000000000000       -1.06818227028142     
   260.000000000000       -1.06735945183991     
   261.000000000000       -1.06655081067290     
   262.000000000000       -1.06575626393468     
   263.000000000000       -1.06497572559878     
   264.000000000000       -1.06420910775614     
   265.000000000000       -1.06345631986216     
   266.000000000000       -1.06271726892767     
   267.000000000000       -1.06199186039975     
   268.000000000000       -1.06127999711137     
   269.000000000000       -1.06058158024845     
   270.000000000000       -1.05989650937631     
   271.000000000000       -1.05922468176765     
   272.000000000000       -1.05856599363502     
   273.000000000000       -1.05792033935769     
   274.000000000000       -1.05728761162643     
   275.000000000000       -1.05666770227617     
   276.000000000000       -1.05606050122246     
   277.000000000000       -1.05546589737471     
   278.000000000000       -1.05488377863819     
   279.000000000000       -1.05431403122288     
   280.000000000000       -1.05375654082698     
   281.000000000000       -1.05321119185796     
   282.000000000000       -1.05267786754661     
   283.000000000000       -1.05215645074766     
   284.000000000000       -1.05164682287654     
   285.000000000000       -1.05114886478461     
   286.000000000000       -1.05066245675048     
   287.000000000000       -1.05018747778302     
   288.000000000000       -1.04972380677015     
   289.000000000000       -1.04927132170581     
   290.000000000000       -1.04882989978578     
   291.000000000000       -1.04839941818808     
   292.000000000000       -1.04797975301998     
   293.000000000000       -1.04757078016629     
   294.000000000000       -1.04717237527922     
   295.000000000000       -1.04678441308387     
   296.000000000000       -1.04640676850154     
   297.000000000000       -1.04603931588909     
   298.000000000000       -1.04568192912380     
   299.000000000000       -1.04533448237007     
   300.000000000000       -1.04499684904149     
   301.000000000000       -1.04466890262781     
   302.000000000000       -1.04435051668749     
   303.000000000000       -1.04404156415919     
   304.000000000000       -1.04374191846341     
   305.000000000000       -1.04345145275652     
   306.000000000000       -1.04317004000705     
   307.000000000000       -1.04289755375082     
   308.000000000000       -1.04263386706888     
   309.000000000000       -1.04237885339475     
   310.000000000000       -1.04213238651008     
   311.000000000000       -1.04189433986218     
   312.000000000000       -1.04166458764468     
   313.000000000000       -1.04144300406536     
   314.000000000000       -1.04122946341368     
   315.000000000000       -1.04102384080384     
   316.000000000000       -1.04082601116729     
   317.000000000000       -1.04063585003969     
   318.000000000000       -1.04045323355830     
   319.000000000000       -1.04027803778431     
   320.000000000000       -1.04011013976145     
   321.000000000000       -1.03994941679597     
   322.000000000000       -1.03979574651415     
   323.000000000000       -1.03964900759206     
   324.000000000000       -1.03950907876076     
   325.000000000000       -1.03937583957208     
   326.000000000000       -1.03924917039617     
   327.000000000000       -1.03912895174716     
   328.000000000000       -1.03901506531882     
   329.000000000000       -1.03890739327516     
   330.000000000000       -1.03880581829693     
   331.000000000000       -1.03871022429714     
   332.000000000000       -1.03862049543778     
   333.000000000000       -1.03853651687382     
   334.000000000000       -1.03845817474999     
   335.000000000000       -1.03838535552905     
   336.000000000000       -1.03831794700429     
   337.000000000000       -1.03825583759981     
   338.000000000000       -1.03819891640609     
   339.000000000000       -1.03814707388084     
   340.000000000000       -1.03810020087702     
   341.000000000000       -1.03805818936518     
   342.000000000000       -1.03802093242944     
   343.000000000000       -1.03798832359849     
   344.000000000000       -1.03796025783526     
   345.000000000000       -1.03793663084708     
   346.000000000000       -1.03791733911075     
   347.000000000000       -1.03790228055938     
   348.000000000000       -1.03789135362185     
   349.000000000000       -1.03788445792458     
   350.000000000000       -1.03788149428710     
   351.000000000000       -1.03788236405642     
   352.000000000000       -1.03788697007502     
   353.000000000000       -1.03789521600136     
   354.000000000000       -1.03790700632545     
   355.000000000000       -1.03792224704265     
   356.000000000000       -1.03794084470532     
   357.000000000000       -1.03796270710520     
   358.000000000000       -1.03798774326933     
   359.000000000000       -1.03801586279888     
   360.000000000000       -1.03804697681658     
   361.000000000000       -1.03808099729826     
   362.000000000000       -1.03811783708024     
   363.000000000000       -1.03815741052108     
   364.000000000000       -1.03819963256614     
   365.000000000000       -1.03824441941190     
   366.000000000000       -1.03829168850311     
   367.000000000000       -1.03834135787687     
   368.000000000000       -1.03839334709080     
   369.000000000000       -1.03844757656630     
   370.000000000000       -1.03850396758873     
   371.000000000000       -1.03856244295811     
   372.000000000000       -1.03862292606733     
   373.000000000000       -1.03868534154942     
   374.000000000000       -1.03874961527663     
   375.000000000000       -1.03881567371063     
   376.000000000000       -1.03888344481225     
   377.000000000000       -1.03895285739705     
   378.000000000000       -1.03902384112923     
   379.000000000000       -1.03909632716187     
   380.000000000000       -1.03917024722940     
   381.000000000000       -1.03924553427864     
   382.000000000000       -1.03932212247033     
   383.000000000000       -1.03939994653593     
   384.000000000000       -1.03947894266983     
   385.000000000000       -1.03955904789744     
   386.000000000000       -1.03964020006348     
   387.000000000000       -1.03972233846243     
   388.000000000000       -1.03980540294536     
   389.000000000000       -1.03988933453557     
   390.000000000000       -1.03997407543285     
   391.000000000000       -1.04005956837718     
   392.000000000000       -1.04014575752412     
   393.000000000000       -1.04023258782546     
   394.000000000000       -1.04032000501242     
   395.000000000000       -1.04040795621678     
   396.000000000000       -1.04049638909209     
   397.000000000000       -1.04058525241456     
   398.000000000000       -1.04067449609014     
   399.000000000000       -1.04076407052547     
   400.000000000000       -1.04085392748683     
   401.000000000000       -1.04094401949346     
   402.000000000000       -1.04103429979606     
   403.000000000000       -1.04112472298891     
   404.000000000000       -1.04121524414542     
   405.000000000000       -1.04130581940489     
   406.000000000000       -1.04139640598248     
   407.000000000000       -1.04148696154744     
   408.000000000000       -1.04157744506627     
   409.000000000000       -1.04166781620859     
   410.000000000000       -1.04175803532120     
   411.000000000000       -1.04184806403164     
   412.000000000000       -1.04193786439795     
   413.000000000000       -1.04202739948179     
   414.000000000000       -1.04211663336136     
   415.000000000000       -1.04220553051705     
   416.000000000000       -1.04229405665928     
   417.000000000000       -1.04238217814679     
   418.000000000000       -1.04246986195665     
   419.000000000000       -1.04255707627948     
   420.000000000000       -1.04264378968341     
   421.000000000000       -1.04272997167397     
   422.000000000000       -1.04281559271011     
   423.000000000000       -1.04290062359729     
   424.000000000000       -1.04298503630047     
   425.000000000000       -1.04306880337470     
   426.000000000000       -1.04315189793147     
   427.000000000000       -1.04323429422582     
   428.000000000000       -1.04331596683440     
   429.000000000000       -1.04339689120264     
   430.000000000000       -1.04347704366389     
   431.000000000000       -1.04355640084000     
   432.000000000000       -1.04363494043999     
   433.000000000000       -1.04371264070277     
   434.000000000000       -1.04378948036012     
   435.000000000000       -1.04386543921602     
   436.000000000000       -1.04394049733868     
   437.000000000000       -1.04401463559539     
   438.000000000000       -1.04408783567494     
   439.000000000000       -1.04416007949556     
   440.000000000000       -1.04423134998992     
   441.000000000000       -1.04430163055972     
   442.000000000000       -1.04437090503555     
   443.000000000000       -1.04443915824889     
   444.000000000000       -1.04450637523767     
   445.000000000000       -1.04457254176957     
   446.000000000000       -1.04463764436747     
   447.000000000000       -1.04470166972499     
   448.000000000000       -1.04476460547804     
   449.000000000000       -1.04482643967130     
   450.000000000000       -1.04488716071510     
   451.000000000000       -1.04494675795034     
   452.000000000000       -1.04500522086756     
   453.000000000000       -1.04506253961885     
   454.000000000000       -1.04511870504660     
   455.000000000000       -1.04517370810640     
   456.000000000000       -1.04522754062571     
   457.000000000000       -1.04528019478193     
   458.000000000000       -1.04533166305659     
   459.000000000000       -1.04538193879346     
   460.000000000000       -1.04543101543079     
   461.000000000000       -1.04547888700236     
   462.000000000000       -1.04552554816944     
   463.000000000000       -1.04557099365096     
   464.000000000000       -1.04561521896982     
   465.000000000000       -1.04565821994226     
   466.000000000000       -1.04569999262951     
   467.000000000000       -1.04574053388938     
   468.000000000000       -1.04577984062139     
   469.000000000000       -1.04581791025735     
   470.000000000000       -1.04585474079649     
   471.000000000000       -1.04589033024285     
   472.000000000000       -1.04592467733952     
   473.000000000000       -1.04595778106913     
   474.000000000000       -1.04598964060315     
   475.000000000000       -1.04602025584713     
   476.000000000000       -1.04604962669845     
   477.000000000000       -1.04607775352679     
   478.000000000000       -1.04610463721243     
   479.000000000000       -1.04613027859057     
   480.000000000000       -1.04615467917413     
   481.000000000000       -1.04617784066492     
   482.000000000000       -1.04619976490076     
   483.000000000000       -1.04622045439461     
   484.000000000000       -1.04623991160461     
   485.000000000000       -1.04625813940482     
   486.000000000000       -1.04627514112654     
   487.000000000000       -1.04629092000959     
   488.000000000000       -1.04630547991380     
   489.000000000000       -1.04631882484080     
   490.000000000000       -1.04633095887894     
   491.000000000000       -1.04634188673658     
   492.000000000000       -1.04635161302408     
   493.000000000000       -1.04636014271514     
   494.000000000000       -1.04636748119106     
   495.000000000000       -1.04637363369880     
   496.000000000000       -1.04637860605163     
   497.000000000000       -1.04638240416108     
   498.000000000000       -1.04638503397991     
   499.000000000000       -1.04638650202967     
   500.000000000000       -1.04638681469437     
   501.000000000000       -1.04638597867262     
   502.000000000000       -1.04638400102494     
   503.000000000000       -1.04638088863825     
   504.000000000000       -1.04637664891612     
   505.000000000000       -1.04637128932059     
   506.000000000000       -1.04636481731323     
   507.000000000000       -1.04635724087720     
   508.000000000000       -1.04634856782223     
   509.000000000000       -1.04633880622792     
   510.000000000000       -1.04632796449393     
   511.000000000000       -1.04631605081083     
   512.000000000000       -1.04630307384017     
   513.000000000000       -1.04628904226596     
   514.000000000000       -1.04627396473385     
   515.000000000000       -1.04625785036793     
   516.000000000000       -1.04624070808660     
   517.000000000000       -1.04622254703737     
   518.000000000000       -1.04620337664985     
   519.000000000000       -1.04618320611273     
   520.000000000000       -1.04616204504405     
   521.000000000000       -1.04613990305201     
   522.000000000000       -1.04611678967237     
   523.000000000000       -1.04609271488008     
   524.000000000000       -1.04606768841584     
   525.000000000000       -1.04604172021254     
   526.000000000000       -1.04601482045103     
   527.000000000000       -1.04598699904307     
   528.000000000000       -1.04595826629201     
   529.000000000000       -1.04592863246276     
   530.000000000000       -1.04589810771737     
   531.000000000000       -1.04586670262174     
   532.000000000000       -1.04583442748241     
   533.000000000000       -1.04580129276508     
   534.000000000000       -1.04576730915290     
   535.000000000000       -1.04573248703529     
   536.000000000000       -1.04569683715935     
   537.000000000000       -1.04566037020863     
   538.000000000000       -1.04562309673697     
   539.000000000000       -1.04558502767047     
   540.000000000000       -1.04554617365418     
   541.000000000000       -1.04550654546287     
   542.000000000000       -1.04546615406188     
   543.000000000000       -1.04542501010149     
   544.000000000000       -1.04538312455946     
   545.000000000000       -1.04534050832823     
   546.000000000000       -1.04529717214714     
   547.000000000000       -1.04525312709971     
   548.000000000000       -1.04520838397001     
   549.000000000000       -1.04516295364588     
   550.000000000000       -1.04511684718218     
   551.000000000000       -1.04507007530068     
   552.000000000000       -1.04502264902380     
   553.000000000000       -1.04497457927015     
   554.000000000000       -1.04492587678507     
   555.000000000000       -1.04487655263339     
   556.000000000000       -1.04482661756516     
   557.000000000000       -1.04477608241145     
   558.000000000000       -1.04472495815015     
   559.000000000000       -1.04467325541092     
   560.000000000000       -1.04462098510062     
   561.000000000000       -1.04456815800675     
   562.000000000000       -1.04451478472644     
   563.000000000000       -1.04446087615478     
   564.000000000000       -1.04440644285962     
   565.000000000000       -1.04435149547023     
   566.000000000000       -1.04429604474539     
   567.000000000000       -1.04424010108343     
   568.000000000000       -1.04418367513939     
   569.000000000000       -1.04412677743629     
   570.000000000000       -1.04406941829249     
   571.000000000000       -1.04401160830573     
   572.000000000000       -1.04395335773673     
   573.000000000000       -1.04389467689089     
   574.000000000000       -1.04383557618858     
   575.000000000000       -1.04377606568010     
   576.000000000000       -1.04371615565487     
   577.000000000000       -1.04365585626018     
   578.000000000000       -1.04359517742698     
   579.000000000000       -1.04353412934979     
   580.000000000000       -1.04347272187876     
   581.000000000000       -1.04341096489463     
   582.000000000000       -1.04334886838114     
   583.000000000000       -1.04328644194476     
   584.000000000000       -1.04322369541606     
   585.000000000000       -1.04316063847577     
   586.000000000000       -1.04309728057900     
   587.000000000000       -1.04303363143117     
   588.000000000000       -1.04296970038817     
   589.000000000000       -1.04290549682481     
   590.000000000000       -1.04284103020933     
   591.000000000000       -1.04277630962763     
   592.000000000000       -1.04271134437709     
   593.000000000000       -1.04264614359973     
   594.000000000000       -1.04258071620487     
   595.000000000000       -1.04251507134108     
   596.000000000000       -1.04244921780438     
   597.000000000000       -1.04238316440021     
   598.000000000000       -1.04231692001995     
   599.000000000000       -1.04225049316956     
   600.000000000000       -1.04218389255610     
   601.000000000000       -1.04211712672763     
   602.000000000000       -1.04205020399441     
   603.000000000000       -1.04198313289698     
   604.000000000000       -1.04191592162213     
   605.000000000000       -1.04184857835854     
   606.000000000000       -1.04178111137530     
   607.000000000000       -1.04171352855475     
   608.000000000000       -1.04164583797185     
   609.000000000000       -1.04157804754073     
   610.000000000000       -1.04151016493436     
   611.000000000000       -1.04144219804891     
   612.000000000000       -1.04137415442720     
   613.000000000000       -1.04130604160817     
   614.000000000000       -1.04123786720737     
   615.000000000000       -1.04116963845385     
   616.000000000000       -1.04110136276252     
   617.000000000000       -1.04103304738718     
   618.000000000000       -1.04096469933873     
   619.000000000000       -1.04089632584577     
   620.000000000000       -1.04082793378543     
   621.000000000000       -1.04075953002677     
   622.000000000000       -1.04069112151312     
   623.000000000000       -1.04062271480299     
   624.000000000000       -1.04055431663552     
   625.000000000000       -1.04048593358983     
   626.000000000000       -1.04041757200176     
   627.000000000000       -1.04034923842084     
   628.000000000000       -1.04028093904819     
   629.000000000000       -1.04021268007416     
   630.000000000000       -1.04014446776226     
   631.000000000000       -1.04007630799410     
   632.000000000000       -1.04000820682807     
   633.000000000000       -1.03994017016477     
   634.000000000000       -1.03987220366235     
   635.000000000000       -1.03980431318989     
   636.000000000000       -1.03973650427231     
   637.000000000000       -1.03966878242208     
   638.000000000000       -1.03960115322504     
   639.000000000000       -1.03953362188899     
   640.000000000000       -1.03946619379581     
   641.000000000000       -1.03939887417294     
   642.000000000000       -1.03933166800711     
   643.000000000000       -1.03926458049444     
   644.000000000000       -1.03919761649192     
   645.000000000000       -1.03913078084357     
   646.000000000000       -1.03906407846790     
   647.000000000000       -1.03899751391011     
   648.000000000000       -1.03893109188787     
   649.000000000000       -1.03886481696848     
   650.000000000000       -1.03879869348130     
   651.000000000000       -1.03873272596435     
   652.000000000000       -1.03866691862235     
   653.000000000000       -1.03860127564746     
   654.000000000000       -1.03853580130822     
   655.000000000000       -1.03847049950533     
   656.000000000000       -1.03840537431120     
   657.000000000000       -1.03834042965269     
   658.000000000000       -1.03827566922213     
   659.000000000000       -1.03821109692064     
   660.000000000000       -1.03814671632253     
   661.000000000000       -1.03808253099058     
   662.000000000000       -1.03801854456658     
   663.000000000000       -1.03795476033059     
   664.000000000000       -1.03789118173424     
   665.000000000000       -1.03782781208907     
   666.000000000000       -1.03776465447609     
   667.000000000000       -1.03770171218585     
   668.000000000000       -1.03763898818907     
   669.000000000000       -1.03757648544661     
   670.000000000000       -1.03751420700152     
   671.000000000000       -1.03745215554165     
   672.000000000000       -1.03739033392694     
   673.000000000000       -1.03732874488306     
   674.000000000000       -1.03726739090969     
   675.000000000000       -1.03720627471730     
   676.000000000000       -1.03714539870387     
   677.000000000000       -1.03708476525971     
   678.000000000000       -1.03702437686091     
   679.000000000000       -1.03696423563524     
   680.000000000000       -1.03690434388352     
   681.000000000000       -1.03684470377852     
   682.000000000000       -1.03678531727188     
   683.000000000000       -1.03672618652771     
   684.000000000000       -1.03666731340526     
   685.000000000000       -1.03660869975861     
   686.000000000000       -1.03655034753156     
   687.000000000000       -1.03649225832675     
   688.000000000000       -1.03643443392118     
   689.000000000000       -1.03637687597027     
   690.000000000000       -1.03631958591336     
   691.000000000000       -1.03626256540431     
   692.000000000000       -1.03620581579991     
   693.000000000000       -1.03614933845456     
   694.000000000000       -1.03609313481658     
   695.000000000000       -1.03603720600040     
   696.000000000000       -1.03598155329638     
   697.000000000000       -1.03592617787995     
   698.000000000000       -1.03587108071569     
   699.000000000000       -1.03581626298493     
   700.000000000000       -1.03576172557982     
   701.000000000000       -1.03570746939313     
   702.000000000000       -1.03565349541585     
   703.000000000000       -1.03559980431240     
   704.000000000000       -1.03554639692498     
   705.000000000000       -1.03549327398747     
   706.000000000000       -1.03544043602828     
   707.000000000000       -1.03538788379493     
   708.000000000000       -1.03533561775368     
   709.000000000000       -1.03528363837448     
   710.000000000000       -1.03523194622988     
   711.000000000000       -1.03518054157328     
   712.000000000000       -1.03512942483769     
   713.000000000000       -1.03507859635447     
   714.000000000000       -1.03502805625491     
   715.000000000000       -1.03497780489182     
   716.000000000000       -1.03492784234463     
   717.000000000000       -1.03487816869957     
   718.000000000000       -1.03482878414988     
   719.000000000000       -1.03477968857695     
   720.000000000000       -1.03473088204373     
   721.000000000000       -1.03468236451807     
   722.000000000000       -1.03463413577312     
   723.000000000000       -1.03458619580600     
   724.000000000000       -1.03453854434817     
   725.000000000000       -1.03449118114103     
   726.000000000000       -1.03444410603735     
   727.000000000000       -1.03439731858520     
   728.000000000000       -1.03435081851614     
   729.000000000000       -1.03430460547312     
   730.000000000000       -1.03425867890964     
   731.000000000000       -1.03421303850554     
   732.000000000000       -1.03416768368266     
   733.000000000000       -1.03412261387577     
   734.000000000000       -1.03407782863524     
   735.000000000000       -1.03403332721384     
   736.000000000000       -1.03398910904963     
   737.000000000000       -1.03394517349839     
   738.000000000000       -1.03390151973160     
   739.000000000000       -1.03385814714933     
   740.000000000000       -1.03381505490109     
   741.000000000000       -1.03377224215227     
   742.000000000000       -1.03372970818795     
   743.000000000000       -1.03368745200243     
   744.000000000000       -1.03364547277705     
   745.000000000000       -1.03360376961704     
   746.000000000000       -1.03356234144822     
   747.000000000000       -1.03352118742719     
   748.000000000000       -1.03348030646722     
   749.000000000000       -1.03343969750019     
   750.000000000000       -1.03339935958159     
   751.000000000000       -1.03335929148283     
   752.000000000000       -1.03331949216388     
   753.000000000000       -1.03327996051454     
   754.000000000000       -1.03324069524996     
   755.000000000000       -1.03320169531806     
   756.000000000000       -1.03316295943035     
   757.000000000000       -1.03312448631962     
   758.000000000000       -1.03308627484595     
   759.000000000000       -1.03304832359170     
   760.000000000000       -1.03301063132926     
   761.000000000000       -1.03297319676651     
   762.000000000000       -1.03293601844118     
   763.000000000000       -1.03289909512559     
   764.000000000000       -1.03286242536236     
   765.000000000000       -1.03282600771776     
   766.000000000000       -1.03278984088888     
   767.000000000000       -1.03275392330118     
   768.000000000000       -1.03271825357140     
   769.000000000000       -1.03268283025716     
   770.000000000000       -1.03264765175023     
   771.000000000000       -1.03261271667858     
   772.000000000000       -1.03257802344686     
   773.000000000000       -1.03254357048556     
   774.000000000000       -1.03250935635927     
   775.000000000000       -1.03247537936678     
   776.000000000000       -1.03244163799917     
   777.000000000000       -1.03240813069353     
   778.000000000000       -1.03237485572517     
   779.000000000000       -1.03234181160694     
   780.000000000000       -1.03230899663451     
   781.000000000000       -1.03227640913133     
   782.000000000000       -1.03224404755797     
   783.000000000000       -1.03221191011474     
   784.000000000000       -1.03217999519504     
   785.000000000000       -1.03214830114317     
   786.000000000000       -1.03211682614536     
   787.000000000000       -1.03208556862658     
   788.000000000000       -1.03205452680039     
   789.000000000000       -1.03202369890991     
   790.000000000000       -1.03199308333806     
   791.000000000000       -1.03196267821282     
   792.000000000000       -1.03193248185581     
   793.000000000000       -1.03190249254412     
   794.000000000000       -1.03187270840025     
   795.000000000000       -1.03184312778639     
   796.000000000000       -1.03181374885882     
   797.000000000000       -1.03178456980486     
   798.000000000000       -1.03175558895409     
   799.000000000000       -1.03172680438617     
   800.000000000000       -1.03169821437472     
   801.000000000000       -1.03166981715310     
   802.000000000000       -1.03164161080333     
   803.000000000000       -1.03161359364780     
   804.000000000000       -1.03158576380816     
   805.000000000000       -1.03155811943840     
   806.000000000000       -1.03153065883698     
   807.000000000000       -1.03150338005705     
   808.000000000000       -1.03147628134595     
   809.000000000000       -1.03144936091467     
   810.000000000000       -1.03142261682585     
   811.000000000000       -1.03139604738296     
   812.000000000000       -1.03136965069363     
   813.000000000000       -1.03134342489882     
   814.000000000000       -1.03131736828595     
   815.000000000000       -1.03129147890150     
   816.000000000000       -1.03126575498604     
   817.000000000000       -1.03124019474752     
   818.000000000000       -1.03121479624821     
   819.000000000000       -1.03118955779145     
   820.000000000000       -1.03116447748934     
   821.000000000000       -1.03113955348810     
   822.000000000000       -1.03111478408212     
   823.000000000000       -1.03109016732892     
   824.000000000000       -1.03106570147986     
   825.000000000000       -1.03104138475705     
   826.000000000000       -1.03101721523939     
   827.000000000000       -1.03099319124686     
   828.000000000000       -1.03096931091249     
   829.000000000000       -1.03094557240403     
   830.000000000000       -1.03092197403882     
   831.000000000000       -1.03089851390118     
   832.000000000000       -1.03087519026873     
   833.000000000000       -1.03085200139304     
   834.000000000000       -1.03082894538464     
   835.000000000000       -1.03080602059493     
   836.000000000000       -1.03078322519241     
   837.000000000000       -1.03076055738061     
   838.000000000000       -1.03073801551392     
   839.000000000000       -1.03071559771726     
   840.000000000000       -1.03069330230810     
   841.000000000000       -1.03067112758081     
   842.000000000000       -1.03064907169063     
   843.000000000000       -1.03062713303330     
   844.000000000000       -1.03060530982541     
   845.000000000000       -1.03058360031872     
   846.000000000000       -1.03056200291685     
   847.000000000000       -1.03054051579725     
   848.000000000000       -1.03051913732906     
   849.000000000000       -1.03049786586090     
   850.000000000000       -1.03047669960406     
   851.000000000000       -1.03045563700967     
   852.000000000000       -1.03043467635325     
   853.000000000000       -1.03041381594545     
   854.000000000000       -1.03039305424954     
   855.000000000000       -1.03037238950571     
   856.000000000000       -1.03035182014474     
   857.000000000000       -1.03033134457931     
   858.000000000000       -1.03031096108628     
   859.000000000000       -1.03029066818161     
   860.000000000000       -1.03027046420888     
   861.000000000000       -1.03025034754654     
   862.000000000000       -1.03023031672632     
   863.000000000000       -1.03021037005963     
   864.000000000000       -1.03019050604727     
   865.000000000000       -1.03017072317415     
   866.000000000000       -1.03015101979062     
   867.000000000000       -1.03013139448519     
   868.000000000000       -1.03011184567711     
   869.000000000000       -1.03009237182001     
   870.000000000000       -1.03007297152120     
   871.000000000000       -1.03005364317035     
   872.000000000000       -1.03003438534508     
   873.000000000000       -1.03001519660907     
   874.000000000000       -1.02999607539266     
   875.000000000000       -1.02997702036319     
   876.000000000000       -1.02995803002155     
   877.000000000000       -1.02993910290250     
   878.000000000000       -1.02992023769465     
   879.000000000000       -1.02990143287143     
   880.000000000000       -1.02988268709265     
   881.000000000000       -1.02986399900600     
   882.000000000000       -1.02984536712678     
   883.000000000000       -1.02982679020602     
   884.000000000000       -1.02980826683096     
   885.000000000000       -1.02978979562195     
   886.000000000000       -1.02977137535334     
   887.000000000000       -1.02975300458645     
   888.000000000000       -1.02973468206735     
   889.000000000000       -1.02971640653160     
   890.000000000000       -1.02969817658316     
   891.000000000000       -1.02967999106037     
   892.000000000000       -1.02966184864018     
   893.000000000000       -1.02964374803185     
   894.000000000000       -1.02962568809850     
   895.000000000000       -1.02960766749235     
   896.000000000000       -1.02958968504853     
   897.000000000000       -1.02957173959314     
   898.000000000000       -1.02955382982136     
   899.000000000000       -1.02953595466117     
   900.000000000000       -1.02951811288149     
   901.000000000000       -1.02950030328261     
   902.000000000000       -1.02948252481844     
   903.000000000000       -1.02946477623385     
   904.000000000000       -1.02944705645481     
   905.000000000000       -1.02942936439950     
   906.000000000000       -1.02941169885572     
   907.000000000000       -1.02939405884247     
   908.000000000000       -1.02937644322184     
   909.000000000000       -1.02935885088614     
   910.000000000000       -1.02934128088102     
   911.000000000000       -1.02932373204489     
   912.000000000000       -1.02930620339518     
   913.000000000000       -1.02928869394279     
   914.000000000000       -1.02927120256855     
   915.000000000000       -1.02925372838290     
   916.000000000000       -1.02923627034125     
   917.000000000000       -1.02921882742812     
   918.000000000000       -1.02920139878091     
   919.000000000000       -1.02918398333141     
   920.000000000000       -1.02916658018839     
   921.000000000000       -1.02914918845510     
   922.000000000000       -1.02913180710506     
   923.000000000000       -1.02911443533956     
   924.000000000000       -1.02909707220675     
   925.000000000000       -1.02907971678265     
   926.000000000000       -1.02906236829561     
   927.000000000000       -1.02904502576986     
   928.000000000000       -1.02902768840451     
   929.000000000000       -1.02901035539410     
   930.000000000000       -1.02899302580360     
   931.000000000000       -1.02897569892393     
   932.000000000000       -1.02895837389457     
   933.000000000000       -1.02894104988158     
   934.000000000000       -1.02892372620274     
   935.000000000000       -1.02890640197311     
   936.000000000000       -1.02888907648045     
   937.000000000000       -1.02887174900872     
   938.000000000000       -1.02885441871253     
   939.000000000000       -1.02883708497048     
   940.000000000000       -1.02881974701136     
   941.000000000000       -1.02880240408918     
   942.000000000000       -1.02878505560896     
   943.000000000000       -1.02876770077431     
   944.000000000000       -1.02875033895934     
   945.000000000000       -1.02873296953510     
   946.000000000000       -1.02871559174332     
   947.000000000000       -1.02869820504775     
   948.000000000000       -1.02868080876392     
   949.000000000000       -1.02866340223111     
   950.000000000000       -1.02864598493889     
   951.000000000000       -1.02862855617664     
   952.000000000000       -1.02861111540195     
   953.000000000000       -1.02859366207006     
   954.000000000000       -1.02857619550684     
   955.000000000000       -1.02855871525822     
   956.000000000000       -1.02854122072336     
   957.000000000000       -1.02852371132370     
   958.000000000000       -1.02850618663017     
   959.000000000000       -1.02848864601465     
   960.000000000000       -1.02847108901496     
   961.000000000000       -1.02845351516721     
   962.000000000000       -1.02843592387801     
   963.000000000000       -1.02841831477203     
   964.000000000000       -1.02840068732857     
   965.000000000000       -1.02838304104771     
   966.000000000000       -1.02836537557816     
   967.000000000000       -1.02834769037071     
   968.000000000000       -1.02832998503980     
   969.000000000000       -1.02831225919860     
   970.000000000000       -1.02829451233081     
   971.000000000000       -1.02827674413605     
   972.000000000000       -1.02825895416996     
   973.000000000000       -1.02824114200741     
   974.000000000000       -1.02822330737104     
   975.000000000000       -1.02820544978661     
   976.000000000000       -1.02818756894119     
   977.000000000000       -1.02816966452113     
   978.000000000000       -1.02815173608313     
   979.000000000000       -1.02813378339778     
   980.000000000000       -1.02811580609293     
   981.000000000000       -1.02809780381417     
   982.000000000000       -1.02807977635394     
   983.000000000000       -1.02806172330881     
   984.000000000000       -1.02804364443435     
   985.000000000000       -1.02802553948583     
   986.000000000000       -1.02800740808875     
   987.000000000000       -1.02798925008044     
   988.000000000000       -1.02797106515669     
   989.000000000000       -1.02795285302952     
   990.000000000000       -1.02793461355689     
   991.000000000000       -1.02791634640182     
   992.000000000000       -1.02789805138403     
   993.000000000000       -1.02787972832341     
   994.000000000000       -1.02786137690984     
   995.000000000000       -1.02784299704300     
   996.000000000000       -1.02782458848223     
   997.000000000000       -1.02780615100154     
   998.000000000000       -1.02778768452001     
   999.000000000000       -1.02776918876262     
   1000.00000000000       -1.02775066360885     
