  0.000000000000000E+000   1.00000000000000     
   1.00000000000000       0.996800023821022     
   2.00000000000000       0.987903182853071     
   3.00000000000000       0.974249364172875     
   4.00000000000000       0.956977364988707     
   5.00000000000000       0.937226496647995     
   6.00000000000000       0.916029947865621     
   7.00000000000000       0.894257754552175     
   8.00000000000000       0.872597618690253     
   9.00000000000000       0.851562230070292     
   10.0000000000000       0.831510985577399     
   11.0000000000000       0.812677059821538     
   12.0000000000000       0.795194359843443     
   13.0000000000000       0.779121547766888     
   14.0000000000000       0.764462247939520     
   15.0000000000000       0.751181315574398     
   16.0000000000000       0.739217519537588     
   17.0000000000000       0.728493263481371     
   18.0000000000000       0.718921797848070     
   19.0000000000000       0.710412478112151     
   20.0000000000000       0.702874523021686     
   21.0000000000000       0.696219555035080     
   22.0000000000000       0.690363291587384     
   23.0000000000000       0.685226575559278     
   24.0000000000000       0.680735903492328     
   25.0000000000000       0.676823649869672     
   26.0000000000000       0.673428027595228     
   27.0000000000000       0.670492893051197     
   28.0000000000000       0.667967470802104     
   29.0000000000000       0.665805989949203     
   30.0000000000000       0.663967313440199     
   31.0000000000000       0.662414558053066     
   32.0000000000000       0.661114703972002     
   33.0000000000000       0.660038244586179     
   34.0000000000000       0.659158840339720     
   35.0000000000000       0.658452997855707     
   36.0000000000000       0.657899789040228     
   37.0000000000000       0.657480575214848     
   38.0000000000000       0.657178770097412     
   39.0000000000000       0.656979625639931     
   40.0000000000000       0.656870027050598     
   41.0000000000000       0.656838325212209     
   42.0000000000000       0.656874175418592     
   43.0000000000000       0.656968392818423     
   44.0000000000000       0.657112833856661     
   45.0000000000000       0.657300276160015     
   46.0000000000000       0.657524320805275     
   47.0000000000000       0.657779305572247     
   48.0000000000000       0.658060218142966     
   49.0000000000000       0.658362631242594     
   50.0000000000000       0.658682636602267     
   51.0000000000000       0.659016785575245     
   52.0000000000000       0.659362044714781     
   53.0000000000000       0.659715745027810     
   54.0000000000000       0.660075544015025     
   55.0000000000000       0.660439392429307     
   56.0000000000000       0.660805496916677     
   57.0000000000000       0.661172296765083     
   58.0000000000000       0.661538436663054     
   59.0000000000000       0.661902741762343     
   60.0000000000000       0.662264202504094     
   61.0000000000000       0.662621951907050     
   62.0000000000000       0.662975251166286     
   63.0000000000000       0.663323477443846     
   64.0000000000000       0.663666106416695     
   65.0000000000000       0.664002705096778     
   66.0000000000000       0.664332920047428     
   67.0000000000000       0.664656466179642     
   68.0000000000000       0.664973122815126     
   69.0000000000000       0.665282722379457     
   70.0000000000000       0.665585145216995     
   71.0000000000000       0.665880315625249     
   72.0000000000000       0.666168192621808     
   73.0000000000000       0.666448768927972     
   74.0000000000000       0.666722065506510     
   75.0000000000000       0.666988126006728     
   76.0000000000000       0.667247017142647     
   77.0000000000000       0.667498822269130     
   78.0000000000000       0.667743639879018     
   79.0000000000000       0.667981582939491     
   80.0000000000000       0.668212773271096     
   81.0000000000000       0.668437342888545     
   82.0000000000000       0.668655431257605     
   83.0000000000000       0.668867182188661     
   84.0000000000000       0.669072745842113     
   85.0000000000000       0.669272274544491     
   86.0000000000000       0.669465922771529     
   87.0000000000000       0.669653847809869     
   88.0000000000000       0.669836205835884     
   89.0000000000000       0.670013154094365     
   90.0000000000000       0.670184849372258     
   91.0000000000000       0.670351445996685     
   92.0000000000000       0.670513098375284     
   93.0000000000000       0.670669957905855     
   94.0000000000000       0.670822173526591     
   95.0000000000000       0.670969892871047     
   96.0000000000000       0.671113259198484     
   97.0000000000000       0.671252413782635     
   98.0000000000000       0.671387494941219     
   99.0000000000000       0.671518636545257     
   100.000000000000       0.671645970643008     
   101.000000000000       0.671769624940492     
   102.000000000000       0.671889723527821     
   103.000000000000       0.672006388173298     
   104.000000000000       0.672119735714737     
   105.000000000000       0.672229880405394     
   106.000000000000       0.672336933203654     
   107.000000000000       0.672441000528581     
   108.000000000000       0.672542186790945     
   109.000000000000       0.672640592201007     
   110.000000000000       0.672736313510412     
   111.000000000000       0.672829445300973     
   112.000000000000       0.672920077653607     
   113.000000000000       0.673008298360728     
   114.000000000000       0.673094192344529     
   115.000000000000       0.673177840540921     
   116.000000000000       0.673259322279385     
   117.000000000000       0.673338713301655     
   118.000000000000       0.673416086459069     
   119.000000000000       0.673491512942820     
   120.000000000000       0.673565060141587     
   121.000000000000       0.673636793697735     
   122.000000000000       0.673706776995791     
   123.000000000000       0.673775070122364     
   124.000000000000       0.673841732085218     
   125.000000000000       0.673906818984575     
   126.000000000000       0.673970384648135     
   127.000000000000       0.674032481787992     
   128.000000000000       0.674093160001227     
   129.000000000000       0.674152467674035     
   130.000000000000       0.674210451514432     
   131.000000000000       0.674267155564672     
   132.000000000000       0.674322623268462     
   133.000000000000       0.674376895763553     
   134.000000000000       0.674430012453713     
   135.000000000000       0.674482012092936     
   136.000000000000       0.674532930903521     
   137.000000000000       0.674582804341567     
   138.000000000000       0.674631666662359     
   139.000000000000       0.674679549974577     
   140.000000000000       0.674726486170561     
   141.000000000000       0.674772505321682     
   142.000000000000       0.674817636192850     
   143.000000000000       0.674861907260287     
   144.000000000000       0.674905344931359     
   145.000000000000       0.674947975187024     
   146.000000000000       0.674989823174675     
   147.000000000000       0.675030912299056     
   148.000000000000       0.675071266031211     
   149.000000000000       0.675110906394503     
   150.000000000000       0.675149854428881     
   151.000000000000       0.675188131149901     
   152.000000000000       0.675225755859464     
   153.000000000000       0.675262747680013     
   154.000000000000       0.675299125172310     
   155.000000000000       0.675334905460241     
   156.000000000000       0.675370105932879     
   157.000000000000       0.675404742812176     
   158.000000000000       0.675438831574029     
   159.000000000000       0.675472387855901     
   160.000000000000       0.675505425850103     
   161.000000000000       0.675537959742800     
   162.000000000000       0.675570003355163     
   163.000000000000       0.675601569300164     
   164.000000000000       0.675632670590223     
   165.000000000000       0.675663319279386     
   166.000000000000       0.675693526847279     
   167.000000000000       0.675723305061786     
   168.000000000000       0.675752664447889     
   169.000000000000       0.675781615642609     
   170.000000000000       0.675810169058300     
   171.000000000000       0.675838334069741     
   172.000000000000       0.675866120537991     
   173.000000000000       0.675893537520855     
   174.000000000000       0.675920593624812     
   175.000000000000       0.675947297828163     
   176.000000000000       0.675973658019343     
   177.000000000000       0.675999682277147     
   178.000000000000       0.676025378554966     
   179.000000000000       0.676050753896558     
   180.000000000000       0.676075815885040     
   181.000000000000       0.676100571416150     
   182.000000000000       0.676125027022324     
   183.000000000000       0.676149189660782     
   184.000000000000       0.676173065315877     
   185.000000000000       0.676196660212450     
   186.000000000000       0.676219980519813     
   187.000000000000       0.676243031594566     
   188.000000000000       0.676265819362268     
   189.000000000000       0.676288349148563     
   190.000000000000       0.676310625978779     
   191.000000000000       0.676332655334677     
   192.000000000000       0.676354441815924     
   193.000000000000       0.676375990293195     
   194.000000000000       0.676397305630692     
   195.000000000000       0.676418391954407     
   196.000000000000       0.676439253972854     
   197.000000000000       0.676459895861593     
   198.000000000000       0.676480321541142     
   199.000000000000       0.676500535405476     
   200.000000000000       0.676520541038160     
   201.000000000000       0.676540342310833     
   202.000000000000       0.676559943123076     
   203.000000000000       0.676579346694541     
   204.000000000000       0.676598556830220     
   205.000000000000       0.676617576854329     
   206.000000000000       0.676636409868812     
   207.000000000000       0.676655059456196     
   208.000000000000       0.676673528446345     
   209.000000000000       0.676691819965143     
   210.000000000000       0.676709937190560     
   211.000000000000       0.676727882667161     
   212.000000000000       0.676745659520609     
   213.000000000000       0.676763270437245     
   214.000000000000       0.676780717905107     
   215.000000000000       0.676798004893337     
   216.000000000000       0.676815133665905     
   217.000000000000       0.676832106784645     
   218.000000000000       0.676848926880435     
   219.000000000000       0.676865595988669     
   220.000000000000       0.676882116717072     
   221.000000000000       0.676898491267693     
   222.000000000000       0.676914721662009     
   223.000000000000       0.676930810398817     
   224.000000000000       0.676946759311582     
   225.000000000000       0.676962570529464     
   226.000000000000       0.676978246262594     
   227.000000000000       0.676993788157172     
   228.000000000000       0.677009198420186     
   229.000000000000       0.677024478880807     
   230.000000000000       0.677039631200968     
   231.000000000000       0.677054657513368     
   232.000000000000       0.677069559319441     
   233.000000000000       0.677084338411571     
   234.000000000000       0.677098996671492     
   235.000000000000       0.677113535443800     
   236.000000000000       0.677127956620716     
   237.000000000000       0.677142261740176     
   238.000000000000       0.677156452183077     
   239.000000000000       0.677170529792816     
   240.000000000000       0.677184495811175     
   241.000000000000       0.677198351764513     
   242.000000000000       0.677212099274426     
   243.000000000000       0.677225739448529     
   244.000000000000       0.677239273928069     
   245.000000000000       0.677252704020259     
   246.000000000000       0.677266030883202     
   247.000000000000       0.677279256128259     
   248.000000000000       0.677292380791345     
   249.000000000000       0.677305406185631     
   250.000000000000       0.677318333723647     
   251.000000000000       0.677331164324275     
   252.000000000000       0.677343899425724     
   253.000000000000       0.677356540149876     
   254.000000000000       0.677369087475792     
   255.000000000000       0.677381542826033     
   256.000000000000       0.677393907071141     
   257.000000000000       0.677406181351059     
   258.000000000000       0.677418366907954     
   259.000000000000       0.677430464508449     
   260.000000000000       0.677442475424228     
   261.000000000000       0.677454400626330     
   262.000000000000       0.677466240948069     
   263.000000000000       0.677477997656310     
   264.000000000000       0.677489671487079     
   265.000000000000       0.677501263437729     
   266.000000000000       0.677512774609804     
   267.000000000000       0.677524205645611     
   268.000000000000       0.677535557678482     
   269.000000000000       0.677546831555191     
   270.000000000000       0.677558027988971     
   271.000000000000       0.677569148116690     
   272.000000000000       0.677580192563698     
   273.000000000000       0.677591162208573     
   274.000000000000       0.677602058035389     
   275.000000000000       0.677612880583831     
   276.000000000000       0.677623630870942     
   277.000000000000       0.677634309639968     
   278.000000000000       0.677644917504133     
   279.000000000000       0.677655455490532     
   280.000000000000       0.677665924132498     
   281.000000000000       0.677676324208595     
   282.000000000000       0.677686656603716     
   283.000000000000       0.677696921771987     
   284.000000000000       0.677707120631664     
   285.000000000000       0.677717253838878     
   286.000000000000       0.677727321922742     
   287.000000000000       0.677737325816700     
   288.000000000000       0.677747265976881     
   289.000000000000       0.677757143096813     
   290.000000000000       0.677766957976838     
   291.000000000000       0.677776710999111     
   292.000000000000       0.677786402997180     
   293.000000000000       0.677796034553217     
   294.000000000000       0.677805606124969     
   295.000000000000       0.677815118565274     
   296.000000000000       0.677824572264938     
   297.000000000000       0.677833967844565     
   298.000000000000       0.677843306031798     
   299.000000000000       0.677852587147791     
   300.000000000000       0.677861811952846     
   301.000000000000       0.677870980965842     
   302.000000000000       0.677880094583510     
   303.000000000000       0.677889153588747     
   304.000000000000       0.677898158316697     
   305.000000000000       0.677907109324944     
   306.000000000000       0.677916007278163     
   307.000000000000       0.677924852445434     
   308.000000000000       0.677933645523259     
   309.000000000000       0.677942386975976     
   310.000000000000       0.677951077147800     
   311.000000000000       0.677959716760513     
   312.000000000000       0.677968306101527     
   313.000000000000       0.677976845673603     
   314.000000000000       0.677985336086501     
   315.000000000000       0.677993777564596     
   316.000000000000       0.678002170748453     
   317.000000000000       0.678010516055121     
   318.000000000000       0.678018813783350     
   319.000000000000       0.678027064601177     
   320.000000000000       0.678035268754859     
   321.000000000000       0.678043426699189     
   322.000000000000       0.678051538995748     
   323.000000000000       0.678059605830341     
   324.000000000000       0.678067627794195     
   325.000000000000       0.678075605263149     
   326.000000000000       0.678083538496377     
   327.000000000000       0.678091428114395     
   328.000000000000       0.678099274327815     
   329.000000000000       0.678107077549227     
   330.000000000000       0.678114838297729     
   331.000000000000       0.678122556725692     
   332.000000000000       0.678130233380615     
   333.000000000000       0.678137868602240     
   334.000000000000       0.678145462615148     
   335.000000000000       0.678153015997627     
   336.000000000000       0.678160528929278     
   337.000000000000       0.678168001785396     
   338.000000000000       0.678175435047436     
   339.000000000000       0.678182828838694     
   340.000000000000       0.678190183667718     
   341.000000000000       0.678197499842501     
   342.000000000000       0.678204777557264     
   343.000000000000       0.678212017352600     
   344.000000000000       0.678219219381049     
   345.000000000000       0.678226383984797     
   346.000000000000       0.678233511611813     
   347.000000000000       0.678240602360010     
   348.000000000000       0.678247656703105     
   349.000000000000       0.678254674921072     
   350.000000000000       0.678261657181389     
   351.000000000000       0.678268603990857     
   352.000000000000       0.678275515478326     
   353.000000000000       0.678282391956487     
   354.000000000000       0.678289233843400     
   355.000000000000       0.678296041214763     
   356.000000000000       0.678302814513025     
   357.000000000000       0.678309553993346     
   358.000000000000       0.678316259799565     
   359.000000000000       0.678322932408094     
   360.000000000000       0.678329571926981     
   361.000000000000       0.678336178642558     
   362.000000000000       0.678342752946070     
   363.000000000000       0.678349294893729     
   364.000000000000       0.678355804899812     
   365.000000000000       0.678362283197435     
   366.000000000000       0.678368729909497     
   367.000000000000       0.678375145484974     
   368.000000000000       0.678381530013617     
   369.000000000000       0.678387883758105     
   370.000000000000       0.678394207085582     
   371.000000000000       0.678400500035127     
   372.000000000000       0.678406762995558     
   373.000000000000       0.678412996180351     
   374.000000000000       0.678419199693808     
   375.000000000000       0.678425373960057     
   376.000000000000       0.678431519052712     
   377.000000000000       0.678437635213190     
   378.000000000000       0.678443722786891     
   379.000000000000       0.678449781797811     
   380.000000000000       0.678455812611679     
   381.000000000000       0.678461815424440     
   382.000000000000       0.678467790323830     
   383.000000000000       0.678473737711410     
   384.000000000000       0.678479657646555     
   385.000000000000       0.678485550351485     
   386.000000000000       0.678491416151952     
   387.000000000000       0.678497255058641     
   388.000000000000       0.678503067416296     
   389.000000000000       0.678508853405165     
   390.000000000000       0.678514613098207     
   391.000000000000       0.678520346876422     
   392.000000000000       0.678526054786593     
   393.000000000000       0.678531737033592     
   394.000000000000       0.678537393925339     
   395.000000000000       0.678543025460772     
   396.000000000000       0.678548631965504     
   397.000000000000       0.678554213605699     
   398.000000000000       0.678559770441109     
   399.000000000000       0.678565302833966     
   400.000000000000       0.678570810819884     
   401.000000000000       0.678576294588019     
   402.000000000000       0.678581754430084     
   403.000000000000       0.678587190334629     
   404.000000000000       0.678592602609781     
   405.000000000000       0.678597991409049     
   406.000000000000       0.678603356780357     
   407.000000000000       0.678608699068747     
   408.000000000000       0.678614018299946     
   409.000000000000       0.678619314648818     
   410.000000000000       0.678624588392307     
   411.000000000000       0.678629839509781     
   412.000000000000       0.678635068293344     
   413.000000000000       0.678640274885109     
   414.000000000000       0.678645459322386     
   415.000000000000       0.678650621934443     
   416.000000000000       0.678655762738232     
   417.000000000000       0.678660881895608     
   418.000000000000       0.678665979670029     
   419.000000000000       0.678671056032724     
   420.000000000000       0.678676111261090     
   421.000000000000       0.678681145486959     
   422.000000000000       0.678686158738108     
   423.000000000000       0.678691151329287     
   424.000000000000       0.678696123269661     
   425.000000000000       0.678701074709215     
   426.000000000000       0.678706005899060     
   427.000000000000       0.678710916803228     
   428.000000000000       0.678715807685570     
   429.000000000000       0.678720678668624     
   430.000000000000       0.678725529771598     
   431.000000000000       0.678730361295857     
   432.000000000000       0.678735173243645     
   433.000000000000       0.678739965754094     
   434.000000000000       0.678744739066993     
   435.000000000000       0.678749493139992     
   436.000000000000       0.678754228224455     
   437.000000000000       0.678758944434511     
   438.000000000000       0.678763641781641     
   439.000000000000       0.678768320554845     
   440.000000000000       0.678772980750220     
   441.000000000000       0.678777622496951     
   442.000000000000       0.678782246024418     
   443.000000000000       0.678786851284628     
   444.000000000000       0.678791438517396     
   445.000000000000       0.678796007829229     
   446.000000000000       0.678800559224641     
   447.000000000000       0.678805092981186     
   448.000000000000       0.678809609089491     
   449.000000000000       0.678814107669621     
   450.000000000000       0.678818588941364     
   451.000000000000       0.678823052851732     
   452.000000000000       0.678827499629840     
   453.000000000000       0.678831929375278     
   454.000000000000       0.678836342086271     
   455.000000000000       0.678840738029747     
   456.000000000000       0.678845117191487     
   457.000000000000       0.678849479683150     
   458.000000000000       0.678853825715685     
   459.000000000000       0.678858155231679     
   460.000000000000       0.678862468450328     
   461.000000000000       0.678866765464929     
   462.000000000000       0.678871046268018     
   463.000000000000       0.678875311116655     
   464.000000000000       0.678879559992302     
   465.000000000000       0.678883792998892     
   466.000000000000       0.678888010339192     
   467.000000000000       0.678892211951882     
   468.000000000000       0.678896398046924     
   469.000000000000       0.678900568711895     
   470.000000000000       0.678904723934191     
   471.000000000000       0.678908863961668     
   472.000000000000       0.678912988771963     
   473.000000000000       0.678917098461871     
   474.000000000000       0.678921193226589     
   475.000000000000       0.678925273001343     
   476.000000000000       0.678929337987502     
   477.000000000000       0.678933388267424     
   478.000000000000       0.678937423823847     
   479.000000000000       0.678941444896049     
   480.000000000000       0.678945451458264     
   481.000000000000       0.678949443600698     
   482.000000000000       0.678953421511522     
   483.000000000000       0.678957385122915     
   484.000000000000       0.678961334628227     
   485.000000000000       0.678965270105053     
   486.000000000000       0.678969191531914     
   487.000000000000       0.678973099140066     
   488.000000000000       0.678976992900731     
   489.000000000000       0.678980872898012     
   490.000000000000       0.678984739313546     
   491.000000000000       0.678988592076842     
   492.000000000000       0.678992431373746     
   493.000000000000       0.678996257277504     
   494.000000000000       0.679000069762809     
   495.000000000000       0.679003869053415     
   496.000000000000       0.679007655117876     
   497.000000000000       0.679011428034630     
   498.000000000000       0.679015187979243     
   499.000000000000       0.679018934878865     
   500.000000000000       0.679022668912323     
   501.000000000000       0.679026390148892     
   502.000000000000       0.679030098559795     
   503.000000000000       0.679033794361737     
   504.000000000000       0.679037477520916     
   505.000000000000       0.679041148110515     
   506.000000000000       0.679044806300433     
   507.000000000000       0.679048452015763     
   508.000000000000       0.679052085428751     
   509.000000000000       0.679055706605024     
   510.000000000000       0.679059315512659     
   511.000000000000       0.679062912361744     
   512.000000000000       0.679066497116400     
   513.000000000000       0.679070069844923     
   514.000000000000       0.679073630711921     
   515.000000000000       0.679077179640691     
   516.000000000000       0.679080716797290     
   517.000000000000       0.679084242244013     
   518.000000000000       0.679087755946076     
   519.000000000000       0.679091258107341     
   520.000000000000       0.679094748690107     
   521.000000000000       0.679098227758116     
   522.000000000000       0.679101695471019     
   523.000000000000       0.679105151750559     
   524.000000000000       0.679108596756977     
   525.000000000000       0.679112030549510     
   526.000000000000       0.679115453090771     
   527.000000000000       0.679118864578762     
   528.000000000000       0.679122264974177     
   529.000000000000       0.679125654336511     
   530.000000000000       0.679129032820780     
   531.000000000000       0.679132400347376     
   532.000000000000       0.679135757071067     
   533.000000000000       0.679139103048275     
   534.000000000000       0.679142438239256     
   535.000000000000       0.679145762836478     
   536.000000000000       0.679149076799233     
   537.000000000000       0.679152380183052     
   538.000000000000       0.679155673138605     
   539.000000000000       0.679158955585127     
   540.000000000000       0.679162227672212     
   541.000000000000       0.679165489453698     
   542.000000000000       0.679168740887706     
   543.000000000000       0.679171982161471     
   544.000000000000       0.679175213233068     
   545.000000000000       0.679178434154318     
   546.000000000000       0.679181645071811     
   547.000000000000       0.679184845903791     
   548.000000000000       0.679188036794965     
   549.000000000000       0.679191217796808     
   550.000000000000       0.679194388865490     
   551.000000000000       0.679197550183295     
   552.000000000000       0.679200701707247     
   553.000000000000       0.679203843485693     
   554.000000000000       0.679206975661378     
   555.000000000000       0.679210098151721     
   556.000000000000       0.679213211096814     
   557.000000000000       0.679216314545939     
   558.000000000000       0.679219408453494     
   559.000000000000       0.679222492997085     
   560.000000000000       0.679225568132826     
   561.000000000000       0.679228633905810     
   562.000000000000       0.679231690455168     
   563.000000000000       0.679234737697618     
   564.000000000000       0.679237775768880     
   565.000000000000       0.679240804716227     
   566.000000000000       0.679243824492452     
   567.000000000000       0.679246835270703     
   568.000000000000       0.679249837006334     
   569.000000000000       0.679252829741382     
   570.000000000000       0.679255813611563     
   571.000000000000       0.679258788533027     
   572.000000000000       0.679261754637348     
   573.000000000000       0.679264711969945     
   574.000000000000       0.679267660482149     
   575.000000000000       0.679270600342892     
   576.000000000000       0.679273531506868     
   577.000000000000       0.679276454013246     
   578.000000000000       0.679279367994522     
   579.000000000000       0.679282273366395     
   580.000000000000       0.679285170256498     
   581.000000000000       0.679288058708536     
   582.000000000000       0.679290938672518     
   583.000000000000       0.679293810313359     
   584.000000000000       0.679296673585221     
   585.000000000000       0.679299528524562     
   586.000000000000       0.679302375260838     
   587.000000000000       0.679305213709392     
   588.000000000000       0.679308043994114     
   589.000000000000       0.679310866157137     
   590.000000000000       0.679313680147265     
   591.000000000000       0.679316486125593     
   592.000000000000       0.679319284045834     
   593.000000000000       0.679322073941904     
   594.000000000000       0.679324855940376     
   595.000000000000       0.679327629956336     
   596.000000000000       0.679330396110114     
   597.000000000000       0.679333154442381     
   598.000000000000       0.679335904900854     
   599.000000000000       0.679338647642983     
   600.000000000000       0.679341382622131     
   601.000000000000       0.679344109869818     
   602.000000000000       0.679346829509882     
   603.000000000000       0.679349541457233     
   604.000000000000       0.679352245828801     
   605.000000000000       0.679354942663920     
   606.000000000000       0.679357631909324     
   607.000000000000       0.679360313718977     
   608.000000000000       0.679362988045979     
   609.000000000000       0.679365654919579     
   610.000000000000       0.679368314461024     
   611.000000000000       0.679370966585134     
   612.000000000000       0.679373611405593     
   613.000000000000       0.679376248960492     
   614.000000000000       0.679378879195674     
   615.000000000000       0.679381502261783     
   616.000000000000       0.679384118111716     
   617.000000000000       0.679386726772591     
   618.000000000000       0.679389328363195     
   619.000000000000       0.679391922798307     
   620.000000000000       0.679394510188520     
   621.000000000000       0.679397090570787     
   622.000000000000       0.679399663890137     
   623.000000000000       0.679402230294045     
   624.000000000000       0.679404789735275     
   625.000000000000       0.679407342238916     
   626.000000000000       0.679409887921419     
   627.000000000000       0.679412426697590     
   628.000000000000       0.679414958675078     
   629.000000000000       0.679417483889758     
   630.000000000000       0.679420002285949     
   631.000000000000       0.679422514008077     
   632.000000000000       0.679425019008837     
   633.000000000000       0.679427517311403     
   634.000000000000       0.679430009030004     
   635.000000000000       0.679432494079526     
   636.000000000000       0.679434972564785     
   637.000000000000       0.679437444520683     
   638.000000000000       0.679439909890883     
   639.000000000000       0.679442368816899     
   640.000000000000       0.679444821251417     
   641.000000000000       0.679447267215788     
   642.000000000000       0.679449706822117     
   643.000000000000       0.679452139985432     
   644.000000000000       0.679454566807842     
   645.000000000000       0.679456987323337     
   646.000000000000       0.679459401474996     
   647.000000000000       0.679461809401545     
   648.000000000000       0.679464211055692     
   649.000000000000       0.679466606457077     
   650.000000000000       0.679468995715778     
   651.000000000000       0.679471378746996     
   652.000000000000       0.679473755650257     
   653.000000000000       0.679476126458709     
   654.000000000000       0.679478491114907     
   655.000000000000       0.679480849754889     
   656.000000000000       0.679483202331454     
   657.000000000000       0.679485548862594     
   658.000000000000       0.679487889456462     
   659.000000000000       0.679490224028486     
   660.000000000000       0.679492552675691     
   661.000000000000       0.679494875430458     
   662.000000000000       0.679497192234863     
   663.000000000000       0.679499503222379     
   664.000000000000       0.679501808345919     
   665.000000000000       0.679504107621926     
   666.000000000000       0.679506401156708     
   667.000000000000       0.679508688865947     
   668.000000000000       0.679510970844281     
   669.000000000000       0.679513247123368     
   670.000000000000       0.679515517644873     
   671.000000000000       0.679517782539793     
   672.000000000000       0.679520041761193     
   673.000000000000       0.679522295324039     
   674.000000000000       0.679524543332879     
   675.000000000000       0.679526785703678     
   676.000000000000       0.679529022528786     
   677.000000000000       0.679531253839195     
   678.000000000000       0.679533479576198     
   679.000000000000       0.679535699868415     
   680.000000000000       0.679537914669099     
   681.000000000000       0.679540123991805     
   682.000000000000       0.679542327939392     
   683.000000000000       0.679544526428146     
   684.000000000000       0.679546719548212     
   685.000000000000       0.679548907329959     
   686.000000000000       0.679551089714368     
   687.000000000000       0.679553266827760     
   688.000000000000       0.679555438623602     
   689.000000000000       0.679557605114120     
   690.000000000000       0.679559766400546     
   691.000000000000       0.679561922399518     
   692.000000000000       0.679564073199042     
   693.000000000000       0.679566218828939     
   694.000000000000       0.679568359229898     
   695.000000000000       0.679570494526023     
   696.000000000000       0.679572624671037     
   697.000000000000       0.679574749675875     
   698.000000000000       0.679576869640228     
   699.000000000000       0.679578984481103     
   700.000000000000       0.679581094284464     
   701.000000000000       0.679583199079597     
   702.000000000000       0.679585298806951     
   703.000000000000       0.679587393588501     
   704.000000000000       0.679589483378228     
   705.000000000000       0.679591568185861     
   706.000000000000       0.679593648109598     
   707.000000000000       0.679595723066835     
   708.000000000000       0.679597793141568     
   709.000000000000       0.679599858362588     
   710.000000000000       0.679601918670139     
   711.000000000000       0.679603974184135     
   712.000000000000       0.679606024858857     
   713.000000000000       0.679608070702860     
   714.000000000000       0.679610111812917     
   715.000000000000       0.679612148106833     
   716.000000000000       0.679614179666711     
   717.000000000000       0.679616206520881     
   718.000000000000       0.679618228609411     
   719.000000000000       0.679620246050232     
   720.000000000000       0.679622258797925     
   721.000000000000       0.679624266859948     
   722.000000000000       0.679626270331692     
   723.000000000000       0.679628269131390     
   724.000000000000       0.679630263339308     
   725.000000000000       0.679632252983359     
   726.000000000000       0.679634238003466     
   727.000000000000       0.679636218515636     
   728.000000000000       0.679638194474789     
   729.000000000000       0.679640165887303     
   730.000000000000       0.679642132847258     
   731.000000000000       0.679644095273325     
   732.000000000000       0.679646053243999     
   733.000000000000       0.679648006786814     
   734.000000000000       0.679649955841566     
   735.000000000000       0.679651900522403     
   736.000000000000       0.679653840784585     
   737.000000000000       0.679655776633483     
   738.000000000000       0.679657708161894     
   739.000000000000       0.679659635288957     
   740.000000000000       0.679661558091449     
   741.000000000000       0.679663476596548     
   742.000000000000       0.679665390743951     
   743.000000000000       0.679667300646017     
   744.000000000000       0.679669206258356     
   745.000000000000       0.679671107585365     
   746.000000000000       0.679673004718620     
   747.000000000000       0.679674897577724     
   748.000000000000       0.679676786237802     
   749.000000000000       0.679678670725697     
   750.000000000000       0.679680550981040     
   751.000000000000       0.679682427114446     
   752.000000000000       0.679684299081898     
   753.000000000000       0.679686166886856     
   754.000000000000       0.679688030619708     
   755.000000000000       0.679689890200553     
   756.000000000000       0.679691745702903     
   757.000000000000       0.679693597153300     
   758.000000000000       0.679695444491329     
   759.000000000000       0.679697287825902     
   760.000000000000       0.679699127113398     
   761.000000000000       0.679700962356377     
   762.000000000000       0.679702793644096     
   763.000000000000       0.679704620897134     
   764.000000000000       0.679706444187453     
   765.000000000000       0.679708263541306     
   766.000000000000       0.679710078898258     
   767.000000000000       0.679711890365587     
   768.000000000000       0.679713697900056     
   769.000000000000       0.679715501503372     
   770.000000000000       0.679717301263693     
   771.000000000000       0.679719097102087     
   772.000000000000       0.679720889089016     
   773.000000000000       0.679722677250486     
   774.000000000000       0.679724461526035     
   775.000000000000       0.679726242021359     
   776.000000000000       0.679728018693624     
   777.000000000000       0.679729791543712     
   778.000000000000       0.679731560658711     
   779.000000000000       0.679733325960203     
   780.000000000000       0.679735087517191     
   781.000000000000       0.679736845355436     
   782.000000000000       0.679738599414490     
   783.000000000000       0.679740349798502     
   784.000000000000       0.679742096465048     
   785.000000000000       0.679743839414219     
   786.000000000000       0.679745578732073     
   787.000000000000       0.679747314340708     
   788.000000000000       0.679749046307709     
   789.000000000000       0.679750774658618     
   790.000000000000       0.679752499333012     
   791.000000000000       0.679754220433541     
   792.000000000000       0.679755937918198     
   793.000000000000       0.679757651786311     
   794.000000000000       0.679759362122947     
   795.000000000000       0.679761068850721     
   796.000000000000       0.679762772035839     
   797.000000000000       0.679764471703651     
   798.000000000000       0.679766167793755     
   799.000000000000       0.679767860407359     
   800.000000000000       0.679769549502873     
   801.000000000000       0.679771235078892     
   802.000000000000       0.679772917219531     
   803.000000000000       0.679774595847909     
   804.000000000000       0.679776271028916     
   805.000000000000       0.679777942787709     
   806.000000000000       0.679779611063938     
   807.000000000000       0.679781275957392     
   808.000000000000       0.679782937426914     
   809.000000000000       0.679784595470393     
   810.000000000000       0.679786250171011     
   811.000000000000       0.679787901452410     
   812.000000000000       0.679789549378187     
   813.000000000000       0.679791193973328     
   814.000000000000       0.679792835177556     
   815.000000000000       0.679794473089274     
   816.000000000000       0.679796107667757     
   817.000000000000       0.679797738910218     
   818.000000000000       0.679799366898930     
   819.000000000000       0.679800991558071     
   820.000000000000       0.679802612949975     
   821.000000000000       0.679804231099471     
   822.000000000000       0.679805845946355     
   823.000000000000       0.679807457587703     
   824.000000000000       0.679809065983217     
   825.000000000000       0.679810671129458     
   826.000000000000       0.679812273107819     
   827.000000000000       0.679813871843016     
   828.000000000000       0.679815467396154     
   829.000000000000       0.679817059791918     
   830.000000000000       0.679818648970196     
   831.000000000000       0.679820235026750     
   832.000000000000       0.679821817921725     
   833.000000000000       0.679823397651059     
   834.000000000000       0.679824974295290     
   835.000000000000       0.679826547779663     
   836.000000000000       0.679828118164098     
   837.000000000000       0.679829685473154     
   838.000000000000       0.679831249646802     
   839.000000000000       0.679832810779543     
   840.000000000000       0.679834368831963     
   841.000000000000       0.679835923799382     
   842.000000000000       0.679837475761524     
   843.000000000000       0.679839024644163     
   844.000000000000       0.679840570506062     
   845.000000000000       0.679842113371658     
   846.000000000000       0.679843653181037     
   847.000000000000       0.679845190027460     
   848.000000000000       0.679846723871943     
   849.000000000000       0.679848254709239     
   850.000000000000       0.679849782618259     
   851.000000000000       0.679851307525307     
   852.000000000000       0.679852829488023     
   853.000000000000       0.679854348530738     
   854.000000000000       0.679855864593647     
   855.000000000000       0.679857377768804     
   856.000000000000       0.679858888017681     
   857.000000000000       0.679860395334453     
   858.000000000000       0.679861899797260     
   859.000000000000       0.679863401332935     
   860.000000000000       0.679864899998020     
   861.000000000000       0.679866395816756     
   862.000000000000       0.679867888729455     
   863.000000000000       0.679869378826990     
   864.000000000000       0.679870866071277     
   865.000000000000       0.679872350455948     
   866.000000000000       0.679873832058381     
   867.000000000000       0.679875310805951     
   868.000000000000       0.679876786754135     
   869.000000000000       0.679878259927071     
   870.000000000000       0.679879730265200     
   871.000000000000       0.679881197858261     
   872.000000000000       0.679882662668607     
   873.000000000000       0.679884124689344     
   874.000000000000       0.679885583997114     
   875.000000000000       0.679887040519823     
   876.000000000000       0.679888494311900     
   877.000000000000       0.679889945397415     
   878.000000000000       0.679891393716944     
   879.000000000000       0.679892839359088     
   880.000000000000       0.679894282286664     
   881.000000000000       0.679895722492265     
   882.000000000000       0.679897160051813     
   883.000000000000       0.679898594893745     
   884.000000000000       0.679900027071466     
   885.000000000000       0.679901456608986     
   886.000000000000       0.679902883447023     
   887.000000000000       0.679904307673088     
   888.000000000000       0.679905729250425     
   889.000000000000       0.679907148171141     
   890.000000000000       0.679908564510468     
   891.000000000000       0.679909978197376     
   892.000000000000       0.679911389284271     
   893.000000000000       0.679912797795096     
   894.000000000000       0.679914203670719     
   895.000000000000       0.679915606997584     
   896.000000000000       0.679917007739383     
   897.000000000000       0.679918405887746     
   898.000000000000       0.679919801517219     
   899.000000000000       0.679921194557295     
   900.000000000000       0.679922585059425     
   901.000000000000       0.679923973047492     
   902.000000000000       0.679925358462516     
   903.000000000000       0.679926741389894     
   904.000000000000       0.679928121793762     
   905.000000000000       0.679929499665296     
   906.000000000000       0.679930875078371     
   907.000000000000       0.679932247963020     
   908.000000000000       0.679933618369736     
   909.000000000000       0.679934986322364     
   910.000000000000       0.679936351762065     
   911.000000000000       0.679937714773231     
   912.000000000000       0.679939075320434     
   913.000000000000       0.679940433394393     
   914.000000000000       0.679941789068346     
   915.000000000000       0.679943142272854     
   916.000000000000       0.679944493057490     
   917.000000000000       0.679945841446048     
   918.000000000000       0.679947187379859     
   919.000000000000       0.679948530942307     
   920.000000000000       0.679949872098405     
   921.000000000000       0.679951210838452     
   922.000000000000       0.679952547235053     
   923.000000000000       0.679953881219284     
   924.000000000000       0.679955212839818     
   925.000000000000       0.679956542120412     
   926.000000000000       0.679957869002575     
   927.000000000000       0.679959193568696     
   928.000000000000       0.679960515784243     
   929.000000000000       0.679961835639081     
   930.000000000000       0.679963153205209     
   931.000000000000       0.679964468414225     
   932.000000000000       0.679965781313911     
   933.000000000000       0.679967091928008     
   934.000000000000       0.679968400198184     
   935.000000000000       0.679969706205877     
   936.000000000000       0.679971009916989     
   937.000000000000       0.679972311320985     
   938.000000000000       0.679973610489254     
   939.000000000000       0.679974907353920     
   940.000000000000       0.679976201961907     
   941.000000000000       0.679977494336924     
   942.000000000000       0.679978784420807     
   943.000000000000       0.679980072294069     
   944.000000000000       0.679981357923034     
   945.000000000000       0.679982641296788     
   946.000000000000       0.679983922486132     
   947.000000000000       0.679985201423703     
   948.000000000000       0.679986478155577     
   949.000000000000       0.679987752705444     
   950.000000000000       0.679989025015321     
   951.000000000000       0.679990295164800     
   952.000000000000       0.679991563120642     
   953.000000000000       0.679992828871552     
   954.000000000000       0.679994092487752     
   955.000000000000       0.679995353902394     
   956.000000000000       0.679996613160729     
   957.000000000000       0.679997870286439     
   958.000000000000       0.679999125221722     
   959.000000000000       0.680000378045258     
   960.000000000000       0.680001628724249     
   961.000000000000       0.680002877247021     
   962.000000000000       0.680004123683241     
   963.000000000000       0.680005367966575     
   964.000000000000       0.680006610141466     
   965.000000000000       0.680007850231584     
   966.000000000000       0.680009088179303     
   967.000000000000       0.680010324062432     
   968.000000000000       0.680011557848592     
   969.000000000000       0.680012789525761     
   970.000000000000       0.680014019163059     
   971.000000000000       0.680015246694655     
   972.000000000000       0.680016472164192     
   973.000000000000       0.680017695595345     
   974.000000000000       0.680018916930663     
   975.000000000000       0.680020136247098     
   976.000000000000       0.680021353512702     
   977.000000000000       0.680022568715094     
   978.000000000000       0.680023781922860     
   979.000000000000       0.680024993070679     
   980.000000000000       0.680026202201426     
   981.000000000000       0.680027409338760     
   982.000000000000       0.680028614425422     
   983.000000000000       0.680029817537513     
   984.000000000000       0.680031018643514     
   985.000000000000       0.680032217730709     
   986.000000000000       0.680033414867159     
   987.000000000000       0.680034609988040     
   988.000000000000       0.680035803135461     
   989.000000000000       0.680036994333088     
   990.000000000000       0.680038183523860     
   991.000000000000       0.680039370783036     
   992.000000000000       0.680040556079525     
   993.000000000000       0.680041739400288     
   994.000000000000       0.680042920812854     
   995.000000000000       0.680044100252908     
   996.000000000000       0.680045277761823     
   997.000000000000       0.680046453363264     
   998.000000000000       0.680047627000355     
   999.000000000000       0.680048798747546     
   1000.00000000000       0.680049968574164     
