
0.000000	1.000000
0.030000	0.998354
0.060000	0.994232
0.090000	0.988662
0.120000	0.982269
0.150000	0.975405
0.180000	0.968268
0.210000	0.960974
0.240000	0.953590
0.270000	0.946158
0.300000	0.938706
0.330000	0.931251
0.360000	0.923806
0.390000	0.916377
0.420000	0.908972
0.450000	0.901595
0.480000	0.894250
0.510000	0.886938
0.540000	0.879661
0.570000	0.872423
0.600000	0.865222
0.630000	0.858061
0.660000	0.850941
0.690000	0.843862
0.720000	0.836825
0.750000	0.829830
0.780000	0.822879
0.810000	0.815970
0.840000	0.809105
0.870000	0.802283
0.900000	0.795506
0.930000	0.788773
0.960000	0.782084
0.990000	0.775439
1.020000	0.768839
1.050000	0.762284
1.080000	0.755773
1.110000	0.749307
1.140000	0.742885
1.170000	0.736508
1.200000	0.730175
1.230000	0.723887
1.260000	0.717644
1.290000	0.711444
1.320000	0.705289
1.350000	0.699178
1.380000	0.693112
1.410000	0.687089
1.440000	0.681110
1.470000	0.675174
1.500000	0.669282
1.530000	0.663433
1.560000	0.657628
1.590000	0.651865
1.620000	0.646145
1.650000	0.640468
1.680000	0.634833
1.710000	0.629240
1.740000	0.623690
1.770000	0.618181
1.800000	0.612714
1.830000	0.607289
1.860000	0.601904
1.890000	0.596561
1.920000	0.591259
1.950000	0.585998
1.980000	0.580777
2.010000	0.575597
2.040000	0.570456
2.070000	0.565355
2.100000	0.560294
2.130000	0.555272
2.160000	0.550289
2.190000	0.545345
2.220000	0.540440
2.250000	0.535573
2.280000	0.530745
2.310000	0.525954
2.340000	0.521201
2.370000	0.516486
2.400000	0.511808
2.430000	0.507167
2.460000	0.502563
2.490000	0.497995
2.520000	0.493464
2.550000	0.488969
2.580000	0.484510
2.610000	0.480087
2.640000	0.475699
2.670000	0.471347
2.700000	0.467029
2.730000	0.462746
2.760000	0.458498
2.790000	0.454285
2.820000	0.450105
2.850000	0.445959
2.880000	0.441847
2.910000	0.437768
2.940000	0.433723
2.970000	0.429710
3.000000	0.425730
3.030000	0.421783
3.060000	0.417868
3.090000	0.413985
3.120000	0.410134
3.150000	0.406314
3.180000	0.402526
3.210000	0.398769
3.240000	0.395043
3.270000	0.391348
3.300000	0.387683
3.330000	0.384048
3.360000	0.380444
3.390000	0.376870
3.420000	0.373325
3.450000	0.369809
3.480000	0.366323
3.510000	0.362866
3.540000	0.359438
3.570000	0.356038
3.600000	0.352667
3.630000	0.349324
3.660000	0.346009
3.690000	0.342722
3.720000	0.339462
3.750000	0.336230
3.780000	0.333025
3.810000	0.329847
3.840000	0.326696
3.870000	0.323571
3.900000	0.320473
3.930000	0.317400
3.960000	0.314354
3.990000	0.311334
4.020000	0.308339
4.050000	0.305369
4.080000	0.302425
4.110000	0.299506
4.140000	0.296611
4.170000	0.293742
4.200000	0.290896
4.230000	0.288075
4.260000	0.285278
4.290000	0.282505
4.320000	0.279756
4.350000	0.277030
4.380000	0.274328
4.410000	0.271648
4.440000	0.268992
4.470000	0.266359
4.500000	0.263748
4.530000	0.261160
4.560000	0.258594
4.590000	0.256050
4.620000	0.253528
4.650000	0.251028
4.680000	0.248549
4.710000	0.246092
4.740000	0.243657
4.770000	0.241242
4.800000	0.238848
4.830000	0.236475
4.860000	0.234123
4.890000	0.231791
4.920000	0.229479
4.950000	0.227188
4.980000	0.224916
5.010000	0.222665
5.040000	0.220433
5.070000	0.218220
5.100000	0.216027
5.130000	0.213853
5.160000	0.211698
5.190000	0.209562
5.220000	0.207445
5.250000	0.205346
5.280000	0.203266
5.310000	0.201204
5.340000	0.199160
5.370000	0.197134
5.400000	0.195126
5.430000	0.193136
5.460000	0.191163
5.490000	0.189208
5.520000	0.187270
5.550000	0.185349
5.580000	0.183446
5.610000	0.181559
5.640000	0.179689
5.670000	0.177835
5.700000	0.175998
5.730000	0.174177
5.760000	0.172373
5.790000	0.170584
5.820000	0.168812
5.850000	0.167055
5.880000	0.165314
5.910000	0.163589
5.940000	0.161878
5.970000	0.160184
6.000000	0.158504
6.030000	0.156840
6.060000	0.155190
6.090000	0.153555
6.120000	0.151935
6.150000	0.150330
6.180000	0.148739
6.210000	0.147162
6.240000	0.145599
6.270000	0.144051
6.300000	0.142516
6.330000	0.140996
6.360000	0.139489
6.390000	0.137995
6.420000	0.136516
6.450000	0.135049
6.480000	0.133596
6.510000	0.132156
6.540000	0.130730
6.570000	0.129316
6.600000	0.127915
6.630000	0.126527
6.660000	0.125151
6.690000	0.123788
6.720000	0.122437
6.750000	0.121099
6.780000	0.119773
6.810000	0.118459
6.840000	0.117157
6.870000	0.115867
6.900000	0.114589
6.930000	0.113322
6.960000	0.112067
6.990000	0.110824
7.020000	0.109592
7.050000	0.108372
7.080000	0.107162
7.110000	0.105964
7.140000	0.104777
7.170000	0.103601
7.200000	0.102435
7.230000	0.101281
7.260000	0.100137
7.290000	0.099004
7.320000	0.097881
7.350000	0.096768
7.380000	0.095666
7.410000	0.094575
7.440000	0.093493
7.470000	0.092421
7.500000	0.091359
7.530000	0.090308
7.560000	0.089266
7.590000	0.088233
7.620000	0.087211
7.650000	0.086198
7.680000	0.085194
7.710000	0.084200
7.740000	0.083215
7.770000	0.082239
7.800000	0.081273
7.830000	0.080315
7.860000	0.079367
7.890000	0.078427
7.920000	0.077497
7.950000	0.076575
7.980000	0.075661
8.010000	0.074757
8.040000	0.073861
8.070000	0.072973
8.100000	0.072094
8.130000	0.071223
8.160000	0.070360
8.190000	0.069506
8.220000	0.068659
8.250000	0.067821
8.280000	0.066991
8.310000	0.066168
8.340000	0.065353
8.370000	0.064547
8.400000	0.063747
8.430000	0.062956
8.460000	0.062172
8.490000	0.061395
8.520000	0.060626
8.550000	0.059864
8.580000	0.059110
8.610000	0.058363
8.640000	0.057623
8.670000	0.056890
8.700000	0.056164
8.730000	0.055445
8.760000	0.054733
8.790000	0.054028
8.820000	0.053330
8.850000	0.052638
8.880000	0.051953
8.910000	0.051275
8.940000	0.050603
8.970000	0.049938
9.000000	0.049280
9.030000	0.048627
9.060000	0.047981
9.090000	0.047342
9.120000	0.046708
9.150000	0.046081
9.180000	0.045460
9.210000	0.044844
9.240000	0.044235
9.270000	0.043632
9.300000	0.043035
9.330000	0.042444
9.360000	0.041858
9.390000	0.041278
9.420000	0.040704
9.450000	0.040135
9.480000	0.039573
9.510000	0.039015
9.540000	0.038463
9.570000	0.037917
9.600000	0.037376
9.630000	0.036840
9.660000	0.036310
9.690000	0.035785
9.720000	0.035265
9.750000	0.034750
9.780000	0.034241
9.810000	0.033736
9.840000	0.033236
9.870000	0.032742
9.900000	0.032252
9.930000	0.031768
9.960000	0.031288
9.990000	0.030813
10.020000	0.030342
10.050000	0.029877
10.080000	0.029416
10.110000	0.028960
10.140000	0.028508
10.170000	0.028061
10.200000	0.027618
10.230000	0.027180
10.260000	0.026746
10.290000	0.026317
10.320000	0.025892
10.350000	0.025471
10.380000	0.025055
10.410000	0.024642
10.440000	0.024234
10.470000	0.023831
10.500000	0.023431
10.530000	0.023035
10.560000	0.022644
10.590000	0.022256
10.620000	0.021872
10.650000	0.021493
10.680000	0.021117
10.710000	0.020745
10.740000	0.020377
10.770000	0.020012
10.800000	0.019652
10.830000	0.019295
10.860000	0.018942
10.890000	0.018592
10.920000	0.018246
10.950000	0.017904
10.980000	0.017565
11.010000	0.017230
11.040000	0.016898
11.070000	0.016570
11.100000	0.016245
11.130000	0.015923
11.160000	0.015605
11.190000	0.015290
11.220000	0.014979
11.250000	0.014671
11.280000	0.014366
11.310000	0.014064
11.340000	0.013765
11.370000	0.013470
11.400000	0.013177
11.430000	0.012888
11.460000	0.012602
11.490000	0.012319
11.520000	0.012039
11.550000	0.011762
11.580000	0.011487
11.610000	0.011216
11.640000	0.010948
11.670000	0.010682
11.700000	0.010420
11.730000	0.010160
11.760000	0.009903
11.790000	0.009648
11.820000	0.009397
11.850000	0.009148
11.880000	0.008902
11.910000	0.008658
11.940000	0.008417
11.970000	0.008179
12.000000	0.007943
12.030000	0.007710
12.060000	0.007480
12.090000	0.007252
12.120000	0.007026
12.150000	0.006803
12.180000	0.006582
12.210000	0.006364
12.240000	0.006148
12.270000	0.005935
12.300000	0.005724
12.330000	0.005515
12.360000	0.005308
12.390000	0.005104
12.420000	0.004902
12.450000	0.004703
12.480000	0.004505
12.510000	0.004310
12.540000	0.004117
12.570000	0.003926
12.600000	0.003737
12.630000	0.003551
12.660000	0.003366
12.690000	0.003184
12.720000	0.003003
12.750000	0.002825
12.780000	0.002649
12.810000	0.002474
12.840000	0.002302
12.870000	0.002131
12.900000	0.001963
12.930000	0.001796
12.960000	0.001632
12.990000	0.001469
13.020000	0.001308
13.050000	0.001149
13.080000	0.000992
13.110000	0.000837
13.140000	0.000683
13.170000	0.000531
13.200000	0.000381
13.230000	0.000233
13.260000	0.000086
13.290000	-0.000058
13.320000	-0.000202
13.350000	-0.000343
13.380000	-0.000483
13.410000	-0.000621
13.440000	-0.000758
13.470000	-0.000892
13.500000	-0.001026
13.530000	-0.001157
13.560000	-0.001288
13.590000	-0.001416
13.620000	-0.001543
13.650000	-0.001669
13.680000	-0.001793
13.710000	-0.001915
13.740000	-0.002036
13.770000	-0.002156
13.800000	-0.002274
13.830000	-0.002391
13.860000	-0.002506
13.890000	-0.002620
13.920000	-0.002732
13.950000	-0.002843
13.980000	-0.002953
14.010000	-0.003061
14.040000	-0.003169
14.070000	-0.003274
14.100000	-0.003379
14.130000	-0.003482
14.160000	-0.003583
14.190000	-0.003684
14.220000	-0.003783
14.250000	-0.003881
14.280000	-0.003978
14.310000	-0.004074
14.340000	-0.004168
14.370000	-0.004261
14.400000	-0.004353
14.430000	-0.004444
14.460000	-0.004533
14.490000	-0.004622
14.520000	-0.004709
14.550000	-0.004795
14.580000	-0.004880
14.610000	-0.004964
14.640000	-0.005047
14.670000	-0.005129
14.700000	-0.005210
14.730000	-0.005289
14.760000	-0.005368
14.790000	-0.005445
14.820000	-0.005522
14.850000	-0.005597
14.880000	-0.005672
14.910000	-0.005745
14.940000	-0.005818
14.970000	-0.005889
15.000000	-0.005960
15.030000	-0.006029
15.060000	-0.006098
15.090000	-0.006166
15.120000	-0.006232
15.150000	-0.006298
15.180000	-0.006363
15.210000	-0.006427
15.240000	-0.006490
15.270000	-0.006553
15.300000	-0.006614
15.330000	-0.006674
15.360000	-0.006734
15.390000	-0.006793
15.420000	-0.006851
15.450000	-0.006908
15.480000	-0.006964
15.510000	-0.007020
15.540000	-0.007074
15.570000	-0.007128
15.600000	-0.007181
15.630000	-0.007233
15.660000	-0.007285
15.690000	-0.007336
15.720000	-0.007386
15.750000	-0.007435
15.780000	-0.007483
15.810000	-0.007531
15.840000	-0.007578
15.870000	-0.007625
15.900000	-0.007670
15.930000	-0.007715
15.960000	-0.007759
15.990000	-0.007803
16.020000	-0.007846
16.050000	-0.007888
16.080000	-0.007929
16.110000	-0.007970
16.140000	-0.008010
16.170000	-0.008050
16.200000	-0.008089
16.230000	-0.008127
16.260000	-0.008165
16.290000	-0.008202
16.320000	-0.008238
16.350000	-0.008274
16.380000	-0.008309
16.410000	-0.008344
16.440000	-0.008378
16.470000	-0.008411
16.500000	-0.008444
16.530000	-0.008477
16.560000	-0.008508
16.590000	-0.008540
16.620000	-0.008570
16.650000	-0.008600
16.680000	-0.008630
16.710000	-0.008659
16.740000	-0.008687
16.770000	-0.008715
16.800000	-0.008743
16.830000	-0.008770
16.860000	-0.008796
16.890000	-0.008822
16.920000	-0.008848
16.950000	-0.008873
16.980000	-0.008897
17.010000	-0.008921
17.040000	-0.008945
17.070000	-0.008968
17.100000	-0.008990
17.130000	-0.009013
17.160000	-0.009034
17.190000	-0.009055
17.220000	-0.009076
17.250000	-0.009097
17.280000	-0.009117
17.310000	-0.009136
17.340000	-0.009155
17.370000	-0.009174
17.400000	-0.009192
17.430000	-0.009210
17.460000	-0.009228
17.490000	-0.009245
17.520000	-0.009261
17.550000	-0.009278
17.580000	-0.009294
17.610000	-0.009309
17.640000	-0.009324
17.670000	-0.009339
17.700000	-0.009353
17.730000	-0.009367
17.760000	-0.009381
17.790000	-0.009394
17.820000	-0.009407
17.850000	-0.009420
17.880000	-0.009432
17.910000	-0.009444
17.940000	-0.009456
17.970000	-0.009467
18.000000	-0.009478
18.030000	-0.009489
18.060000	-0.009499
18.090000	-0.009509
18.120000	-0.009519
18.150000	-0.009528
18.180000	-0.009537
18.210000	-0.009546
18.240000	-0.009554
18.270000	-0.009562
18.300000	-0.009570
18.330000	-0.009578
18.360000	-0.009585
18.390000	-0.009592
18.420000	-0.009599
18.450000	-0.009605
18.480000	-0.009611
18.510000	-0.009617
18.540000	-0.009623
18.570000	-0.009628
18.600000	-0.009634
18.630000	-0.009638
18.660000	-0.009643
18.690000	-0.009647
18.720000	-0.009652
18.750000	-0.009655
18.780000	-0.009659
18.810000	-0.009663
18.840000	-0.009666
18.870000	-0.009669
18.900000	-0.009671
18.930000	-0.009674
18.960000	-0.009676
18.990000	-0.009678
19.020000	-0.009680
19.050000	-0.009682
19.080000	-0.009683
19.110000	-0.009684
19.140000	-0.009685
19.170000	-0.009686
19.200000	-0.009686
19.230000	-0.009687
19.260000	-0.009687
19.290000	-0.009687
19.320000	-0.009687
19.350000	-0.009686
19.380000	-0.009686
19.410000	-0.009685
19.440000	-0.009684
19.470000	-0.009683
19.500000	-0.009682
19.530000	-0.009680
19.560000	-0.009679
19.590000	-0.009677
19.620000	-0.009675
19.650000	-0.009673
19.680000	-0.009670
19.710000	-0.009668
19.740000	-0.009665
19.770000	-0.009662
19.800000	-0.009659
19.830000	-0.009656
19.860000	-0.009653
19.890000	-0.009650
19.920000	-0.009646
19.950000	-0.009642
19.980000	-0.009638
20.010000	-0.009634
20.040000	-0.009630
20.070000	-0.009626
20.100000	-0.009622
20.130000	-0.009617
20.160000	-0.009612
20.190000	-0.009608
20.220000	-0.009603
20.250000	-0.009598
20.280000	-0.009592
20.310000	-0.009587
20.340000	-0.009582
20.370000	-0.009576
20.400000	-0.009570
20.430000	-0.009565
20.460000	-0.009559
20.490000	-0.009553
20.520000	-0.009547
20.550000	-0.009540
20.580000	-0.009534
20.610000	-0.009528
20.640000	-0.009521
20.670000	-0.009514
20.700000	-0.009508
20.730000	-0.009501
20.760000	-0.009494
20.790000	-0.009487
20.820000	-0.009480
20.850000	-0.009472
20.880000	-0.009465
20.910000	-0.009458
20.940000	-0.009450
20.970000	-0.009442
21.000000	-0.009435
21.030000	-0.009427
21.060000	-0.009419
21.090000	-0.009411
21.120000	-0.009403
21.150000	-0.009395
21.180000	-0.009387
21.210000	-0.009379
21.240000	-0.009370
21.270000	-0.009362
21.300000	-0.009353
21.330000	-0.009345
21.360000	-0.009336
21.390000	-0.009327
21.420000	-0.009319
21.450000	-0.009310
21.480000	-0.009301
21.510000	-0.009292
21.540000	-0.009283
21.570000	-0.009274
21.600000	-0.009264
21.630000	-0.009255
21.660000	-0.009246
21.690000	-0.009237
21.720000	-0.009227
21.750000	-0.009218
21.780000	-0.009208
21.810000	-0.009198
21.840000	-0.009189
21.870000	-0.009179
21.900000	-0.009169
21.930000	-0.009160
21.960000	-0.009150
21.990000	-0.009140
22.020000	-0.009130
22.050000	-0.009120
22.080000	-0.009110
22.110000	-0.009100
22.140000	-0.009090
22.170000	-0.009079
22.200000	-0.009069
22.230000	-0.009059
22.260000	-0.009049
22.290000	-0.009038
22.320000	-0.009028
22.350000	-0.009017
22.380000	-0.009007
22.410000	-0.008996
22.440000	-0.008986
22.470000	-0.008975
22.500000	-0.008965
22.530000	-0.008954
22.560000	-0.008943
22.590000	-0.008932
22.620000	-0.008922
22.650000	-0.008911
22.680000	-0.008900
22.710000	-0.008889
22.740000	-0.008878
22.770000	-0.008867
22.800000	-0.008857
22.830000	-0.008846
22.860000	-0.008835
22.890000	-0.008824
22.920000	-0.008813
22.950000	-0.008801
22.980000	-0.008790
23.010000	-0.008779
23.040000	-0.008768
23.070000	-0.008757
23.100000	-0.008746
23.130000	-0.008735
23.160000	-0.008723
23.190000	-0.008712
23.220000	-0.008701
23.250000	-0.008690
23.280000	-0.008678
23.310000	-0.008667
23.340000	-0.008656
23.370000	-0.008644
23.400000	-0.008633
23.430000	-0.008622
23.460000	-0.008610
23.490000	-0.008599
23.520000	-0.008587
23.550000	-0.008576
23.580000	-0.008565
23.610000	-0.008553
23.640000	-0.008542
23.670000	-0.008530
23.700000	-0.008519
23.730000	-0.008507
23.760000	-0.008496
23.790000	-0.008484
23.820000	-0.008473
23.850000	-0.008461
23.880000	-0.008450
23.910000	-0.008438
23.940000	-0.008426
23.970000	-0.008415
24.000000	-0.008403
24.030000	-0.008392
24.060000	-0.008380
24.090000	-0.008369
24.120000	-0.008357
24.150000	-0.008345
24.180000	-0.008334
24.210000	-0.008322
24.240000	-0.008311
24.270000	-0.008299
24.300000	-0.008287
24.330000	-0.008276
24.360000	-0.008264
24.390000	-0.008253
24.420000	-0.008241
24.450000	-0.008229
24.480000	-0.008218
24.510000	-0.008206
24.540000	-0.008195
24.570000	-0.008183
24.600000	-0.008171
24.630000	-0.008160
24.660000	-0.008148
24.690000	-0.008137
24.720000	-0.008125
24.750000	-0.008113
24.780000	-0.008102
24.810000	-0.008090
24.840000	-0.008079
24.870000	-0.008067
24.900000	-0.008055
24.930000	-0.008044
24.960000	-0.008032
24.990000	-0.008021
25.020000	-0.008009
25.050000	-0.007998
25.080000	-0.007986
25.110000	-0.007975
25.140000	-0.007963
25.170000	-0.007952
25.200000	-0.007940
25.230000	-0.007929
25.260000	-0.007917
25.290000	-0.007906
25.320000	-0.007894
25.350000	-0.007883
25.380000	-0.007871
25.410000	-0.007860
25.440000	-0.007848
25.470000	-0.007837
25.500000	-0.007825
25.530000	-0.007814
25.560000	-0.007803
25.590000	-0.007791
25.620000	-0.007780
25.650000	-0.007768
25.680000	-0.007757
25.710000	-0.007746
25.740000	-0.007734
25.770000	-0.007723
25.800000	-0.007712
25.830000	-0.007700
25.860000	-0.007689
25.890000	-0.007678
25.920000	-0.007666
25.950000	-0.007655
25.980000	-0.007644
26.010000	-0.007633
26.040000	-0.007621
26.070000	-0.007610
26.100000	-0.007599
26.130000	-0.007588
26.160000	-0.007577
26.190000	-0.007566
26.220000	-0.007554
26.250000	-0.007543
26.280000	-0.007532
26.310000	-0.007521
26.340000	-0.007510
26.370000	-0.007499
26.400000	-0.007488
26.430000	-0.007477
26.460000	-0.007466
26.490000	-0.007455
26.520000	-0.007444
26.550000	-0.007433
26.580000	-0.007422
26.610000	-0.007411
26.640000	-0.007400
26.670000	-0.007389
26.700000	-0.007378
26.730000	-0.007367
26.760000	-0.007356
26.790000	-0.007345
26.820000	-0.007335
26.850000	-0.007324
26.880000	-0.007313
26.910000	-0.007302
26.940000	-0.007291
26.970000	-0.007281
27.000000	-0.007270
27.030000	-0.007259
27.060000	-0.007248
27.090000	-0.007238
27.120000	-0.007227
27.150000	-0.007216
27.180000	-0.007206
27.210000	-0.007195
27.240000	-0.007184
27.270000	-0.007174
27.300000	-0.007163
27.330000	-0.007153
27.360000	-0.007142
27.390000	-0.007132
27.420000	-0.007121
27.450000	-0.007111
27.480000	-0.007100
27.510000	-0.007090
27.540000	-0.007079
27.570000	-0.007069
27.600000	-0.007058
27.630000	-0.007048
27.660000	-0.007038
27.690000	-0.007027
27.720000	-0.007017
27.750000	-0.007007
27.780000	-0.006996
27.810000	-0.006986
27.840000	-0.006976
27.870000	-0.006966
27.900000	-0.006955
27.930000	-0.006945
27.960000	-0.006935
27.990000	-0.006925
28.020000	-0.006915
28.050000	-0.006905
28.080000	-0.006895
28.110000	-0.006884
28.140000	-0.006874
28.170000	-0.006864
28.200000	-0.006854
28.230000	-0.006844
28.260000	-0.006834
28.290000	-0.006824
28.320000	-0.006814
28.350000	-0.006805
28.380000	-0.006795
28.410000	-0.006785
28.440000	-0.006775
28.470000	-0.006765
28.500000	-0.006755
28.530000	-0.006745
28.560000	-0.006736
28.590000	-0.006726
28.620000	-0.006716
28.650000	-0.006706
28.680000	-0.006697
28.710000	-0.006687
28.740000	-0.006677
28.770000	-0.006668
28.800000	-0.006658
28.830000	-0.006648
28.860000	-0.006639
28.890000	-0.006629
28.920000	-0.006619
28.950000	-0.006610
28.980000	-0.006600
29.010000	-0.006591
29.040000	-0.006581
29.070000	-0.006572
29.100000	-0.006563
29.130000	-0.006553
29.160000	-0.006544
29.190000	-0.006534
29.220000	-0.006525
29.250000	-0.006516
29.280000	-0.006506
29.310000	-0.006497
29.340000	-0.006488
29.370000	-0.006478
29.400000	-0.006469
29.430000	-0.006460
29.460000	-0.006451
29.490000	-0.006441
29.520000	-0.006432
29.550000	-0.006423
29.580000	-0.006414
29.610000	-0.006405
29.640000	-0.006396
29.670000	-0.006387
29.700000	-0.006378
29.730000	-0.006369
29.760000	-0.006360
29.790000	-0.006351
29.820000	-0.006342
29.850000	-0.006333
29.880000	-0.006324
29.910000	-0.006315
29.940000	-0.006306
29.970000	-0.006297
30.000000	-0.006288
30.030000	-0.006279
30.060000	-0.006271
30.090000	-0.006262
30.120000	-0.006253
30.150000	-0.006244
30.180000	-0.006235
30.210000	-0.006227
30.240000	-0.006218
30.270000	-0.006209
30.300000	-0.006201
30.330000	-0.006192
30.360000	-0.006183
30.390000	-0.006175
30.420000	-0.006166
30.450000	-0.006158
30.480000	-0.006149
30.510000	-0.006140
30.540000	-0.006132
30.570000	-0.006123
30.600000	-0.006115
30.630000	-0.006106
30.660000	-0.006098
30.690000	-0.006090
30.720000	-0.006081
30.750000	-0.006073
30.780000	-0.006064
30.810000	-0.006056
30.840000	-0.006048
30.870000	-0.006039
30.900000	-0.006031
30.930000	-0.006023
30.960000	-0.006015
30.990000	-0.006006
31.020000	-0.005998
31.050000	-0.005990
31.080000	-0.005982
31.110000	-0.005974
31.140000	-0.005965
31.170000	-0.005957
31.200000	-0.005949
31.230000	-0.005941
31.260000	-0.005933
31.290000	-0.005925
31.320000	-0.005917
31.350000	-0.005909
31.380000	-0.005901
31.410000	-0.005893
31.440000	-0.005885
31.470000	-0.005877
31.500000	-0.005869
31.530000	-0.005861
31.560000	-0.005853
31.590000	-0.005845
31.620000	-0.005838
31.650000	-0.005830
31.680000	-0.005822
31.710000	-0.005814
31.740000	-0.005806
31.770000	-0.005799
31.800000	-0.005791
31.830000	-0.005783
31.860000	-0.005775
31.890000	-0.005768
31.920000	-0.005760
31.950000	-0.005752
31.980000	-0.005745
32.010000	-0.005737
32.040000	-0.005730
32.070000	-0.005722
32.100000	-0.005714
32.130000	-0.005707
32.160000	-0.005699
32.190000	-0.005692
32.220000	-0.005684
32.250000	-0.005677
32.280000	-0.005669
32.310000	-0.005662
32.340000	-0.005654
32.370000	-0.005647
32.400000	-0.005640
32.430000	-0.005632
32.460000	-0.005625
32.490000	-0.005618
32.520000	-0.005610
32.550000	-0.005603
32.580000	-0.005596
32.610000	-0.005588
32.640000	-0.005581
32.670000	-0.005574
32.700000	-0.005567
32.730000	-0.005559
32.760000	-0.005552
32.790000	-0.005545
32.820000	-0.005538
32.850000	-0.005531
32.880000	-0.005524
32.910000	-0.005516
32.940000	-0.005509
32.970000	-0.005502
33.000000	-0.005495
33.030000	-0.005488
33.060000	-0.005481
33.090000	-0.005474
33.120000	-0.005467
33.150000	-0.005460
33.180000	-0.005453
33.210000	-0.005446
33.240000	-0.005439
33.270000	-0.005432
33.300000	-0.005425
33.330000	-0.005419
33.360000	-0.005412
33.390000	-0.005405
33.420000	-0.005398
33.450000	-0.005391
33.480000	-0.005384
33.510000	-0.005378
33.540000	-0.005371
33.570000	-0.005364
33.600000	-0.005357
33.630000	-0.005350
33.660000	-0.005344
33.690000	-0.005337
33.720000	-0.005330
33.750000	-0.005324
33.780000	-0.005317
33.810000	-0.005310
33.840000	-0.005304
33.870000	-0.005297
33.900000	-0.005291
33.930000	-0.005284
33.960000	-0.005277
33.990000	-0.005271
34.020000	-0.005264
34.050000	-0.005258
34.080000	-0.005251
34.110000	-0.005245
34.140000	-0.005238
34.170000	-0.005232
34.200000	-0.005226
34.230000	-0.005219
34.260000	-0.005213
34.290000	-0.005206
34.320000	-0.005200
34.350000	-0.005194
34.380000	-0.005187
34.410000	-0.005181
34.440000	-0.005174
34.470000	-0.005168
34.500000	-0.005162
34.530000	-0.005156
34.560000	-0.005149
34.590000	-0.005143
34.620000	-0.005137
34.650000	-0.005131
34.680000	-0.005124
34.710000	-0.005118
34.740000	-0.005112
34.770000	-0.005106
34.800000	-0.005100
34.830000	-0.005094
34.860000	-0.005087
34.890000	-0.005081
34.920000	-0.005075
34.950000	-0.005069
34.980000	-0.005063
35.010000	-0.005057
35.040000	-0.005051
35.070000	-0.005045
35.100000	-0.005039
35.130000	-0.005033
35.160000	-0.005027
35.190000	-0.005021
35.220000	-0.005015
35.250000	-0.005009
35.280000	-0.005003
35.310000	-0.004997
35.340000	-0.004991
35.370000	-0.004985
35.400000	-0.004979
35.430000	-0.004974
35.460000	-0.004968
35.490000	-0.004962
35.520000	-0.004956
35.550000	-0.004950
35.580000	-0.004944
35.610000	-0.004939
35.640000	-0.004933
35.670000	-0.004927
35.700000	-0.004921
35.730000	-0.004916
35.760000	-0.004910
35.790000	-0.004904
35.820000	-0.004898
35.850000	-0.004893
35.880000	-0.004887
35.910000	-0.004881
35.940000	-0.004876
35.970000	-0.004870
36.000000	-0.004865
36.030000	-0.004859
36.060000	-0.004853
36.090000	-0.004848
36.120000	-0.004842
36.150000	-0.004837
36.180000	-0.004831
36.210000	-0.004826
36.240000	-0.004820
36.270000	-0.004814
36.300000	-0.004809
36.330000	-0.004803
36.360000	-0.004798
36.390000	-0.004793
36.420000	-0.004787
36.450000	-0.004782
36.480000	-0.004776
36.510000	-0.004771
36.540000	-0.004765
36.570000	-0.004760
36.600000	-0.004755
36.630000	-0.004749
36.660000	-0.004744
36.690000	-0.004739
36.720000	-0.004733
36.750000	-0.004728
36.780000	-0.004723
36.810000	-0.004717
36.840000	-0.004712
36.870000	-0.004707
36.900000	-0.004701
36.930000	-0.004696
36.960000	-0.004691
36.990000	-0.004686
37.020000	-0.004681
37.050000	-0.004675
37.080000	-0.004670
37.110000	-0.004665
37.140000	-0.004660
37.170000	-0.004655
37.200000	-0.004649
37.230000	-0.004644
37.260000	-0.004639
37.290000	-0.004634
37.320000	-0.004629
37.350000	-0.004624
37.380000	-0.004619
37.410000	-0.004614
37.440000	-0.004609
37.470000	-0.004604
37.500000	-0.004599
37.530000	-0.004594
37.560000	-0.004589
37.590000	-0.004584
37.620000	-0.004579
37.650000	-0.004574
37.680000	-0.004569
37.710000	-0.004564
37.740000	-0.004559
37.770000	-0.004554
37.800000	-0.004549
37.830000	-0.004544
37.860000	-0.004539
37.890000	-0.004534
37.920000	-0.004529
37.950000	-0.004524
37.980000	-0.004519
38.010000	-0.004515
38.040000	-0.004510
38.070000	-0.004505
38.100000	-0.004500
38.130000	-0.004495
38.160000	-0.004490
38.190000	-0.004486
38.220000	-0.004481
38.250000	-0.004476
38.280000	-0.004471
38.310000	-0.004467
38.340000	-0.004462
38.370000	-0.004457
38.400000	-0.004452
38.430000	-0.004448
38.460000	-0.004443
38.490000	-0.004438
38.520000	-0.004434
38.550000	-0.004429
38.580000	-0.004424
38.610000	-0.004420
38.640000	-0.004415
38.670000	-0.004410
38.700000	-0.004406
38.730000	-0.004401
38.760000	-0.004396
38.790000	-0.004392
38.820000	-0.004387
38.850000	-0.004383
38.880000	-0.004378
38.910000	-0.004374
38.940000	-0.004369
38.970000	-0.004364
39.000000	-0.004360
39.030000	-0.004355
39.060000	-0.004351
39.090000	-0.004346
39.120000	-0.004342
39.150000	-0.004337
39.180000	-0.004333
39.210000	-0.004328
39.240000	-0.004324
39.270000	-0.004320
39.300000	-0.004315
39.330000	-0.004311
39.360000	-0.004306
39.390000	-0.004302
39.420000	-0.004297
39.450000	-0.004293
39.480000	-0.004289
39.510000	-0.004284
39.540000	-0.004280
39.570000	-0.004276
39.600000	-0.004271
39.630000	-0.004267
39.660000	-0.004263
39.690000	-0.004258
39.720000	-0.004254
39.750000	-0.004250
39.780000	-0.004245
39.810000	-0.004241
39.840000	-0.004237
39.870000	-0.004233
39.900000	-0.004228
39.930000	-0.004224
39.960000	-0.004220