  0.  1.  1.
  0.5  0.999239952  1.
  1.  0.996962181  1.
  1.5  0.993173855  1.
  2.  0.987886803  1.
  2.5  0.981117336  1.
  3.  0.972886015  1.
  3.5  0.963217383  1.
  4.  0.952139654  1.
  4.5  0.939684393  1.
  5.  0.925886197  1.
  5.5  0.910782361  1.
  6.  0.894412575  1.
  6.5  0.876818625  1.
  7.  0.858044116  1.
  7.5  0.838134218  1.
  8.  0.81713544  1.
  8.5  0.795095425  1.
  9.  0.772062781  1.
  9.5  0.748086939  1.
  10.  0.723218042  1.
  10.5  0.697506873  1.
  11.  0.671004803  1.
  11.5  0.643763767  1.
  12.  0.615836257  1.
  12.5  0.587275326  1.
  13.  0.558134591  1.
  13.5  0.528468228  1.
  14.  0.498330956  1.
  14.5  0.467777993  1.
  15.  0.436864993  1.
  15.5  0.405647952  1.
  16.  0.374183094  1.
  16.5  0.342526734  1.
  17.  0.310735113  1.
  17.5  0.278864239  1.
  18.  0.246969706  1.
  18.5  0.21510652  1.
  19.  0.183328924  1.
  19.5  0.151690243  1.
  20.  0.120242735  1.
  20.5  0.0890374603  1.
  21.  0.0581241793  1.
  21.5  0.027551267  1.
  22. -0.00263434432  1.
  22.5 -0.0323872003  1.
  23. -0.0616633366  1.
  23.5 -0.0904202733  1.
  24. -0.118616996  1.
  24.5 -0.146213926  1.
  25. -0.173172899  1.
  25.5 -0.199457133  1.
  26. -0.225031229  1.
  26.5 -0.249861167  1.
  27. -0.273914339  1.
  27.5 -0.297159592  1.
  28. -0.319567293  1.
  28.5 -0.341109416  1.
  29. -0.361759628  1.
  29.5 -0.381493398  1.
  30. -0.400288088  1.
  30.5 -0.418123052  1.
  31. -0.43497971  1.
  31.5 -0.45084161  1.
  32. -0.465694473  1.
  32.5 -0.4795262  1.
  33. -0.492326873  1.
  33.5 -0.504088715  1.
  34. -0.514806043  1.
  34.5 -0.524475195  1.
  35. -0.533094444  1.
  35.5 -0.540663912  1.
  36. -0.54718547  1.
  36.5 -0.552662647  1.
  37. -0.557100549  1.
  37.5 -0.560505785  1.
  38. -0.562886409  1.
  38.5 -0.564251883  1.
  39. -0.564613053  1.
  39.5 -0.563982144  1.
  40. -0.562372767  1.
  40.5 -0.559799935  1.
  41. -0.556280089  1.
  41.5 -0.551831118  1.
  42. -0.546472377  1.
  42.5 -0.540224694  1.
  43. -0.533110363  1.
  43.5 -0.52515312  1.
  44. -0.516378095  1.
  44.5 -0.506811749  1.
  45. -0.496481788  1.
  45.5 -0.485417058  1.
  46. -0.473647433  1.
  46.5 -0.461203681  1.
  47. -0.448117338  1.
  47.5 -0.434420574  1.
  48. -0.42014607  1.
  48.5 -0.4053269  1.
  49. -0.389996435  1.
  49.5 -0.37418826  1.
  50. -0.357936114  1.
  50.5 -0.34127384  1.
  51. -0.324235369  1.
  51.5 -0.3068547  1.
  52. -0.289165903  1.
  52.5 -0.271203122  1.
  53. -0.253000585  1.
  53.5 -0.234592597  1.
  54. -0.216013538  1.
  54.5 -0.19729784  1.
  55. -0.17847995  1.
  55.5 -0.15959428  1.
  56. -0.140675134  1.
  56.5 -0.121756626  1.
  57. -0.102872581  1.
  57.5 -0.0840564279  1.
  58. -0.0653410861  1.
  58.5 -0.0467588503  1.
  59. -0.02834128  1.
  59.5 -0.0101190961  1.
  60.  0.00787790995  1.
  60.5  0.0256209514  1.
  61.  0.0430823032  1.
  61.5  0.0602353398  1.
  62.  0.0770545526  1.
  62.5  0.0935155493  1.
  63.  0.109595037  1.
  63.5  0.125270793  1.
  64.  0.140521625  1.
  64.5  0.155327332  1.
  65.  0.169668666  1.
  65.5  0.183527291  1.
  66.  0.196885767  1.
  66.5  0.209727534  1.
  67.  0.222036919  1.
  67.5  0.233799154  1.
  68.  0.245000409  1.
  68.5  0.25562784  1.
  69.  0.265669647  1.
  69.5  0.275115131  1.
  70.  0.283954761  1.
  70.5  0.29218023  1.
  71.  0.29978451  1.
  71.5  0.306761895  1.
  72.  0.31310802  1.
  72.5  0.318819876  1.
  73.  0.323895804  1.
  73.5  0.328335465  1.
  74.  0.3321398  1.
  74.5  0.335310978  1.
  75.  0.337852326  1.
  75.5  0.339768261  1.
  76.  0.341064211  1.
  76.5  0.341746547  1.
  77.  0.34182251  1.
  77.5  0.341300157  1.
  78.  0.340188314  1.
  78.5  0.33849654  1.
  79.  0.336235108  1.
  79.5  0.333414996  1.
  80.  0.330047893  1.
  80.5  0.326146208  1.
  81.  0.321723087  1.
  81.5  0.316792434  1.
  82.  0.311368919  1.
  82.5  0.305467992  1.
  83.  0.29910588  1.
  83.5  0.292299574  1.
  84.  0.285066801  1.
  84.5  0.27742598  1.
  85.  0.269396168  1.
  85.5  0.260996986  1.
  86.  0.252248543  1.
  86.5  0.243171346  1.
  87.  0.233786205  1.
  87.5  0.224114145  1.
  88.  0.214176319  1.
  88.5  0.203993926  1.
  89.  0.193588143  1.
  89.5  0.182980073  1.
  90.  0.172190702  1.
  90.5  0.161240878  1.
  91.  0.150151295  1.
  91.5  0.138942498  1.
  92.  0.127634891  1.
  92.5  0.116248754  1.
  93.  0.104804262  1.
  93.5  0.0933215001  1.
  94.  0.0818204737  1.
  94.5  0.0703211119  1.
  95.  0.0588432579  1.
  95.5  0.0474066476  1.
  96.  0.036030875  1.
  96.5  0.0247353444  1.
  97.  0.0135392126  1.
  97.5  0.00246132049  1.
  98. -0.00847987992  1.
  98.5 -0.0192664017  1.
  99. -0.0298807974  1.
  99.5 -0.0403062287  1.
  100. -0.0505265271  1.
  100.5 -0.0605262439  1.
  101. -0.0702906857  1.
  101.5 -0.0798059357  1.
  102. -0.0890588603  1.
  102.5 -0.098037101  1.
  103. -0.106729055  1.
  103.5 -0.115123844  1.
  104. -0.123211279  1.
  104.5 -0.130981825  1.
  105. -0.138426557  1.
  105.5 -0.145537131  1.
  106. -0.152305756  1.
  106.5 -0.15872518  1.
  107. -0.164788685  1.
  107.5 -0.170490091  1.
  108. -0.17582378  1.
  108.5 -0.180784721  1.
  109. -0.185368511  1.
  109.5 -0.18957141  1.
  110. -0.193390396  1.
  110.5 -0.196823195  1.
  111. -0.199868328  1.
  111.5 -0.202525138  1.
  112. -0.204793805  1.
  112.5 -0.206675352  1.
  113. -0.208171642  1.
  113.5 -0.209285348  1.
  114. -0.210019923  1.
  114.5 -0.21037955  1.
  115. -0.210369087  1.
  115.5 -0.209994009  1.
  116. -0.209260336  1.
  116.5 -0.208174581  1.
  117. -0.206743683  1.
  117.5 -0.204974962  1.
  118. -0.202876077  1.
  118.5 -0.200454996  1.
  119. -0.19771998  1.
  119.5 -0.194679577  1.
  120. -0.191342629  1.
  120.5 -0.187718279  1.
  121. -0.183816  1.
  121.5 -0.17964561  1.
  122. -0.175217294  1.
  122.5 -0.170541628  1.
  123. -0.165629584  1.
  123.5 -0.160492536  1.
  124. -0.15514225  1.
  124.5 -0.149590865  1.
  125. -0.143850861  1.
  125.5 -0.137935014  1.
  126. -0.131856344  1.
  126.5 -0.125628058  1.
  127. -0.119263482  1.
  127.5 -0.112775997  1.
  128. -0.106178979  1.
  128.5 -0.0994857377  1.
  129. -0.0927094667  1.
  129.5 -0.085863206  1.
  130. -0.0789598114  1.
  130.5 -0.0720119379  1.
  131. -0.0650320332  1.
  131.5 -0.0580323418  1.
  132. -0.0510249171  1.
  132.5 -0.0440216389  1.
  133. -0.0370342329  1.
  133.5 -0.0300742906  1.
  134. -0.0231532854  1.
  134.5 -0.0162825827  1.
  135. -0.00947344174  1.
  135.5 -0.00273700755  1.
  136.  0.00391570717  1.
  136.5  0.0104738508  1.
  137.  0.0169267711  1.
  137.5  0.0232640605  1.
  138.  0.029475608  1.
  138.5  0.0355516521  1.
  139.  0.0414828341  1.
  139.5  0.0472602472  1.
  140.  0.0528754795  1.
  140.5  0.0583206468  1.
  141.  0.0635884154  1.
  141.5  0.068672012  1.
  142.  0.0735652216  1.
  142.5  0.0782623734  1.
  143.  0.0827583165  1.
  143.5  0.0870483869  1.
  144.  0.0911283699  1.
  144.5  0.0949944588  1.
  145.  0.0986432158  1.
  145.5  0.102071535  1.
  146.  0.105276614  1.
  146.5  0.108255931  1.
  147.  0.111007237  1.
  147.5  0.113528554  1.
  148.  0.115818185  1.
  148.5  0.117874739  1.
  149.  0.119697155  1.
  149.5  0.121284742  1.
  150.  0.122637212  1.
  150.5  0.123754719  1.
  151.  0.124637893  1.
  151.5  0.125287869  1.
  152.  0.125706303  1.
  152.5  0.125895384  1.
  153.  0.125857827  1.
  153.5  0.125596857  1.
  154.  0.125116187  1.
  154.5  0.124419973  1.
  155.  0.123512774  1.
  155.5  0.122399497  1.
  156.  0.121085345  1.
  156.5  0.119575762  1.
  157.  0.117876384  1.
  157.5  0.115992997  1.
  158.  0.113931499  1.
  158.5  0.111697878  1.
  159.  0.109298199  1.
  159.5  0.106738599  1.
  160.  0.104025297  1.
  160.5  0.101164609  1.
  161.  0.0981629719  1.
  161.5  0.0950269667  1.
  162.  0.0917633482  1.
  162.5  0.0883790675  1.
  163.  0.0848812906  1.
  163.5  0.0812774096  1.
  164.  0.0775750435  1.
  164.5  0.0737820287  1.
  165.  0.0699063983  1.
  165.5  0.0659563503  1.
  166.  0.0619402072  1.
  166.5  0.0578663679  1.
  167.  0.053743255  1.
  167.5  0.0495792605  1.
  168.  0.045382692  1.
  168.5  0.0411617244  1.
  169.  0.0369243569  1.
  169.5  0.0326783804  1.
  170.  0.0284313544  1.
  170.5  0.0241905951  1.
  171.  0.0199631757  1.
  171.5  0.0157559353  1.
  172.  0.0115754981  1.
  172.5  0.0074282979  1.
  173.  0.00332060712  1.
  173.5 -0.000741433445  1.
  174. -0.00475178682  1.
  174.5 -0.00870449653  1.
  175. -0.0125936705  1.
  175.5 -0.0164134734  1.
  176. -0.0201581296  1.
  176.5 -0.0238219353  1.
  177. -0.0273992814  1.
  177.5 -0.0308846842  1.
  178. -0.034272823  1.
  178.5 -0.0375585822  1.
  179. -0.0407370941  1.
  179.5 -0.0438037808  1.
  180. -0.046754392  1.
  180.5 -0.0495850354  1.
  181. -0.0522921989  1.
  181.5 -0.0548727621  1.
  182. -0.0573239977  1.
  182.5 -0.0596435616  1.
  183. -0.0618294733  1.
  183.5 -0.0638800887  1.
  184. -0.0657940662  1.
  184.5 -0.0675703296  1.
  185. -0.069208031  1.
  185.5 -0.0707065154  1.
  186. -0.0720652899  1.
  186.5 -0.0732840008  1.
  187. -0.0743624187  1.
  187.5 -0.0753004335  1.
  188. -0.0760980593  1.
  188.5 -0.0767554481  1.
  189. -0.0772729125  1.
  189.5 -0.0776509531  1.
  190. -0.0778902902  1.
  190.5 -0.0779918962  1.
  191. -0.0779570255  1.
  191.5 -0.0777872403  1.
  192. -0.077484429  1.
  192.5 -0.0770508145  1.
  193. -0.0764889543  1.
  193.5 -0.0758017275  1.
  194. -0.0749923127  1.
  194.5 -0.0740641563  1.
  195. -0.0730209325  1.
  195.5 -0.0718664987  1.
  196. -0.0706048476  1.
  196.5 -0.0692400604  1.
  197. -0.0677762625  1.
  197.5 -0.0662175856  1.
  198. -0.0645681379  1.
  198.5 -0.0628319845  1.
  199. -0.061013138  1.
  199.5 -0.0591155608  1.
  200. -0.0571431777  1.
  200.5 -0.0550998966  1.
  201. -0.0529896376  1.
  201.5 -0.0508163647  1.
  202. -0.0485841207  1.
  202.5 -0.0462970585  1.
  203. -0.0439594691  1.
  203.5 -0.0415758026  1.
  204. -0.0391506786  1.
  204.5 -0.0366888874  1.
  205. -0.0341953791  1.
  205.5 -0.0316752419  1.
  206. -0.0291336706  1.
  206.5 -0.0265759257  1.
  207. -0.0240072881  1.
  207.5 -0.0214330088  1.
  208. -0.01885826  1.
  208.5 -0.0162880872  1.
  209. -0.0137273687  1.
  209.5 -0.0111807811  1.
  210. -0.00865277635  1.
  210.5 -0.00614756833  1.
  211. -0.00366913139  1.
  211.5 -0.0012212094  1.
  212.  0.00119266563  1.
  212.5  0.00356914719  1.
  213.  0.00590504282  1.
  213.5  0.00819728004  1.
  214.  0.0104428728  1.
  214.5  0.0126388913  1.
  215.  0.0147824372  1.
  215.5  0.0168706272  1.
  216.  0.0189005858  1.
  216.5  0.0208694477  1.
  217.  0.0227743707  1.
  217.5  0.0246125575  1.
  218.  0.0263812849  1.
  218.5  0.0280779386  1.
  219.  0.0297000511  1.
  219.5  0.0312453394  1.
  220.  0.0327117401  1.
  220.5  0.0340974398  1.
  221.  0.0354008969  1.
  221.5  0.0366208559  1.
  222.  0.0377563499  1.
  222.5  0.0388066942  1.
  223.  0.0397714694  1.
  223.5  0.0406504963  1.
  224.  0.0414438036  1.
  224.5  0.0421515923  1.
  225.  0.0427741974  1.
  225.5  0.0433120517  1.
  226.  0.0437656525  1.
  226.5  0.0441355359  1.
  227.  0.0444222574  1.
  227.5  0.0446263835  1.
  228.  0.0447484919  1.
  228.5  0.0447891825  1.
  229.  0.0447490958  1.
  229.5  0.0446289394  1.
  230.  0.0444295189  1.
  230.5  0.0441517708  1.
  231.  0.043796795  1.
  231.5  0.0433658842  1.
  232.  0.0428605475  1.
  232.5  0.042282525  1.
  233.  0.0416337949  1.
  233.5  0.0409165683  1.
  234.  0.0401332749  1.
  234.5  0.0392865388  1.
  235.  0.0383791454  1.
  235.5  0.0374140033  1.
  236.  0.0363941015  1.
  236.5  0.035322466  1.
  237.  0.0342021186  1.
  237.5  0.0330360403  1.
  238.  0.0318271414  1.
  238.5  0.0305782409  1.
  239.  0.0292920562  1.
  239.5  0.0279712025  1.
  240.  0.0266182034  1.
  240.5  0.0252355095  1.
  241.  0.0238255254  1.
  241.5  0.0223906403  1.
  242.  0.0209332617  1.
  242.5  0.0194558479  1.
  243.  0.0179609366  1.
  243.5  0.0164511681  1.
  244.  0.0149292989  1.
  244.5  0.0133982067  1.
  245.  0.0118608839  1.
  245.5  0.0103204208  1.
  246.  0.00877997881  1.
  246.5  0.00724275597  1.
  247.  0.0057119459  1.
  247.5  0.0041906938  1.
  248.  0.00268205202  1.
  248.5  0.00118893831  1.
  249. -0.0002859003  1.
  249.5 -0.00173991571  1.
  250. -0.00317077686  1.
  250.5 -0.00457637681  1.
  251. -0.00595482814  1.
  251.5 -0.00730444721  1.
  252. -0.00862372863  1.
  252.5 -0.00991131166  1.
  253. -0.0111659414  1.
  253.5 -0.0123864273  1.
  254. -0.0135716029  1.
  254.5 -0.014720289  1.
  255. -0.0158312635  1.
  255.5 -0.0169032408  1.
  256. -0.017934861  1.
  256.5 -0.0189246916  1.
  257. -0.0198712399  1.
  257.5 -0.0207729775  1.
  258. -0.0216283722  1.
  258.5 -0.0224359288  1.
  259. -0.0231942323  1.
  259.5 -0.0239019931  1.
  260. -0.0245580898  1.
  260.5 -0.0251616064  1.
  261. -0.0257118617  1.
  261.5 -0.026208429  1.
  262. -0.0266511438  1.
  262.5 -0.0270400998  1.
  263. -0.0273756332  1.
  263.5 -0.027658296  1.
  264. -0.0278888214  1.
  264.5 -0.0280680821  1.
  265. -0.0281970459  1.
  265.5 -0.0282767309  1.
  266. -0.0283081642  1.
  266.5 -0.0282923458  1.
  267. -0.0282302218  1.
  267.5 -0.0281226667  1.
  268. -0.0279704778  1.
  268.5 -0.0277743804  1.
  269. -0.0275350434  1.
  269.5 -0.0272531051  1.
  270. -0.0269292046  1.
  270.5 -0.0265640187  1.
  271. -0.0261582993  1.
  271.5 -0.025712909  1.
  272. -0.0252288526  1.
  272.5 -0.0247073  1.
  273. -0.0241496011  1.
  273.5 -0.0235572886  1.
  274. -0.0229320705  1.
  274.5 -0.0222758112  1.
  275. -0.0215905028  1.
  275.5 -0.0208782296  1.
  276. -0.0201411259  1.
  276.5 -0.0193813325  1.
  277. -0.0186009542  1.
  277.5 -0.0178020205  1.
  278. -0.0169864539  1.
  278.5 -0.0161560467  1.
  279. -0.0153124487  1.
  279.5 -0.0144571669  1.
  280. -0.0135915762  1.
  280.5 -0.012716941  1.
  281. -0.0118344455  1.
  281.5 -0.0109452309  1.
  282. -0.0100504353  1.
  282.5 -0.00915123519  1.
  283. -0.00824888238  1.
  283.5 -0.00734473633  1.
  284. -0.00644028685  1.
  284.5 -0.00553716635  1.
  285. -0.0046371501  1.
  285.5 -0.00374214411  1.
  286. -0.00285416119  1.
  286.5 -0.00197528672  1.
  287. -0.00110763628  1.
  287.5 -0.000253308054  1.
  288.  0.000585666733  1.
  288.5  0.00140737186  1.
  289.  0.00221004923  1.
  289.5  0.00299213417  1.
  290.  0.00375228004  1.
  290.5  0.00448937074  1.
  291.  0.00520252012  1.
  291.5  0.00589105818  1.
  292.  0.00655450536  1.
  292.5  0.00719253669  1.
  293.  0.00780493835  1.
  293.5  0.00839156013  1.
  294.  0.00895226706  1.
  294.5  0.00948689403  1.
  295.  0.00999520664  1.
  295.5  0.0104768714  1.
  296.  0.0109314374  1.
  296.5  0.0113583309  1.
  297.  0.0117568634  1.
  297.5  0.0121262529  1.
  298.  0.0124656557  1.
  298.5  0.0127742085  1.
  299.  0.0130510752  1.
  299.5  0.0132954971  1.
  300.  0.0135068416  1.
  300.5  0.0136846458  1.
  301.  0.0138286516  1.
  301.5  0.013938831  1.
  302.  0.014015397  1.
  302.5  0.0140588011  1.
  303.  0.0140697174  1.
  303.5  0.0140490128  1.
  304.  0.0139977072  1.
  304.5  0.0139169248  1.
  305.  0.0138078411  1.
  305.5  0.0136716293  1.
  306.  0.0135094092  1.
  306.5  0.0133222027  1.
  307.  0.0131109003  1.
  307.5  0.0128762383  1.
  308.  0.0126187917  1.
  308.5  0.0123389805  1.
  309.  0.0120370909  1.
  309.5  0.0117133088  1.
  310.  0.011367763  1.
  310.5  0.0110005763  1.
  311.  0.0106119188  1.
  311.5  0.0102020607  1.
  312.  0.00977142002  1.
  312.5  0.0093206019  1.
  313.  0.00885042637  1.
  313.5  0.00836194207  1.
  314.  0.00785642507  1.
  314.5  0.00733536237  1.
  315.  0.00680042125  1.
  315.5  0.00625340636  1.
  316.  0.0056962075  1.
  316.5  0.00513074167  1.
  317.  0.00455889349  1.
  317.5  0.00398245806  1.
  318.  0.00340309037  1.
  318.5  0.00282226467  1.
  319.  0.00224124674  1.
  319.5  0.00166108085  1.
  320.  0.00108259209  1.
  320.5  0.000506404065  1.
  321. -6.70298215E-05  1.
  321.5 -0.000637383827  1.
  322. -0.00120440942  1.
  322.5 -0.00176788063  1.
  323. -0.00232753958  1.
  323.5 -0.00288304624  1.
  324. -0.00343393628  1.
  324.5 -0.00397959023  1.
  325. -0.00451921642  1.
  325.5 -0.00505184893  1.
  326. -0.00557636082  1.
  326.5 -0.00609149177  1.
  327. -0.00659588797  1.
  327.5 -0.00708815139  1.
  328. -0.00756689472  1.
  328.5 -0.00803079772  1.
  329. -0.00847866084  1.
  329.5 -0.00890945198  1.
  330. -0.00932234266  1.
  330.5 -0.00971673096  1.
  331. -0.0100922492  1.
  331.5 -0.0104487559  1.
  332. -0.010786312  1.
  332.5 -0.011105144  1.
  333. -0.0114055953  1.
  333.5 -0.0116880715  1.
  334. -0.0119529807  1.
  334.5 -0.0122006772  1.
  335. -0.0124314093  1.
  335.5 -0.0126452778  1.
  336. -0.0128422078  1.
  336.5 -0.0130219359  1.
  337. -0.0131840141  1.
  337.5 -0.0133278308  1.
  338. -0.0134526479  1.
  338.5 -0.0135576503  1.
  339. -0.0136420053  1.
  339.5 -0.0137049277  1.
  340. -0.0137457451  1.
  340.5 -0.0137639588  1.
  341. -0.0137592966  1.
  341.5 -0.0137317509  1.
  342. -0.0136816027  1.
  342.5 -0.0136094253  1.
  343. -0.0135160703  1.
  343.5 -0.0134026351  1.
  344. -0.0132704133  1.
  344.5 -0.013120833  1.
  345. -0.012955386  1.
  345.5 -0.0127755523  1.
  346. -0.0125827274  1.
  346.5 -0.012378155  1.
  347. -0.0121628722  1.
  347.5 -0.0119376699  1.
  348. -0.0117030715  1.
  348.5 -0.0114593324  1.
  349. -0.0112064602  1.
  349.5 -0.0109442528  1.
  350. -0.0106723547  1.
  350.5 -0.0103903248  1.
  351. -0.0100977118  1.
  351.5 -0.00979413286  1.
  352. -0.00947934712  1.
  352.5 -0.00915332147  1.
  353. -0.00881628161  1.
  353.5 -0.00846874527  1.
  354. -0.00811153467  1.
  354.5 -0.00774576724  1.
  355. -0.00737282459  1.
  355.5 -0.00699430215  1.
  356. -0.00661194243  1.
  356.5 -0.00622755685  1.
  357. -0.00584294151  1.
  357.5 -0.00545979296  1.
  358. -0.0050796301  1.
  358.5 -0.00470372777  1.
  359. -0.00433306718  1.
  359.5 -0.00396830665  1.
  360. -0.00360977529  1.
  360.5 -0.00325748994  1.
  361. -0.00291119457  1.
  361.5 -0.00257041932  1.
  362. -0.00223455512  1.
  362.5 -0.0019029384  1.
  363. -0.00157493998  1.
  363.5 -0.0012500514  1.
  364. -0.000927962456  1.
  364.5 -0.000608624021  1.
  365. -0.000292291389  1.
  365.5  2.04553443E-05  1.
  366.  0.000328715704  1.
  366.5  0.000631298006  1.
  367.  0.000926771535  1.
  367.5  0.00121353828  1.
  368.  0.00148991926  1.
  368.5  0.0017542493  1.
  369.  0.00200497362  1.
  369.5  0.00224073915  1.
  370.  0.00246047396  1.
  370.5  0.00266344884  1.
  371.  0.00284931659  1.
  371.5  0.00301812555  1.
  372.  0.00317030657  1.
  372.5  0.00330663368  1.
  373.  0.00342816127  1.
  373.5  0.00353614202  1.
  374.  0.00363193139  1.
  374.5  0.00371688536  1.
  375.  0.00379225886  1.
  375.5  0.00385911229  1.
  376.  0.00391823295  1.
  376.5  0.00397007732  1.
  377.  0.00401473852  1.
  377.5  0.00405194165  1.
  378.  0.00408106763  1.
  378.5  0.00410120401  1.
  379.  0.00411121939  1.
  379.5  0.00410985618  1.
  380.  0.00409583511  1.
  380.5  0.00406796401  1.
  381.  0.00402524264  1.
  381.5  0.00396695614  1.
  382.  0.00389274971  1.
  382.5  0.00380267902  1.
  383.  0.00369723199  1.
  383.5  0.00357732016  1.
  384.  0.00344423961  1.
  384.5  0.00329960376  1.
  385.  0.00314525273  1.
  385.5  0.00298314522  1.
  386.  0.00281524071  1.
  386.5  0.00264338019  1.
  387.  0.00246917437  1.
  387.5  0.00229390727  1.
  388.  0.00211846267  1.
  388.5  0.00194327911  1.
  389.  0.00176833706  1.
  389.5  0.00159317975  1.
  390.  0.00141696679  1.
  390.5  0.00123855701  1.
  391.  0.00105661521  1.
  391.5  0.000869735202  1.
  392.  0.000676570768  1.
  392.5  0.000475964827  1.
  393.  0.000267067659  1.
  393.5  4.94351846E-05  1.
  394. -0.000176900092  1.
  394.5 -0.000411391168  1.
  395. -0.000652975193  1.
  395.5 -0.000900109336  1.
  396. -0.00115084217  1.
  396.5 -0.00140291619  1.
  397. -0.00165389468  1.
  397.5 -0.00190130453  1.
  398. -0.002142785  1.
  398.5 -0.00237623206  1.
  399. -0.00259992814  1.
  399.5 -0.00281264757  1.
  400. -0.00301373013  1.
  400.5 -0.00320311676  1.
  401. -0.00338134431  1.
  401.5 -0.00354949904  1.
  402. -0.0037091315  1.
  402.5 -0.00386213794  1.
  403. -0.0040106163  1.
  403.5 -0.00415670627  1.
  404. -0.00430242456  1.
  404.5 -0.00444950676  1.
  405. -0.00459926702  1.
  405.5 -0.00475248559  1.
  406. -0.00490933275  1.
  406.5 -0.00506933453  1.
  407. -0.00523138376  1.
  407.5 -0.00539379603  1.
  408. -0.00555440716  1.
  408.5 -0.00571070638  1.
  409. -0.00585999598  1.
  409.5 -0.00599956686  1.
  410. -0.00612687793  1.
  410.5 -0.00623972683  1.
  411. -0.00633639999  1.
  411.5 -0.00641579137  1.
  412. -0.00647748107  1.
  412.5 -0.006521768  1.
  413. -0.00654965362  1.
  413.5 -0.00656277747  1.
  414. -0.00656330829  1.
  414.5 -0.00655379791  1.
  415. -0.00653700769  1.
  415.5 -0.00651571921  1.
  416. -0.00649254238  1.
  416.5 -0.00646973436  1.
  417. -0.00644904207  1.
  417.5 -0.00643157953  1.
  418. -0.00641774907  1.
  418.5 -0.00640721251  1.
  419. -0.00639891478  1.
  419.5 -0.00639115904  1.
  420. -0.00638172869  1.
  420.5 -0.00636804806  1.
  421. -0.00634737136  1.
  421.5 -0.00631698654  1.
  422. -0.00627442029  1.
  422.5 -0.00621762968  1.
  423. -0.00614516672  1.
  423.5 -0.00605630412  1.
  424. -0.00595111274  1.
  424.5 -0.00583048465  1.
  425. -0.00569609944  1.
  425.5 -0.00555033527  1.
  426. -0.00539613  1.
  426.5 -0.00523680144  1.
  427. -0.00507583846  1.
  427.5 -0.00491667721  1.
  428. -0.00476247758  1.
  428.5 -0.00461591554  1.
  429. -0.00447900578  1.
  429.5 -0.00435296756  1.
  430. -0.00423814346  1.
  430.5 -0.00413397742  1.
  431. -0.00403905445  1.
  431.5 -0.00395120017  1.
  432. -0.00386763397  1.
  432.5 -0.00378516612  1.
  433. -0.00370042587  1.
  433.5 -0.00361010521  1.
  434. -0.00351120171  1.
  434.5 -0.00340124389  1.
  435. -0.00327848325  1.
  435.5 -0.00314203943  1.
  436. -0.00299198788  1.
  436.5 -0.0028293832  1.
  437. -0.00265621574  1.
  437.5 -0.00247530353  1.
  438. -0.00229012591  1.
  438.5 -0.00210460954  1.
  439. -0.00192288076  1.
  439.5 -0.00174900053  1.
  440. -0.00158669997  1.
  440.5 -0.00143913433  1.
  441. -0.00130867228  1.
  441.5 -0.00119673544  1.
  442. -0.00110369956  1.
  442.5 -0.00102886463  1.
  443. -0.000970497173  1.
  443.5 -0.000925942321  1.
  444. -0.000891799222  1.
  444.5 -0.000864148575  1.
  445. -0.000838817466  1.
  445.5 -0.00081166423  1.
  446. -0.00077886416  1.
  446.5 -0.000737176954  1.
  447. -0.000684177551  1.
  447.5 -0.000618434336  1.
  448. -0.00053962228  1.
  448.5 -0.000448562408  1.
  449. -0.000347184181  1.
  449.5 -0.0002384124  1.
  450. -0.000125985353  1.
  450.5 -1.42154335E-05  1.
  451.  9.2292251E-05  1.
  451.5  0.000188945012  1.
  452.  0.000271471492  1.
  452.5  0.000336213589  1.
  453.  0.000380381846  1.
  453.5  0.000402256943  1.
  454.  0.000401323183  1.
  454.5  0.000378324413  1.
  455.  0.000335237719  1.
  455.5  0.000275165829  1.
  456.  0.00020215425  1.
  456.5  0.00012094452  1.
  457.  3.66790445E-05  1.
  457.5 -4.542362E-05  1.
  458. -0.000120402065  1.
  458.5 -0.000183872048  1.
  459. -0.000232312364  1.
  459.5 -0.000263297465  1.
  460. -0.000275661177  1.
  460.5 -0.000269580283  1.
  461. -0.000246571751  1.
  461.5 -0.00020940314  1.
  462. -0.000161921175  1.
  462.5 -0.000108809014  1.
  463. -5.52872158E-05  1.
  463.5 -6.777437E-06  1.
  464.  3.14498725E-05  1.
  464.5  5.46211778E-05  1.
  465.  5.87766948E-05  1.
  465.5  4.10378718E-05  1.
  466. -1.9200225E-07  1.
  466.5 -6.51070762E-05  1.
  467. -0.000152466609  1.
  467.5 -0.000259653204  1.
  468. -0.000382818646  1.
  468.5 -0.000517108291  1.
  469. -0.000656950238  1.
  469.5 -0.000796391178  1.
  470. -0.000929457782  1.
  470.5 -0.001050521  1.
  471. -0.00115464026  1.
  471.5 -0.00123786582  1.
  472. -0.00129748021  1.
  472.5 -0.00133216355  1.
  473. -0.00134207221  1.
  473.5 -0.001328826  1.
  474. -0.00129540448  1.
  474.5 -0.0012459591  1.
  475. -0.00118555291  1.
  475.5 -0.00111984405  1.
  476. -0.00105473308  1.
  476.5 -0.000995996003  1.
  477. -0.000948925944  1.
  477.5 -0.000918005654  1.
  478. -0.000906631213  1.
  478.5 -0.000916903742  1.
  479. -0.000949501921  1.
  479.5 -0.00100364276  1.
  480. -0.00107713272  1.
  480.5 -0.00116650549  1.
  481. -0.00126723757  1.
  481.5 -0.00137402785  1.
  482. -0.00148112355  1.
  482.5 -0.00158267221  1.
  483. -0.00167307787  1.
  483.5 -0.00174733954  1.
  484. -0.00180135127  1.
  484.5 -0.00183214579  1.
  485. -0.00183806711  1.
  485.5 -0.00181886238  1.
  486. -0.00177568774  1.
  486.5 -0.00171102891  1.
  487. -0.00162854198  1.
  487.5 -0.00153282484  1.
  488. -0.00142913393  1.
  488.5 -0.00132306399  1.
  489. -0.00122021065  1.
  489.5 -0.00112583631  1.
  490. -0.00104455964  1.
  490.5 -0.00098008708  1.
  491. -0.000935001786  1.
  491.5 -0.000910622251  1.
  492. -0.000906938035  1.
  492.5 -0.000922625504  1.
  493. -0.000955141379  1.
  493.5 -0.00100088772  1.
  494. -0.0010554373  1.
  494.5 -0.00111380528  1.
  495. -0.00117075021  1.
  495.5 -0.00122108638  1.
  496. -0.00125998872  1.
  496.5 -0.00128327262  1.
  497. -0.00128763262  1.
  497.5 -0.00127082675  1.
  498. -0.00123179669  1.
  498.5 -0.00117071801  1.
  499. -0.00108897879  1.
  499.5 -0.000989089242  1.
  500. -0.000874528848  1.
  500.5 -0.000749541055  1.
  501. -0.00061888821  1.
  501.5 -0.000487581565  1.
  502. -0.000360602225  1.
  502.5 -0.000242628929  1.
  503. -0.000137787812  1.
  503.5 -4.94377007E-05  1.
  504.  1.99978657E-05  1.
  504.5  6.91437165E-05  1.
  505.  9.77263248E-05  1.
  505.5  0.000106565815  1.
  506.  9.7508664E-05  1.
  506.5  7.33063841E-05  1.
  507.  3.74481477E-05  1.
  507.5 -6.04228577E-06  1.
  508. -5.28334411E-05  1.
  508.5 -9.85240231E-05  1.
  509. -0.000138878752  1.
  509.5 -0.000170049792  1.
  510. -0.000188772404  1.
  510.5 -0.000192525402  1.
  511. -0.000179648946  1.
  511.5 -0.000149414948  1.
  512. -0.000102047774  1.
  512.5 -3.86956949E-05  1.
  513.  3.86440045E-05  1.
  513.5  0.000127241146  1.
  514.  0.000223782904  1.
  514.5  0.000324549762  1.
  515.  0.000425607682  1.
  515.5  0.000523006643  1.
  516.  0.000612975662  1.
  516.5  0.000692104945  1.
  517.  0.000757506836  1.
  517.5  0.000806948399  1.
  518.  0.000838950087  1.
  518.5  0.0008528467  1.
  519.  0.000848808648  1.
  519.5  0.000827823486  1.
  520.  0.000791639271  1.
  520.5  0.000742673227  1.
  521.  0.00068389041  1.
  521.5  0.000618658377  1.
  522.  0.000550584781  1.
  522.5  0.000483345399  1.
  523.  0.000420510296  1.
  523.5  0.000365376068  1.
  524.  0.000320811422  1.
  524.5  0.000289123043  1.
  525.  0.000271947481  1.
  525.5  0.000270173988  1.
  526.  0.000283901776  1.
  526.5  0.00031243363  1.
  527.  0.000354306408  1.
  527.5  0.000407357301  1.
  528.  0.000468823242  1.
  528.5  0.000535469252  1.
  529.  0.00060374028  1.
  529.5  0.000669929948  1.
  530.  0.000730358701  1.
  530.5  0.000781553223  1.
  531.  0.000820418878  1.
  531.5  0.000844396959  1.
  532.  0.000851598962  1.
  532.5  0.00084091115  1.
  533.  0.000812063599  1.
  533.5  0.00076565982  1.
  534.  0.000703164462  1.
  534.5  0.000626848791  1.
  535.  0.000539695582  1.
  535.5  0.000445267082  1.
  536.  0.000347541744  1.
  536.5  0.000250726917  1.
  537.  0.000159056371  1.
  537.5  7.6582297E-05  1.
  538.  6.97211607E-06  1.
  538.5 -4.66795684E-05  1.
  539. -8.20140332E-05  1.
  539.5 -9.75377065E-05  1.
  540. -9.27102734E-05  1.
  540.5 -6.79863389E-05  1.
  541. -2.48074835E-05  1.
  541.5  3.44558888E-05  1.
  542.  0.00010661085  1.
  542.5  0.000187791895  1.
  543.  0.000273647583  1.
  543.5  0.000359554901  1.
  544.  0.000440850695  1.
  544.5  0.000513068533  1.
  545.  0.000572168754  1.
  545.5  0.000614749726  1.
  546.  0.00063822907  1.
  546.5  0.000640985051  1.
  547.  0.000622450342  1.
  547.5  0.000583152773  1.
  548.  0.000524700321  1.
  548.5  0.000449710799  1.
  549.  0.000361689173  1.
  549.5  0.000264858752  1.
  550.  0.000163954501  1.
  550.5  6.39890754E-05  1.
  551. -2.99965003E-05  1.
  551.5 -0.000113184644  1.
  552. -0.000181222539  1.
  552.5 -0.000230440547  1.
  553. -0.000258036441  1.
  553.5 -0.000262215962  1.
  554. -0.000242282701  1.
  554.5 -0.000198672718  1.
  555. -0.000132932448  1.
  555.5 -4.76412552E-05  1.
  556.  5.3717085E-05  1.
  556.5  0.000166927024  1.
  557.  0.000287248941  1.
  557.5  0.000409651061  1.
  558.  0.000529053731  1.
  558.5  0.000640573572  1.
  559.  0.000739755359  1.
  559.5  0.000822780239  1.
  560.  0.000886640334  1.
  560.5  0.000929271641  1.
  561.  0.000949639386  1.
  561.5  0.000947772635  1.
  562.  0.000924747379  1.
  562.5  0.000882620062  1.
  563.  0.000824315893  1.
  563.5  0.000753478337  1.
  564.  0.000674287914  1.
  564.5  0.000591259809  1.
  565.  0.000509030316  1.
  565.5  0.000432142542  1.
  566.  0.000364841296  1.
  566.5  0.000310886535  1.
  567.  0.000273393168  1.
  567.5  0.000254703857  1.
  568.  0.000256299442  1.
  568.5  0.000278749683  1.
  569.  0.000321705269  1.
  569.5  0.000383929876  1.
  570.  0.000463369615  1.
  570.5  0.000557255397  1.
  571.  0.000662232849  1.
  571.5  0.000774513221  1.
  572.  0.000890038358  1.
  572.5  0.00100465239  1.
  573.  0.00111427305  1.
  573.5  0.00121505572  1.
  574.  0.00130354417  1.
  574.5  0.00137680232  1.
  575.  0.00143252291  1.
  575.5  0.00146910942  1.
  576.  0.00148572906  1.
  576.5  0.00148233566  1.
  577.  0.00145966219  1.
  577.5  0.00141918405  1.
  578.  0.00136305476  1.
  578.5  0.00129401672  1.
  579.  0.00121529073  1.
  579.5  0.00113044794  1.
  580.  0.00104326908  1.
  580.5  0.000957595766  1.
  581.  0.000877179217  1.
  581.5  0.000805531517  1.
  582.  0.000745784983  1.
  582.5  0.000700564613  1.
  583.  0.000671878608  1.
  583.5  0.000661031206  1.
  584.  0.000668561664  1.
  584.5  0.000694212261  1.
  585.  0.000736927303  1.
  585.5  0.000794884053  1.
  586.  0.000865555269  1.
  586.5  0.000945801774  1.
  587.  0.00103199234  1.
  587.5  0.00112014676  1.
  588.  0.00120609694  1.
  588.5  0.00128565985  1.
  589.  0.0013548154  1.
  589.5  0.00140988168  1.
  590.  0.00144768005  1.
  590.5  0.00146568242  1.
  591.  0.00146213379  1.
  591.5  0.00143614379  1.
  592.  0.00138774228  1.
  592.5  0.00131789563  1.
  593.  0.00122848162  1.
  593.5  0.00112222332  1.
  594.  0.00100258385  1.
  594.5  0.000873625894  1.
  595.  0.000739841875  1.
  595.5  0.000605961736  1.
  596.  0.000476747131  1.
  596.5  0.000356781114  1.
  597.  0.000250263202  1.
  597.5  0.000160819364  1.
  598.  9.13360789E-05  1.
  598.5  4.38265288E-05  1.
  599.  1.93354752E-05  1.
  599.5  1.78876647E-05  1.
  600.  3.84824772E-05  1.
  600.5  7.91353874E-05  1.
  601.  0.000136964428  1.
  601.5  0.000208317759  1.
  602.  0.000288936434  1.
  602.5  0.000374144691  1.
  603.  0.000459058853  1.
  603.5  0.000538805101  1.
  604.  0.000608735826  1.
  604.5  0.000664634639  1.
  605.  0.000702900595  1.
  605.5  0.000720703384  1.
  606.  0.000716102646  1.
  606.5  0.000688126468  1.
  607.  0.000636806124  1.
  607.5  0.000563166105  1.
  608.  0.000469170863  1.
  608.5  0.000357631379  1.
  609.  0.000232076696  1.
  609.5  9.65968991E-05  1.
  610. -4.43348463E-05  1.
  610.5 -0.000186052854  1.
  611. -0.000323893394  1.
  611.5 -0.000453384689  1.
  612. -0.000570424423  1.
  612.5 -0.00067143767  1.
  613. -0.000753509328  1.
  613.5 -0.000814486524  1.
  614. -0.000853047852  1.
  614.5 -0.000868738012  1.
  615. -0.000861967773  1.
  615.5 -0.000833980738  1.
  616. -0.000786789469  1.
  616.5 -0.000723084746  1.
  617. -0.000646122438  1.
  617.5 -0.000559593018  1.
  618. -0.000467479171  1.
  618.5 -0.000373906893  1.
  619. -0.000282995478  1.
  619.5 -0.00019871139  1.
  620. -0.000124730678  1.
  620.5 -6.43140024E-05  1.
  621. -2.01977393E-05  1.
  621.5  5.49599393E-06  1.
  622.  1.13281939E-05  1.
  622.5 -3.41090287E-06  1.
  623. -3.86793279E-05  1.
  623.5 -9.36849286E-05  1.
  624. -0.000166910779  1.
  624.5 -0.000256163646  1.
  625. -0.000358644302  1.
  625.5 -0.000471037881  1.
  626. -0.000589621839  1.
  626.5 -0.000710388813  1.
  627. -0.000829180924  1.
  627.5 -0.000941831733  1.
  628. -0.00104431158  1.
  628.5 -0.0011328717  1.
  629. -0.00120418231  1.
  629.5 -0.00125545979  1.
  630. -0.00128457797  1.
  630.5 -0.00129015902  1.
  631. -0.00127163976  1.
  631.5 -0.00122930993  1.
  632. -0.00116431987  1.
  632.5 -0.00107865594  1.
  633. -0.000975083588  1.
  633.5 -0.000857058902  1.
  634. -0.000728610991  1.
  634.5 -0.000594199071  1.
  635. -0.000458549025  1.
  635.5 -0.000326475628  1.
  636. -0.000202697309  1.
  636.5 -9.16509451E-05  1.
  637.  2.68542862E-06  1.
  637.5  7.69544817E-05  1.
  638.  0.000128558631  1.
  638.5  0.000155770024  1.
  639.  0.000157806225  1.
  639.5  0.000134867799  1.
  640.  8.81357387E-05  1.
  640.5  1.97283976E-05  1.
  641. -6.73805122E-05  1.
  641.5 -0.00016947953  1.
  642. -0.000282267721  1.
  642.5 -0.000401027168  1.
  643. -0.000520812264  1.
  643.5 -0.000636647449  1.
  644. -0.000743724859  1.
  644.5 -0.000837593377  1.
  645. -0.000914330949  1.
  645.5 -0.000970693061  1.
  646. -0.00100423141  1.
  646.5 -0.00101337822  1.
  647. -0.000997493366  1.
  647.5 -0.000956873272  1.
  648. -0.000892722143  1.
  648.5 -0.000807087874  1.
  649. -0.000702766553  1.
  649.5 -0.000583180401  1.
  650. -0.000452235378  1.
  650.5 -0.000314164923  1.
  651. -0.000173366819  1.
  651.5 -3.42399819E-05  1.
  652.  9.89723748E-05  1.
  652.5  0.000222327462  1.
  653.  0.000332310496  1.
  653.5  0.000425941493  1.
  654.  0.000500858371  1.
  654.5  0.000555374946  1.
  655.  0.000588513379  1.
  655.5  0.000600011571  1.
  656.  0.000590307061  1.
  656.5  0.00056049963  1.
  657.  0.000512295241  1.
  657.5  0.000447934353  1.
  658.  0.000370107819  1.
  658.5  0.000281863611  1.
  659.  0.000186507261  1.
  659.5  8.74990548E-05  1.
  660. -1.16495271E-05  1.
  660.5 -0.000107477827  1.
  661. -0.000196674355  1.
  661.5 -0.000276169712  1.
  662. -0.000343222366  1.
  662.5 -0.000395495805  1.
  663. -0.000431125512  1.
  663.5 -0.000448774396  1.
  664. -0.00044767521  1.
  664.5 -0.000427658668  1.
  665. -0.000389165897  1.
  665.5 -0.000333244257  1.
  666. -0.000261525618  1.
  666.5 -0.000176186639  1.
  667. -7.9891142E-05  1.
  667.5  2.42848466E-05  1.
  668.  0.000132944111  1.
  668.5  0.00024247325  1.
  669.  0.000349158939  1.
  669.5  0.000449311974  1.
  670.  0.000539394999  1.
  670.5  0.000616149333  1.
  671.  0.00067671597  1.
  671.5  0.000718745758  1.
  672.  0.000740493966  1.
  672.5  0.000740894591  1.
  673.  0.000719610827  1.
  673.5  0.000677058621  1.
  674.  0.000614401492  1.
  674.5  0.000533516065  1.
  675.  0.000436928927  1.
  675.5  0.00032772687  1.
  676.  0.000209443877  1.
  676.5  8.59292193E-05  1.
  677. -3.87978644E-05  1.
  677.5 -0.000160700836  1.
  678. -0.000275879306  1.
  678.5 -0.000380716769  1.
  679. -0.000472016201  1.
  679.5 -0.000547117815  1.
  680. -0.000603994058  1.
  680.5 -0.000641318081  1.
  681. -0.000658503188  1.
  681.5 -0.000655712092  1.
  682. -0.000633836398  1.
  682.5 -0.000594447904  1.
  683. -0.000539724656  1.
  683.5 -0.0004723558  1.
  684. -0.000395430025  1.
  684.5 -0.000312312853  1.
  685. -0.000226518448  1.
  685.5 -0.000141581423  1.
  686. -6.09337957E-05  1.
  686.5  1.22082913E-05  1.
  687.  7.49442476E-05  1.
  687.5  0.000124772307  1.
  688.  0.000159654339  1.
  688.5  0.000178061498  1.
  689.  0.000179000497  1.
  689.5  0.000162021579  1.
  690.  0.000127209629  1.
  690.5  7.51605331E-05  1.
  691.  6.94508609E-06  1.
  691.5 -7.593703E-05  1.
  692. -0.000171610786  1.
  692.5 -0.000277884648  1.
  693. -0.000392312865  1.
  693.5 -0.000512259642  1.
  694. -0.000634964121  1.
  694.5 -0.000757605371  1.
  695. -0.000877366921  1.
  695.5 -0.000991500576  1.
  696. -0.00109738928  1.
  696.5 -0.0011926088  1.
  697. -0.00127498763  1.
  697.5 -0.0013426647  1.
  698. -0.00139414346  1.
  698.5 -0.00142834134  1.
  699. -0.00144463245  1.
  699.5 -0.00144288191  1.
  700. -0.00142346928  1.
  700.5 -0.00138729924  1.
  701. -0.0013357973  1.
  701.5 -0.00127088898  1.
  702. -0.00119496141  1.
  702.5 -0.00111080679  1.
  703. -0.00102154822  1.
  703.5 -0.00093054935  1.
  704. -0.000841309899  1.
  704.5 -0.000757350502  1.
  705. -0.000682090734  1.
  705.5 -0.000618725065  1.
  706. -0.000570101948  1.
  706.5 -0.000538611246  1.
  707. -0.000526085346  1.
  707.5 -0.000533718752  1.
  708. -0.000562010402  1.
  708.5 -0.000610731931  1.
  709. -0.000678924031  1.
  709.5 -0.000764921772  1.
  710. -0.000866408289  1.
  710.5 -0.000980494995  1.
  711. -0.00110382507  1.
  711.5 -0.00123269588  1.
  712. -0.00136319506  1.
  712.5 -0.00149134437  1.
  713. -0.00161324505  1.
  713.5 -0.00172521837  1.
  714. -0.00182393553  1.
  714.5 -0.00190653153  1.
  715. -0.00197069861  1.
  715.5 -0.00201475601  1.
  716. -0.00203769374  1.
  716.5 -0.00203918996  1.
  717. -0.0020196021  1.
  717.5 -0.00197993359  1.
  718. -0.00192177905  1.
  718.5 -0.0018472513  1.
  719. -0.00175889443  1.
  719.5 -0.00165958745  1.
  720. -0.00155244281  1.
  720.5 -0.0014407042  1.
  721. -0.00132764739  1.
  721.5 -0.00121648722  1.
  722. -0.00111029327  1.
  722.5 -0.00101191582  1.
  723. -0.000923923055  1.
  723.5 -0.000848549616  1.
  724. -0.000787656194  1.
  724.5 -0.00074269929  1.
  725. -0.000714710033  1.
  725.5 -0.000704280993  1.
  726. -0.000711559858  1.
  726.5 -0.000736249193  1.
  727. -0.000777611787  1.
  727.5 -0.000834481615  1.
  728. -0.000905280631  1.
  728.5 -0.000988042174  1.
  729. -0.00108044194  1.
  729.5 -0.00117983747  1.
  730. -0.00128331722  1.
  730.5 -0.00138775984  1.
  731. -0.00148990398  1.
  731.5 -0.00158642835  1.
  732. -0.00167404082  1.
  732.5 -0.001749575  1.
  733. -0.0018100913  1.
  733.5 -0.00185297948  1.
  734. -0.00187605837  1.
  734.5 -0.00187766844  1.
  735. -0.0018567527  1.
  735.5 -0.00181292102  1.
  736. -0.00174649401  1.
  736.5 -0.00165852272  1.
  737. -0.00155078157  1.
  737.5 -0.00142573306  1.
  738. -0.00128646412  1.
  738.5 -0.00113659538  1.
  739. -0.000980166033  1.
  739.5 -0.000821498425  1.
  740. -0.000665047533  1.
  740.5 -0.000515241593  1.
  741. -0.000376320668  1.
  741.5 -0.000252180222  1.
  742. -0.000146226787  1.
  742.5 -6.12522015E-05  1.
  743.  6.6789625E-07  1.
  743.5  3.82468077E-05  1.
  744.  5.10276335E-05  1.
  744.5  3.93907275E-05  1.
  745.  4.52792775E-06  1.
  745.5 -5.16147453E-05  1.
  746. -0.000126422564  1.
  746.5 -0.000216721225  1.
  747. -0.000318903982  1.
  747.5 -0.000429070556  1.
  748. -0.000543171211  1.
  748.5 -0.000657149476  1.
  749. -0.000767077444  1.
  749.5 -0.000869278277  1.
  750. -0.000960431624  1.
  750.5 -0.00103765882  1.
  751. -0.0010985861  1.
  751.5 -0.00114138524  1.
  752. -0.00116479249  1.
  752.5 -0.00116810757  1.
  753. -0.00115117541  1.
  753.5 -0.00111435409  1.
  754. -0.00105847236  1.
  754.5 -0.000984780533  1.
  755. -0.000894898018  1.
  755.5 -0.000790760309  1.
  756. -0.000674567592  1.
  756.5 -0.000548736265  1.
  757. -0.000415853953  1.
  757.5 -0.000278637622  1.
  758. -0.000139893931  1.
  758.5 -2.48035225E-06  1.
  759.  0.000130734651  1.
  759.5  0.000256914124  1.
  760.  0.000373299258  1.
  760.5  0.000477261149  1.
  761.  0.00056635808  1.
  761.5  0.000638397765  1.
  762.  0.000691503253  1.
  762.5  0.000724180253  1.
  763.  0.000735382818  1.
  763.5  0.000724573839  1.
  764.  0.00069177625  1.
  764.5  0.000637610969  1.
  765.  0.000563317571  1.
  765.5  0.000470754393  1.
  766.  0.000362375575  1.
  766.5  0.000241183586  1.
  767.  0.000110657029  1.
  767.5 -2.53448563E-05  1.
  768. -0.000162698468  1.
  768.5 -0.000297148805  1.
  769. -0.000424453875  1.
  769.5 -0.000540534444  1.
  770. -0.000641622454  1.
  770.5 -0.00072440107  1.
  771. -0.000786129654  1.
  771.5 -0.000824747571  1.
  772. -0.000838951546  1.
  772.5 -0.000828242807  1.
  773. -0.00079294158  1.
  773.5 -0.000734168404  1.
  774. -0.000653793225  1.
  774.5 -0.000554355216  1.
  775. -0.000438957462  1.
  775.5 -0.00031114212  1.
  776. -0.000174752483  1.
  776.5 -3.37888275E-05  1.
  777.  0.000107734895  1.
  777.5  0.000245926872  1.
  778.  0.000377139803  1.
  778.5  0.000498075028  1.
  779.  0.000605864858  1.
  779.5  0.0006981311  1.
  780.  0.000773019309  1.
  780.5  0.000829209814  1.
  781.  0.000865907843  1.
  781.5  0.000882816223  1.
  782.  0.000880094963  1.
  782.5  0.000858312284  1.
  783.  0.000818391782  1.
  783.5  0.000761560129  1.
  784.  0.000689298928  1.
  784.5  0.000603303417  1.
  785.  0.000505449621  1.
  785.5  0.000397770282  1.
  786.  0.000282438696  1.
  786.5  0.000161758489  1.
  787.  3.81564825E-05  1.
  787.5 -8.58247873E-05  1.
  788. -0.000207538572  1.
  788.5 -0.00032425304  1.
  789. -0.000433181032  1.
  789.5 -0.000531522747  1.
  790. -0.000616522392  1.
  790.5 -0.000685538666  1.
  791. -0.000736127427  1.
  791.5 -0.000766133549  1.
  792. -0.000773787712  1.
  792.5 -0.000757802794  1.
  793. -0.000717463905  1.
  793.5 -0.000652705743  1.
  794. -0.000564171079  1.
  794.5 -0.000453244924  1.
  795. -0.000322059678  1.
  795.5 -0.000173468377  1.
  796. -1.09844965E-05  1.
  796.5  0.000161311118  1.
  797.  0.000338893705  1.
  797.5  0.000516943943  1.
  798.  0.000690517162  1.
  798.5  0.000854724825  1.
  799.  0.00100491974  1.
  799.5  0.00113687598  1.
  800.  0.00124695455  1.
  800.5  0.00133224637  1.
  801.  0.00139068532  1.
  801.5  0.00142112551  1.
  802.  0.00142337904  1.
  802.5  0.0013982126  1.
  803.  0.00134730339  1.
  803.5  0.00127315728  1.
  804.  0.00117899404  1.
  804.5  0.00106860613  1.
  805.  0.000946199082  1.
  805.5  0.000816221971  1.
  806.  0.000683196924  1.
  806.5  0.000551556314  1.
  807.  0.000425495327  1.
  807.5  0.000308846358  1.
  808.  0.000204979953  1.
  808.5  0.000116735158  1.
  809.  4.63801848E-05  1.
  809.5 -4.39797275E-06  1.
  810. -3.4477839E-05  1.
  810.5 -4.3266204E-05  1.
  811. -3.0644962E-05  1.
  811.5  3.0916655E-06  1.
  812.  5.73031455E-05  1.
  812.5  0.000131065909  1.
  813.  0.000223228611  1.
  813.5  0.000332455588  1.
  814.  0.000457256019  1.
  814.5  0.000595998168  1.
  815.  0.000746909743  1.
  815.5  0.000908066991  1.
  816.  0.00107737658  1.
  816.5  0.00125255529  1.
  817.  0.00143111312  1.
  817.5  0.00161034533  1.
  818.  0.00178733872  1.
  818.5  0.00195899638  1.
  819.  0.00212208361  1.
  819.5  0.0022732964  1.
  820.  0.00240935145  1.
  820.5  0.00252709519  1.
  821.  0.00262362717  1.
  821.5  0.00269643143  1.
  822.  0.00274350855  1.
  822.5  0.00276349989  1.
  823.  0.0027557957  1.
  823.5  0.0027206187  1.
  824.  0.00265907638  1.
  824.5  0.00257317596  1.
  825.  0.00246579871  1.
  825.5  0.00234063217  1.
  826.  0.00220206146  1.
  826.5  0.00205502364  1.
  827.  0.00190483085  1.
  827.5  0.00175697081  1.
  828.  0.00161689429  1.
  828.5  0.00148980038  1.
  829.  0.00138043072  1.
  829.5  0.00129288356  1.
  830.  0.0012304575  1.
  830.5  0.00119553287  1.
  831.  0.00118949691  1.
  831.5  0.00121271613  1.
  832.  0.00126455634  1.
  832.5  0.00134344829  1.
  833.  0.00144699395  1.
  833.5  0.00157210637  1.
  834.  0.0017151739  1.
  834.5  0.00187223856  1.
  835.  0.00203917767  1.
  835.5  0.0022118782  1.
  836.  0.00238639379  1.
  836.5  0.00255907634  1.
  837.  0.00272667597  1.
  837.5  0.00288640546  1.
  838.  0.00303596811  1.
  838.5  0.00317355057  1.
  839.  0.00329778474  1.
  839.5  0.00340768489  1.
  840.  0.00350256794  1.
  840.5  0.00358196577  1.
  841.  0.00364553892  1.
  841.5  0.00369300032  1.
  842.  0.00372405717  1.
  842.5  0.0037383768  1.
  843.  0.00373558063  1.
  843.5  0.00371526753  1.
  844.  0.0036770655  1.
  844.5  0.0036207077  1.
  845.  0.00354612678  1.
  845.5  0.0034535594  1.
  846.  0.00334365158  1.
  846.5  0.00321755478  1.
  847.  0.00307700287  1.
  847.5  0.00292436098  1.
  848.  0.00276263885  1.
  848.5  0.00259546337  1.
  849.  0.00242700802  1.
  849.5  0.00226187958  1.
  850.  0.00210496577  1.
  850.5  0.00196125024  1.
  851.  0.00183560414  1.
  851.5  0.0017325654  1.
  852.  0.00165611824  1.
  852.5  0.00160948617  1.
  853.  0.00159495118  1.
  853.5  0.00161371093  1.
  854.  0.00166578365  1.
  854.5  0.00174996779  1.
  855.  0.00186386056  1.
  855.5  0.00200393564  1.
  856.  0.0021656771  1.
  856.5  0.002343763  1.
  857.  0.00253228903  1.
  857.5  0.00272502035  1.
  858.  0.00291565762  1.
  858.5  0.00309810287  1.
  859.  0.00326671035  1.
  859.5  0.00341650907  1.
  860.  0.00354338501  1.
  860.5  0.00364421405  1.
  861.  0.00371693949  1.
  861.5  0.00376059174  1.
  862.  0.00377525124  1.
  862.5  0.00376195947  1.
  863.  0.00372258576  1.
  863.5  0.00365966025  1.
  864.  0.00357618556  1.
  864.5  0.00347544028  1.
  865.  0.00336078766  1.
  865.5  0.00323550216  1.
  866.  0.00310262453  1.
  866.5  0.00296485383  1.
  867.  0.0028244819  1.
  867.5  0.00268337222  1.
  868.  0.00254298189  1.
  868.5  0.00240442204  1.
  869.  0.00226854913  1.
  869.5  0.00213607727  1.
  870.  0.00200770012  1.
  870.5  0.0018842103  1.
  871.  0.00176660417  1.
  871.5  0.00165616146  1.
  872.  0.0015544907  1.
  872.5  0.00146353433  1.
  873.  0.00138553051  1.
  873.5  0.00132293199  1.
  874.  0.00127828585  1.
  874.5  0.00125408145  1.
  875.  0.00125257626  1.
  875.5  0.00127561183  1.
  876.  0.00132443321  1.
  876.5  0.00139952554  1.
  877.  0.00150048086  1.
  877.5  0.00162590686  1.
  878.  0.00177338659  1.
  878.5  0.00193949508  1.
  879.  0.00211987544  1.
  879.5  0.00230937275  1.
  880.  0.00250222045  1.
  880.5  0.0026922703  1.
  881.  0.00287325366  1.
  881.5  0.00303905982  1.
  882.  0.00318401554  1.
  882.5  0.00330314939  1.
  883.  0.00339242536  1.
  883.5  0.00344893174  1.
  884.  0.00347101384  1.
  884.5  0.00345834258  1.
  885.  0.00341191479  1.
  885.5  0.00333398529  1.
  886.  0.00322793499  1.
  886.5  0.00309808323  1.
  887.  0.00294945602  1.
  887.5  0.00278752431  1.
  888.  0.00261792863  1.
  888.5  0.0024462063  1.
  889.  0.00227753806  1.
  889.5  0.00211652843  1.
  890.  0.00196703251  1.
  890.5  0.00183203819  1.
  891.  0.00171360912  1.
  891.5  0.00161288962  1.
  892.  0.00153016845  1.
  892.5  0.00146499457  1.
  893.  0.00141633449  1.
  893.5  0.00138275815  1.
  894.  0.00136263836  1.
  894.5  0.00135434851  1.
  895.  0.00135644322  1.
  895.5  0.00136780818  1.
  896.  0.00138776802  1.
  896.5  0.00141614383  1.
  897.  0.00145325632  1.
  897.5  0.00149987403  1.
  898.  0.00155711072  1.
  898.5  0.00162627955  1.
  899.  0.0017087151  1.
  899.5  0.001805577  1.
  900.  0.0019176502  1.
  900.5  0.00204515792  1.
  901.  0.0021876025  1.
  901.5  0.00234364755  1.
  902.  0.00251105278  1.
  902.5  0.00268666879  1.
  903.  0.00286649551  1.
  903.5  0.00304580373  1.
  904.  0.00321931426  1.
  904.5  0.00338142607  1.
  905.  0.00352648033  1.
  905.5  0.00364904527  1.
  906.  0.00374420451  1.
  906.5  0.00380783125  1.
  907.  0.00383683101  1.
  907.5  0.00382933718  1.
  908.  0.00378484672  1.
  908.5  0.00370428638  1.
  909.  0.00359000436  1.
  909.5  0.00344568669  1.
  910.  0.00327620247  1.
  910.5  0.00308738607  1.
  911.  0.00288576866  1.
  911.5  0.00267827441  1.
  912.  0.00247189881  1.
  912.5  0.0022733876  1.
  913.  0.00208893475  1.
  913.5  0.00192391657  1.
  914.  0.0017826765  1.
  914.5  0.00166837233  1.
  915.  0.00158289294  1.
  915.5  0.00152684783  1.
  916.  0.0014996278  1.
  916.5  0.00149953076  1.
  917.  0.00152394288  1.
  917.5  0.00156956171  1.
  918.  0.00163264572  1.
  918.5  0.00170927327  1.
  919.  0.00179559384  1.
  919.5  0.00188805524  1.
  920.  0.00198359257  1.
  920.5  0.00207976744  1.
  921.  0.00217484968  1.
  921.5  0.00226783797  1.
  922.  0.00235841975  1.
  922.5  0.00244687537  1.
  923.  0.00253393499  1.
  923.5  0.00262060012  1.
  924.  0.00270794387  1.
  924.5  0.00279690549  1.
  925.  0.00288809522  1.
  925.5  0.00298162447  1.
  926.  0.00307697455  1.
  926.5  0.00317291489  1.
  927.  0.0032674777  1.
  927.5  0.00335799261  1.
  928.  0.00344118037  1.
  928.5  0.00351330086  1.
  929.  0.0035703466  1.
  929.5  0.00360827017  1.
  930.  0.00362323106  1.
  930.5  0.0036118463  1.
  931.  0.00357142854  1.
  931.5  0.00350019604  1.
  932.  0.0033974404  1.
  932.5  0.00326364064  1.
  933.  0.00310051521  1.
  933.5  0.00291100747  1.
  934.  0.00269920428  1.
  934.5  0.00247019124  1.
  935.  0.00222985226  1.
  935.5  0.00198462422  1.
  936.  0.00174122028  1.
  936.5  0.00150633746  1.
  937.  0.00128636453  1.
  937.5  0.00108710656  1.
  938.  0.000913541033  1.
  938.5  0.000769618652  1.
  939.  0.000658118999  1.
  939.5  0.0005805679  1.
  940.  0.000537219558  1.
  940.5  0.000527102804  1.
  941.  0.000548126763  1.
  941.5  0.000597238162  1.
  942.  0.00067061939  1.
  942.5  0.000763914527  1.
  943.  0.000872469051  1.
  943.5  0.000991568766  1.
  944.  0.00111666399  1.
  944.5  0.00124356625  1.
  945.  0.00136860731  1.
  945.5  0.00148875251  1.
  946.  0.00160166427  1.
  946.5  0.00170571424  1.
  947.  0.00179994656  1.
  947.5  0.00188399741  1.
  948.  0.00195797877  1.
  948.5  0.00202233673  1.
  949.  0.00207769555  1.
  949.5  0.00212469985  1.
  950.  0.00216386668  1.
  950.5  0.00219545861  1.
  951.  0.00221938695  1.
  951.5  0.00223515236  1.
  952.  0.00224182717  1.
  952.5  0.00223808089  1.
  953.  0.00222224749  1.
  953.5  0.00219243006  1.
  954.  0.00214663607  1.
  954.5  0.00208293423  1.
  955.  0.00199962256  1.
  955.5  0.00189539662  1.
  956.  0.00176950628  1.
  956.5  0.00162189062  1.
  957.  0.00145328139  1.
  957.5  0.00126526744  1.
  958.  0.00106031485  1.
  958.5  0.000841740115  1.
  959.  0.000613636231  1.
  959.5  0.000380754658  1.
  960.  0.00014834832  1.
  960.5 -7.80168284E-05  1.
  961. -0.000292672358  1.
  961.5 -0.000490069558  1.
  962. -0.000665002114  1.
  962.5 -0.000812818179  1.
  963. -0.000929611245  1.
  963.5 -0.00101238055  1.
  964. -0.00105915322  1.
  964.5 -0.00106906266  1.
  965. -0.00104237973  1.
  965.5 -0.000980495873  1.
  966. -0.000885859855  1.
  966.5 -0.000761871712  1.
  967. -0.000612739998  1.
  967.5 -0.000443309759  1.
  968. -0.000258869955  1.
  968.5 -6.49499175E-05  1.
  969.  0.000132885493  1.
  969.5  0.000329232623  1.
  970.  0.000519028965  1.
  970.5  0.000697708742  1.
  971.  0.000861328169  1.
  971.5  0.00100665616  1.
  972.  0.00113122806  1.
  972.5  0.00123336215  1.
  973.  0.00131214018  1.
  973.5  0.0013673556  1.
  974.  0.00139943372  1.
  974.5  0.00140933033  1.
  975.  0.00139841527  1.
  975.5  0.00136834836  1.
  976.  0.00132095522  1.
  976.5  0.0012581099  1.
  977.  0.00118163075  1.
  977.5  0.00109319503  1.
  978.  0.000994276371  1.
  978.5  0.000886107658  1.
  979.  0.000769670721  1.
  979.5  0.000645712134  1.
  980.  0.000514783298  1.
  980.5  0.000377301302  1.
  981.  0.000233625944  1.
  981.5  8.4147265E-05  1.
  982. -7.06226316E-05  1.
  982.5 -0.00022996014  1.
  983. -0.000392849623  1.
  983.5 -0.000557918033  1.
  984. -0.000723390097  1.
  984.5 -0.000887068537  1.
  985. -0.0010463424  1.
  985.5 -0.00119822516  1.
  986. -0.00133942255  1.
  986.5 -0.00146642845  1.
  987. -0.00157564548  1.
  987.5 -0.00166352544  1.
  988. -0.00172672341  1.
  988.5 -0.00176225824  1.
  989. -0.00176767151  1.
  989.5 -0.00174117675  1.
  990. -0.00168179063  1.
  990.5 -0.0015894386  1.
  991. -0.00146502819  1.
  991.5 -0.00131048476  1.
  992. -0.00112874586  1.
  992.5 -0.000923712457  1.
  993. -0.000700157335  1.
  993.5 -0.000463593011  1.
  994. -0.000220103692  1.
  994.5  2.38523715E-05  1.
  995.  0.00026166209  1.
  995.5  0.000486788937  1.
  996.  0.00069300642  1.
  996.5  0.000874623046  1.
  997.  0.00102668843  1.
  997.5  0.00114517087  1.
  998.  0.00122709801  1.
  998.5  0.00127065378  1.
  999.  0.00127522703  1.
  999.5  0.00124140949  1.
  1000.  0.00117094324  1.
