    0.0000000000D+00    0.1000000000D+01    0.1000000000D+01
    0.1000000000D+01    0.9969243330D+00    0.1000000000D+01
    0.2000000000D+01    0.9878686404D+00    0.1000000000D+01
    0.3000000000D+01    0.9733056166D+00    0.1000000000D+01
    0.4000000000D+01    0.9538772706D+00    0.1000000000D+01
    0.5000000000D+01    0.9303026851D+00    0.1000000000D+01
    0.6000000000D+01    0.9033238108D+00    0.1000000000D+01
    0.7000000000D+01    0.8736726918D+00    0.1000000000D+01
    0.8000000000D+01    0.8420494944D+00    0.1000000000D+01
    0.9000000000D+01    0.8091083705D+00    0.1000000000D+01
    0.1000000000D+02    0.7754484378D+00    0.1000000000D+01
    0.1100000000D+02    0.7416076178D+00    0.1000000000D+01
    0.1200000000D+02    0.7080616729D+00    0.1000000000D+01
    0.1300000000D+02    0.6752215767D+00    0.1000000000D+01
    0.1400000000D+02    0.6434370637D+00    0.1000000000D+01
    0.1500000000D+02    0.6129976326D+00    0.1000000000D+01
    0.1600000000D+02    0.5841350736D+00    0.1000000000D+01
    0.1700000000D+02    0.5570308926D+00    0.1000000000D+01
    0.1800000000D+02    0.5318145736D+00    0.1000000000D+01
    0.1900000000D+02    0.5085743982D+00    0.1000000000D+01
    0.2000000000D+02    0.4873583119D+00    0.1000000000D+01
    0.2100000000D+02    0.4681768260D+00    0.1000000000D+01
    0.2200000000D+02    0.4510155280D+00    0.1000000000D+01
    0.2300000000D+02    0.4358277157D+00    0.1000000000D+01
    0.2400000000D+02    0.4225487960D+00    0.1000000000D+01
    0.2500000000D+02    0.4110972426D+00    0.1000000000D+01
    0.2600000000D+02    0.4013709928D+00    0.1000000000D+01
    0.2700000000D+02    0.3932659446D+00    0.1000000000D+01
    0.2800000000D+02    0.3866636107D+00    0.1000000000D+01
    0.2900000000D+02    0.3814410865D+00    0.1000000000D+01
    0.3000000000D+02    0.3774788511D+00    0.1000000000D+01
    0.3100000000D+02    0.3746479416D+00    0.1000000000D+01
    0.3200000000D+02    0.3728273262D+00    0.1000000000D+01
    0.3300000000D+02    0.3718984935D+00    0.1000000000D+01
    0.3400000000D+02    0.3717422217D+00    0.1000000000D+01
    0.3500000000D+02    0.3722505731D+00    0.1000000000D+01
    0.3600000000D+02    0.3733196796D+00    0.1000000000D+01
    0.3700000000D+02    0.3748504480D+00    0.1000000000D+01
    0.3800000000D+02    0.3767542991D+00    0.1000000000D+01
    0.3900000000D+02    0.3789513913D+00    0.1000000000D+01
    0.4000000000D+02    0.3813643261D+00    0.1000000000D+01
    0.4100000000D+02    0.3839288474D+00    0.1000000000D+01
    0.4200000000D+02    0.3865898543D+00    0.1000000000D+01
    0.4300000000D+02    0.3892896576D+00    0.1000000000D+01
    0.4400000000D+02    0.3919897270D+00    0.1000000000D+01
    0.4500000000D+02    0.3946535106D+00    0.1000000000D+01
    0.4600000000D+02    0.3972421630D+00    0.1000000000D+01
    0.4700000000D+02    0.3997384495D+00    0.1000000000D+01
    0.4800000000D+02    0.4021185658D+00    0.1000000000D+01
    0.4900000000D+02    0.4043619727D+00    0.1000000000D+01
    0.5000000000D+02    0.4064648190D+00    0.1000000000D+01
    0.5100000000D+02    0.4084147714D+00    0.1000000000D+01
    0.5200000000D+02    0.4102056295D+00    0.1000000000D+01
    0.5300000000D+02    0.4118403943D+00    0.1000000000D+01
    0.5400000000D+02    0.4133183271D+00    0.1000000000D+01
    0.5500000000D+02    0.4146406040D+00    0.1000000000D+01
    0.5600000000D+02    0.4158153457D+00    0.1000000000D+01
    0.5700000000D+02    0.4168514097D+00    0.1000000000D+01
    0.5800000000D+02    0.4177523765D+00    0.1000000000D+01
    0.5900000000D+02    0.4185310672D+00    0.1000000000D+01
    0.6000000000D+02    0.4192003768D+00    0.1000000000D+01
    0.6100000000D+02    0.4197647155D+00    0.1000000000D+01
    0.6200000000D+02    0.4202377871D+00    0.1000000000D+01
    0.6300000000D+02    0.4206322328D+00    0.1000000000D+01
    0.6400000000D+02    0.4209537482D+00    0.1000000000D+01
    0.6500000000D+02    0.4212113935D+00    0.1000000000D+01
    0.6600000000D+02    0.4214182799D+00    0.1000000000D+01
    0.6700000000D+02    0.4215812786D+00    0.1000000000D+01
    0.6800000000D+02    0.4217032032D+00    0.1000000000D+01
    0.6900000000D+02    0.4218006325D+00    0.1000000000D+01
    0.7000000000D+02    0.4218798193D+00    0.1000000000D+01
    0.7100000000D+02    0.4219396792D+00    0.1000000000D+01
    0.7200000000D+02    0.4219982866D+00    0.1000000000D+01
    0.7300000000D+02    0.4220590376D+00    0.1000000000D+01
    0.7400000000D+02    0.4221192587D+00    0.1000000000D+01
    0.7500000000D+02    0.4221919501D+00    0.1000000000D+01
    0.7600000000D+02    0.4222785866D+00    0.1000000000D+01
    0.7700000000D+02    0.4223759877D+00    0.1000000000D+01
    0.7800000000D+02    0.4224883627D+00    0.1000000000D+01
    0.7900000000D+02    0.4226184454D+00    0.1000000000D+01
    0.8000000000D+02    0.4227633037D+00    0.1000000000D+01
    0.8100000000D+02    0.4229208053D+00    0.1000000000D+01
    0.8200000000D+02    0.4230952006D+00    0.1000000000D+01
    0.8300000000D+02    0.4232854247D+00    0.1000000000D+01
    0.8400000000D+02    0.4234871149D+00    0.1000000000D+01
    0.8500000000D+02    0.4237011887D+00    0.1000000000D+01
    0.8600000000D+02    0.4239307443D+00    0.1000000000D+01
    0.8700000000D+02    0.4241715115D+00    0.1000000000D+01
    0.8800000000D+02    0.4244177054D+00    0.1000000000D+01
    0.8900000000D+02    0.4246781499D+00    0.1000000000D+01
    0.9000000000D+02    0.4249497477D+00    0.1000000000D+01
    0.9100000000D+02    0.4252218196D+00    0.1000000000D+01
    0.9200000000D+02    0.4255048544D+00    0.1000000000D+01
    0.9300000000D+02    0.4257973381D+00    0.1000000000D+01
    0.9400000000D+02    0.4260883788D+00    0.1000000000D+01
    0.9500000000D+02    0.4263828249D+00    0.1000000000D+01
    0.9600000000D+02    0.4266826145D+00    0.1000000000D+01
    0.9700000000D+02    0.4269816755D+00    0.1000000000D+01
    0.9800000000D+02    0.4272764924D+00    0.1000000000D+01
    0.9900000000D+02    0.4275730545D+00    0.1000000000D+01
    0.1000000000D+03    0.4278718528D+00    0.1000000000D+01
    0.1010000000D+03    0.4281651231D+00    0.1000000000D+01
    0.1020000000D+03    0.4284582995D+00    0.1000000000D+01
    0.1030000000D+03    0.4287556637D+00    0.1000000000D+01
    0.1040000000D+03    0.4290518610D+00    0.1000000000D+01
    0.1050000000D+03    0.4293459919D+00    0.1000000000D+01
    0.1060000000D+03    0.4296420418D+00    0.1000000000D+01
    0.1070000000D+03    0.4299410959D+00    0.1000000000D+01
    0.1080000000D+03    0.4302372081D+00    0.1000000000D+01
    0.1090000000D+03    0.4305305311D+00    0.1000000000D+01
    0.1100000000D+03    0.4308259453D+00    0.1000000000D+01
    0.1110000000D+03    0.4311209750D+00    0.1000000000D+01
    0.1120000000D+03    0.4314100226D+00    0.1000000000D+01
    0.1130000000D+03    0.4316948042D+00    0.1000000000D+01
    0.1140000000D+03    0.4319833330D+00    0.1000000000D+01
    0.1150000000D+03    0.4322663857D+00    0.1000000000D+01
    0.1160000000D+03    0.4325383457D+00    0.1000000000D+01
    0.1170000000D+03    0.4328149617D+00    0.1000000000D+01
    0.1180000000D+03    0.4330896438D+00    0.1000000000D+01
    0.1190000000D+03    0.4333523081D+00    0.1000000000D+01
    0.1200000000D+03    0.4336154092D+00    0.1000000000D+01
    0.1210000000D+03    0.4338792699D+00    0.1000000000D+01
    0.1220000000D+03    0.4341362404D+00    0.1000000000D+01
    0.1230000000D+03    0.4343877608D+00    0.1000000000D+01
    0.1240000000D+03    0.4346380604D+00    0.1000000000D+01
    0.1250000000D+03    0.4348868590D+00    0.1000000000D+01
    0.1260000000D+03    0.4351298872D+00    0.1000000000D+01
    0.1270000000D+03    0.4353678371D+00    0.1000000000D+01
    0.1280000000D+03    0.4356051268D+00    0.1000000000D+01
    0.1290000000D+03    0.4358428529D+00    0.1000000000D+01
    0.1300000000D+03    0.4360746837D+00    0.1000000000D+01
    0.1310000000D+03    0.4363013039D+00    0.1000000000D+01
    0.1320000000D+03    0.4365314223D+00    0.1000000000D+01
    0.1330000000D+03    0.4367587187D+00    0.1000000000D+01
    0.1340000000D+03    0.4369770124D+00    0.1000000000D+01
    0.1350000000D+03    0.4371925505D+00    0.1000000000D+01
    0.1360000000D+03    0.4374081383D+00    0.1000000000D+01
    0.1370000000D+03    0.4376171468D+00    0.1000000000D+01
    0.1380000000D+03    0.4378133757D+00    0.1000000000D+01
    0.1390000000D+03    0.4380069656D+00    0.1000000000D+01
    0.1400000000D+03    0.4381999733D+00    0.1000000000D+01
    0.1410000000D+03    0.4383795214D+00    0.1000000000D+01
    0.1420000000D+03    0.4385518757D+00    0.1000000000D+01
    0.1430000000D+03    0.4387263108D+00    0.1000000000D+01
    0.1440000000D+03    0.4388977502D+00    0.1000000000D+01
    0.1450000000D+03    0.4390620198D+00    0.1000000000D+01
    0.1460000000D+03    0.4392236461D+00    0.1000000000D+01
    0.1470000000D+03    0.4393893695D+00    0.1000000000D+01
    0.1480000000D+03    0.4395528312D+00    0.1000000000D+01
    0.1490000000D+03    0.4397093293D+00    0.1000000000D+01
    0.1500000000D+03    0.4398661993D+00    0.1000000000D+01
    0.1510000000D+03    0.4400249051D+00    0.1000000000D+01
    0.1520000000D+03    0.4401812989D+00    0.1000000000D+01
    0.1530000000D+03    0.4403340399D+00    0.1000000000D+01
    0.1540000000D+03    0.4404870973D+00    0.1000000000D+01
    0.1550000000D+03    0.4406443152D+00    0.1000000000D+01
    0.1560000000D+03    0.4408036951D+00    0.1000000000D+01
    0.1570000000D+03    0.4409599017D+00    0.1000000000D+01
    0.1580000000D+03    0.4411155212D+00    0.1000000000D+01
    0.1590000000D+03    0.4412805992D+00    0.1000000000D+01
    0.1600000000D+03    0.4414437620D+00    0.1000000000D+01
    0.1610000000D+03    0.4415946055D+00    0.1000000000D+01
    0.1620000000D+03    0.4417500858D+00    0.1000000000D+01
    0.1630000000D+03    0.4419076077D+00    0.1000000000D+01
    0.1640000000D+03    0.4420515887D+00    0.1000000000D+01
    0.1650000000D+03    0.4421887447D+00    0.1000000000D+01
    0.1660000000D+03    0.4423263016D+00    0.1000000000D+01
    0.1670000000D+03    0.4424607425D+00    0.1000000000D+01
    0.1680000000D+03    0.4425866479D+00    0.1000000000D+01
    0.1690000000D+03    0.4427063453D+00    0.1000000000D+01
    0.1700000000D+03    0.4428262543D+00    0.1000000000D+01
    0.1710000000D+03    0.4429446811D+00    0.1000000000D+01
    0.1720000000D+03    0.4430564664D+00    0.1000000000D+01
    0.1730000000D+03    0.4431611273D+00    0.1000000000D+01
    0.1740000000D+03    0.4432655632D+00    0.1000000000D+01
    0.1750000000D+03    0.4433703996D+00    0.1000000000D+01
    0.1760000000D+03    0.4434677924D+00    0.1000000000D+01
    0.1770000000D+03    0.4435590549D+00    0.1000000000D+01
    0.1780000000D+03    0.4436510289D+00    0.1000000000D+01
    0.1790000000D+03    0.4437452932D+00    0.1000000000D+01
    0.1800000000D+03    0.4438343674D+00    0.1000000000D+01
    0.1810000000D+03    0.4439160991D+00    0.1000000000D+01
    0.1820000000D+03    0.4440009560D+00    0.1000000000D+01
    0.1830000000D+03    0.4440890384D+00    0.1000000000D+01
    0.1840000000D+03    0.4441717207D+00    0.1000000000D+01
    0.1850000000D+03    0.4442477710D+00    0.1000000000D+01
    0.1860000000D+03    0.4443272445D+00    0.1000000000D+01
    0.1870000000D+03    0.4444149921D+00    0.1000000000D+01
    0.1880000000D+03    0.4444961957D+00    0.1000000000D+01
    0.1890000000D+03    0.4445724469D+00    0.1000000000D+01
    0.1900000000D+03    0.4446599027D+00    0.1000000000D+01
    0.1910000000D+03    0.4447514556D+00    0.1000000000D+01
    0.1920000000D+03    0.4448380687D+00    0.1000000000D+01
    0.1930000000D+03    0.4449243295D+00    0.1000000000D+01
    0.1940000000D+03    0.4450140381D+00    0.1000000000D+01
    0.1950000000D+03    0.4451048128D+00    0.1000000000D+01
    0.1960000000D+03    0.4451905711D+00    0.1000000000D+01
    0.1970000000D+03    0.4452689751D+00    0.1000000000D+01
    0.1980000000D+03    0.4453425385D+00    0.1000000000D+01
    0.1990000000D+03    0.4454138877D+00    0.1000000000D+01
    0.2000000000D+03    0.4454773296D+00    0.1000000000D+01
    0.2010000000D+03    0.4455263225D+00    0.1000000000D+01
    0.2020000000D+03    0.4455655299D+00    0.1000000000D+01
    0.2030000000D+03    0.4456009853D+00    0.1000000000D+01
    0.2040000000D+03    0.4456303219D+00    0.1000000000D+01
    0.2050000000D+03    0.4456433717D+00    0.1000000000D+01
    0.2060000000D+03    0.4456461051D+00    0.1000000000D+01
    0.2070000000D+03    0.4456559843D+00    0.1000000000D+01
    0.2080000000D+03    0.4456630604D+00    0.1000000000D+01
    0.2090000000D+03    0.4456585432D+00    0.1000000000D+01
    0.2100000000D+03    0.4456580682D+00    0.1000000000D+01
    0.2110000000D+03    0.4456681577D+00    0.1000000000D+01
    0.2120000000D+03    0.4456826536D+00    0.1000000000D+01
    0.2130000000D+03    0.4456970918D+00    0.1000000000D+01
    0.2140000000D+03    0.4457157187D+00    0.1000000000D+01
    0.2150000000D+03    0.4457449312D+00    0.1000000000D+01
    0.2160000000D+03    0.4457814804D+00    0.1000000000D+01
    0.2170000000D+03    0.4458183175D+00    0.1000000000D+01
    0.2180000000D+03    0.4458535646D+00    0.1000000000D+01
    0.2190000000D+03    0.4458947276D+00    0.1000000000D+01
    0.2200000000D+03    0.4459428600D+00    0.1000000000D+01
    0.2210000000D+03    0.4459870982D+00    0.1000000000D+01
    0.2220000000D+03    0.4460259862D+00    0.1000000000D+01
    0.2230000000D+03    0.4460651842D+00    0.1000000000D+01
    0.2240000000D+03    0.4461056184D+00    0.1000000000D+01
    0.2250000000D+03    0.4461421269D+00    0.1000000000D+01
    0.2260000000D+03    0.4461686928D+00    0.1000000000D+01
    0.2270000000D+03    0.4461861019D+00    0.1000000000D+01
    0.2280000000D+03    0.4462012751D+00    0.1000000000D+01
    0.2290000000D+03    0.4462167238D+00    0.1000000000D+01
    0.2300000000D+03    0.4462183640D+00    0.1000000000D+01
    0.2310000000D+03    0.4462056304D+00    0.1000000000D+01
    0.2320000000D+03    0.4462006950D+00    0.1000000000D+01
    0.2330000000D+03    0.4461990082D+00    0.1000000000D+01
    0.2340000000D+03    0.4461853207D+00    0.1000000000D+01
    0.2350000000D+03    0.4461690767D+00    0.1000000000D+01
    0.2360000000D+03    0.4461610508D+00    0.1000000000D+01
    0.2370000000D+03    0.4461600245D+00    0.1000000000D+01
    0.2380000000D+03    0.4461584954D+00    0.1000000000D+01
    0.2390000000D+03    0.4461563924D+00    0.1000000000D+01
    0.2400000000D+03    0.4461626973D+00    0.1000000000D+01
    0.2410000000D+03    0.4461795446D+00    0.1000000000D+01
    0.2420000000D+03    0.4462029663D+00    0.1000000000D+01
    0.2430000000D+03    0.4462297916D+00    0.1000000000D+01
    0.2440000000D+03    0.4462614321D+00    0.1000000000D+01
    0.2450000000D+03    0.4463025505D+00    0.1000000000D+01
    0.2460000000D+03    0.4463552488D+00    0.1000000000D+01
    0.2470000000D+03    0.4464118024D+00    0.1000000000D+01
    0.2480000000D+03    0.4464633186D+00    0.1000000000D+01
    0.2490000000D+03    0.4465203597D+00    0.1000000000D+01
    0.2500000000D+03    0.4465898833D+00    0.1000000000D+01
    0.2510000000D+03    0.4466590716D+00    0.1000000000D+01
    0.2520000000D+03    0.4467222434D+00    0.1000000000D+01
    0.2530000000D+03    0.4467872155D+00    0.1000000000D+01
    0.2540000000D+03    0.4468639870D+00    0.1000000000D+01
    0.2550000000D+03    0.4469471206D+00    0.1000000000D+01
    0.2560000000D+03    0.4470232805D+00    0.1000000000D+01
    0.2570000000D+03    0.4470984327D+00    0.1000000000D+01
    0.2580000000D+03    0.4471821532D+00    0.1000000000D+01
    0.2590000000D+03    0.4472706387D+00    0.1000000000D+01
    0.2600000000D+03    0.4473529510D+00    0.1000000000D+01
    0.2610000000D+03    0.4474249635D+00    0.1000000000D+01
    0.2620000000D+03    0.4474967563D+00    0.1000000000D+01
    0.2630000000D+03    0.4475703879D+00    0.1000000000D+01
    0.2640000000D+03    0.4476364809D+00    0.1000000000D+01
    0.2650000000D+03    0.4476914486D+00    0.1000000000D+01
    0.2660000000D+03    0.4477398557D+00    0.1000000000D+01
    0.2670000000D+03    0.4477889179D+00    0.1000000000D+01
    0.2680000000D+03    0.4478385208D+00    0.1000000000D+01
    0.2690000000D+03    0.4478841273D+00    0.1000000000D+01
    0.2700000000D+03    0.4479253602D+00    0.1000000000D+01
    0.2710000000D+03    0.4479690627D+00    0.1000000000D+01
    0.2720000000D+03    0.4480234431D+00    0.1000000000D+01
    0.2730000000D+03    0.4480862560D+00    0.1000000000D+01
    0.2740000000D+03    0.4481496675D+00    0.1000000000D+01
    0.2750000000D+03    0.4482117325D+00    0.1000000000D+01
    0.2760000000D+03    0.4482864260D+00    0.1000000000D+01
    0.2770000000D+03    0.4483793503D+00    0.1000000000D+01
    0.2780000000D+03    0.4484655885D+00    0.1000000000D+01
    0.2790000000D+03    0.4485416371D+00    0.1000000000D+01
    0.2800000000D+03    0.4486290899D+00    0.1000000000D+01
    0.2810000000D+03    0.4487219664D+00    0.1000000000D+01
    0.2820000000D+03    0.4488045639D+00    0.1000000000D+01
    0.2830000000D+03    0.4488765859D+00    0.1000000000D+01
    0.2840000000D+03    0.4489423255D+00    0.1000000000D+01
    0.2850000000D+03    0.4490040620D+00    0.1000000000D+01
    0.2860000000D+03    0.4490604470D+00    0.1000000000D+01
    0.2870000000D+03    0.4491057606D+00    0.1000000000D+01
    0.2880000000D+03    0.4491353336D+00    0.1000000000D+01
    0.2890000000D+03    0.4491567422D+00    0.1000000000D+01
    0.2900000000D+03    0.4491771499D+00    0.1000000000D+01
    0.2910000000D+03    0.4491904108D+00    0.1000000000D+01
    0.2920000000D+03    0.4491899540D+00    0.1000000000D+01
    0.2930000000D+03    0.4491775121D+00    0.1000000000D+01
    0.2940000000D+03    0.4491632226D+00    0.1000000000D+01
    0.2950000000D+03    0.4491510079D+00    0.1000000000D+01
    0.2960000000D+03    0.4491329755D+00    0.1000000000D+01
    0.2970000000D+03    0.4491043318D+00    0.1000000000D+01
    0.2980000000D+03    0.4490713947D+00    0.1000000000D+01
    0.2990000000D+03    0.4490483631D+00    0.1000000000D+01
    0.3000000000D+03    0.4490323828D+00    0.1000000000D+01
    0.3010000000D+03    0.4490076803D+00    0.1000000000D+01
    0.3020000000D+03    0.4489785190D+00    0.1000000000D+01
    0.3030000000D+03    0.4489582982D+00    0.1000000000D+01
    0.3040000000D+03    0.4489501436D+00    0.1000000000D+01
    0.3050000000D+03    0.4489433668D+00    0.1000000000D+01
    0.3060000000D+03    0.4489292727D+00    0.1000000000D+01
    0.3070000000D+03    0.4489204595D+00    0.1000000000D+01
    0.3080000000D+03    0.4489256483D+00    0.1000000000D+01
    0.3090000000D+03    0.4489368013D+00    0.1000000000D+01
    0.3100000000D+03    0.4489470527D+00    0.1000000000D+01
    0.3110000000D+03    0.4489568718D+00    0.1000000000D+01
    0.3120000000D+03    0.4489721840D+00    0.1000000000D+01
    0.3130000000D+03    0.4489954444D+00    0.1000000000D+01
    0.3140000000D+03    0.4490227620D+00    0.1000000000D+01
    0.3150000000D+03    0.4490480779D+00    0.1000000000D+01
    0.3160000000D+03    0.4490688052D+00    0.1000000000D+01
    0.3170000000D+03    0.4490894236D+00    0.1000000000D+01
    0.3180000000D+03    0.4491163451D+00    0.1000000000D+01
    0.3190000000D+03    0.4491470469D+00    0.1000000000D+01
    0.3200000000D+03    0.4491642388D+00    0.1000000000D+01
    0.3210000000D+03    0.4491687182D+00    0.1000000000D+01
    0.3220000000D+03    0.4491839109D+00    0.1000000000D+01
    0.3230000000D+03    0.4492051454D+00    0.1000000000D+01
    0.3240000000D+03    0.4492128710D+00    0.1000000000D+01
    0.3250000000D+03    0.4492090797D+00    0.1000000000D+01
    0.3260000000D+03    0.4492060666D+00    0.1000000000D+01
    0.3270000000D+03    0.4492105997D+00    0.1000000000D+01
    0.3280000000D+03    0.4492140216D+00    0.1000000000D+01
    0.3290000000D+03    0.4492073814D+00    0.1000000000D+01
    0.3300000000D+03    0.4491962747D+00    0.1000000000D+01
    0.3310000000D+03    0.4491890901D+00    0.1000000000D+01
    0.3320000000D+03    0.4491885352D+00    0.1000000000D+01
    0.3330000000D+03    0.4491892032D+00    0.1000000000D+01
    0.3340000000D+03    0.4491857828D+00    0.1000000000D+01
    0.3350000000D+03    0.4491805887D+00    0.1000000000D+01
    0.3360000000D+03    0.4491825889D+00    0.1000000000D+01
    0.3370000000D+03    0.4491968777D+00    0.1000000000D+01
    0.3380000000D+03    0.4492131692D+00    0.1000000000D+01
    0.3390000000D+03    0.4492246124D+00    0.1000000000D+01
    0.3400000000D+03    0.4492380386D+00    0.1000000000D+01
    0.3410000000D+03    0.4492601074D+00    0.1000000000D+01
    0.3420000000D+03    0.4492907430D+00    0.1000000000D+01
    0.3430000000D+03    0.4493222846D+00    0.1000000000D+01
    0.3440000000D+03    0.4493474852D+00    0.1000000000D+01
    0.3450000000D+03    0.4493683077D+00    0.1000000000D+01
    0.3460000000D+03    0.4493997953D+00    0.1000000000D+01
    0.3470000000D+03    0.4494448509D+00    0.1000000000D+01
    0.3480000000D+03    0.4494781570D+00    0.1000000000D+01
    0.3490000000D+03    0.4494973513D+00    0.1000000000D+01
    0.3500000000D+03    0.4495261474D+00    0.1000000000D+01
    0.3510000000D+03    0.4495642198D+00    0.1000000000D+01
    0.3520000000D+03    0.4495972929D+00    0.1000000000D+01
    0.3530000000D+03    0.4496203689D+00    0.1000000000D+01
    0.3540000000D+03    0.4496391293D+00    0.1000000000D+01
    0.3550000000D+03    0.4496625959D+00    0.1000000000D+01
    0.3560000000D+03    0.4496916720D+00    0.1000000000D+01
    0.3570000000D+03    0.4497216727D+00    0.1000000000D+01
    0.3580000000D+03    0.4497480989D+00    0.1000000000D+01
    0.3590000000D+03    0.4497722407D+00    0.1000000000D+01
    0.3600000000D+03    0.4498002185D+00    0.1000000000D+01
    0.3610000000D+03    0.4498361406D+00    0.1000000000D+01
    0.3620000000D+03    0.4498751824D+00    0.1000000000D+01
    0.3630000000D+03    0.4499055541D+00    0.1000000000D+01
    0.3640000000D+03    0.4499274784D+00    0.1000000000D+01
    0.3650000000D+03    0.4499520883D+00    0.1000000000D+01
    0.3660000000D+03    0.4499860974D+00    0.1000000000D+01
    0.3670000000D+03    0.4500201898D+00    0.1000000000D+01
    0.3680000000D+03    0.4500368488D+00    0.1000000000D+01
    0.3690000000D+03    0.4500467410D+00    0.1000000000D+01
    0.3700000000D+03    0.4500704412D+00    0.1000000000D+01
    0.3710000000D+03    0.4501001230D+00    0.1000000000D+01
    0.3720000000D+03    0.4501220906D+00    0.1000000000D+01
    0.3730000000D+03    0.4501353968D+00    0.1000000000D+01
    0.3740000000D+03    0.4501481947D+00    0.1000000000D+01
    0.3750000000D+03    0.4501680469D+00    0.1000000000D+01
    0.3760000000D+03    0.4501919349D+00    0.1000000000D+01
    0.3770000000D+03    0.4502098122D+00    0.1000000000D+01
    0.3780000000D+03    0.4502144997D+00    0.1000000000D+01
    0.3790000000D+03    0.4502157347D+00    0.1000000000D+01
    0.3800000000D+03    0.4502246660D+00    0.1000000000D+01
    0.3810000000D+03    0.4502334935D+00    0.1000000000D+01
    0.3820000000D+03    0.4502336257D+00    0.1000000000D+01
    0.3830000000D+03    0.4502262615D+00    0.1000000000D+01
    0.3840000000D+03    0.4502167723D+00    0.1000000000D+01
    0.3850000000D+03    0.4502110509D+00    0.1000000000D+01
    0.3860000000D+03    0.4502118712D+00    0.1000000000D+01
    0.3870000000D+03    0.4502134906D+00    0.1000000000D+01
    0.3880000000D+03    0.4502068879D+00    0.1000000000D+01
    0.3890000000D+03    0.4501983582D+00    0.1000000000D+01
    0.3900000000D+03    0.4502016142D+00    0.1000000000D+01
    0.3910000000D+03    0.4502196861D+00    0.1000000000D+01
    0.3920000000D+03    0.4502384371D+00    0.1000000000D+01
    0.3930000000D+03    0.4502417691D+00    0.1000000000D+01
    0.3940000000D+03    0.4502471585D+00    0.1000000000D+01
    0.3950000000D+03    0.4502743348D+00    0.1000000000D+01
    0.3960000000D+03    0.4503057654D+00    0.1000000000D+01
    0.3970000000D+03    0.4503262126D+00    0.1000000000D+01
    0.3980000000D+03    0.4503417882D+00    0.1000000000D+01
    0.3990000000D+03    0.4503622528D+00    0.1000000000D+01
    0.4000000000D+03    0.4503912155D+00    0.1000000000D+01
    0.4010000000D+03    0.4504226822D+00    0.1000000000D+01
    0.4020000000D+03    0.4504494575D+00    0.1000000000D+01
    0.4030000000D+03    0.4504692793D+00    0.1000000000D+01
    0.4040000000D+03    0.4504864446D+00    0.1000000000D+01
    0.4050000000D+03    0.4505074953D+00    0.1000000000D+01
    0.4060000000D+03    0.4505341489D+00    0.1000000000D+01
    0.4070000000D+03    0.4505585921D+00    0.1000000000D+01
    0.4080000000D+03    0.4505703393D+00    0.1000000000D+01
    0.4090000000D+03    0.4505768020D+00    0.1000000000D+01
    0.4100000000D+03    0.4505916077D+00    0.1000000000D+01
    0.4110000000D+03    0.4506135092D+00    0.1000000000D+01
    0.4120000000D+03    0.4506317134D+00    0.1000000000D+01
    0.4130000000D+03    0.4506371384D+00    0.1000000000D+01
    0.4140000000D+03    0.4506372434D+00    0.1000000000D+01
    0.4150000000D+03    0.4506460280D+00    0.1000000000D+01
    0.4160000000D+03    0.4506643766D+00    0.1000000000D+01
    0.4170000000D+03    0.4506799059D+00    0.1000000000D+01
    0.4180000000D+03    0.4506790420D+00    0.1000000000D+01
    0.4190000000D+03    0.4506723986D+00    0.1000000000D+01
    0.4200000000D+03    0.4506778664D+00    0.1000000000D+01
    0.4210000000D+03    0.4506884534D+00    0.1000000000D+01
    0.4220000000D+03    0.4506901552D+00    0.1000000000D+01
    0.4230000000D+03    0.4506794150D+00    0.1000000000D+01
    0.4240000000D+03    0.4506645201D+00    0.1000000000D+01
    0.4250000000D+03    0.4506561373D+00    0.1000000000D+01
    0.4260000000D+03    0.4506538559D+00    0.1000000000D+01
    0.4270000000D+03    0.4506507048D+00    0.1000000000D+01
    0.4280000000D+03    0.4506412456D+00    0.1000000000D+01
    0.4290000000D+03    0.4506299968D+00    0.1000000000D+01
    0.4300000000D+03    0.4506262746D+00    0.1000000000D+01
    0.4310000000D+03    0.4506316904D+00    0.1000000000D+01
    0.4320000000D+03    0.4506421882D+00    0.1000000000D+01
    0.4330000000D+03    0.4506513095D+00    0.1000000000D+01
    0.4340000000D+03    0.4506528253D+00    0.1000000000D+01
    0.4350000000D+03    0.4506489754D+00    0.1000000000D+01
    0.4360000000D+03    0.4506574261D+00    0.1000000000D+01
    0.4370000000D+03    0.4506788368D+00    0.1000000000D+01
    0.4380000000D+03    0.4506812250D+00    0.1000000000D+01
    0.4390000000D+03    0.4506620573D+00    0.1000000000D+01
    0.4400000000D+03    0.4506503945D+00    0.1000000000D+01
    0.4410000000D+03    0.4506493621D+00    0.1000000000D+01
    0.4420000000D+03    0.4506443578D+00    0.1000000000D+01
    0.4430000000D+03    0.4506273952D+00    0.1000000000D+01
    0.4440000000D+03    0.4506012392D+00    0.1000000000D+01
    0.4450000000D+03    0.4505760686D+00    0.1000000000D+01
    0.4460000000D+03    0.4505590607D+00    0.1000000000D+01
    0.4470000000D+03    0.4505495905D+00    0.1000000000D+01
    0.4480000000D+03    0.4505391142D+00    0.1000000000D+01
    0.4490000000D+03    0.4505238684D+00    0.1000000000D+01
    0.4500000000D+03    0.4505104849D+00    0.1000000000D+01
    0.4510000000D+03    0.4505082324D+00    0.1000000000D+01
    0.4520000000D+03    0.4505196814D+00    0.1000000000D+01
    0.4530000000D+03    0.4505336907D+00    0.1000000000D+01
    0.4540000000D+03    0.4505407665D+00    0.1000000000D+01
    0.4550000000D+03    0.4505435020D+00    0.1000000000D+01
    0.4560000000D+03    0.4505507238D+00    0.1000000000D+01
    0.4570000000D+03    0.4505689464D+00    0.1000000000D+01
    0.4580000000D+03    0.4505923052D+00    0.1000000000D+01
    0.4590000000D+03    0.4506093209D+00    0.1000000000D+01
    0.4600000000D+03    0.4506144373D+00    0.1000000000D+01
    0.4610000000D+03    0.4506194415D+00    0.1000000000D+01
    0.4620000000D+03    0.4506408547D+00    0.1000000000D+01
    0.4630000000D+03    0.4506681910D+00    0.1000000000D+01
    0.4640000000D+03    0.4506815526D+00    0.1000000000D+01
    0.4650000000D+03    0.4506781706D+00    0.1000000000D+01
    0.4660000000D+03    0.4506724776D+00    0.1000000000D+01
    0.4670000000D+03    0.4506810186D+00    0.1000000000D+01
    0.4680000000D+03    0.4506938783D+00    0.1000000000D+01
    0.4690000000D+03    0.4506937137D+00    0.1000000000D+01
    0.4700000000D+03    0.4506856326D+00    0.1000000000D+01
    0.4710000000D+03    0.4506805137D+00    0.1000000000D+01
    0.4720000000D+03    0.4506823407D+00    0.1000000000D+01
    0.4730000000D+03    0.4506902133D+00    0.1000000000D+01
    0.4740000000D+03    0.4506995997D+00    0.1000000000D+01
    0.4750000000D+03    0.4507035951D+00    0.1000000000D+01
    0.4760000000D+03    0.4507002927D+00    0.1000000000D+01
    0.4770000000D+03    0.4506971632D+00    0.1000000000D+01
    0.4780000000D+03    0.4507029003D+00    0.1000000000D+01
    0.4790000000D+03    0.4507179521D+00    0.1000000000D+01
    0.4800000000D+03    0.4507269413D+00    0.1000000000D+01
    0.4810000000D+03    0.4507201734D+00    0.1000000000D+01
    0.4820000000D+03    0.4507122293D+00    0.1000000000D+01
    0.4830000000D+03    0.4507187621D+00    0.1000000000D+01
    0.4840000000D+03    0.4507396067D+00    0.1000000000D+01
    0.4850000000D+03    0.4507551423D+00    0.1000000000D+01
    0.4860000000D+03    0.4507519529D+00    0.1000000000D+01
    0.4870000000D+03    0.4507492574D+00    0.1000000000D+01
    0.4880000000D+03    0.4507627520D+00    0.1000000000D+01
    0.4890000000D+03    0.4507845328D+00    0.1000000000D+01
    0.4900000000D+03    0.4508035319D+00    0.1000000000D+01
    0.4910000000D+03    0.4508145503D+00    0.1000000000D+01
    0.4920000000D+03    0.4508207760D+00    0.1000000000D+01
    0.4930000000D+03    0.4508309586D+00    0.1000000000D+01
    0.4940000000D+03    0.4508524835D+00    0.1000000000D+01
    0.4950000000D+03    0.4508781210D+00    0.1000000000D+01
    0.4960000000D+03    0.4508921202D+00    0.1000000000D+01
    0.4970000000D+03    0.4508937429D+00    0.1000000000D+01
    0.4980000000D+03    0.4508928980D+00    0.1000000000D+01
    0.4990000000D+03    0.4508977528D+00    0.1000000000D+01
    0.5000000000D+03    0.4509076253D+00    0.1000000000D+01
    0.5010000000D+03    0.4509139456D+00    0.1000000000D+01
    0.5020000000D+03    0.4509121717D+00    0.1000000000D+01
    0.5030000000D+03    0.4509048424D+00    0.1000000000D+01
    0.5040000000D+03    0.4509010137D+00    0.1000000000D+01
    0.5050000000D+03    0.4509103692D+00    0.1000000000D+01
    0.5060000000D+03    0.4509336683D+00    0.1000000000D+01
    0.5070000000D+03    0.4509521265D+00    0.1000000000D+01
    0.5080000000D+03    0.4509481316D+00    0.1000000000D+01
    0.5090000000D+03    0.4509462127D+00    0.1000000000D+01
    0.5100000000D+03    0.4509699471D+00    0.1000000000D+01
    0.5110000000D+03    0.4509970649D+00    0.1000000000D+01
    0.5120000000D+03    0.4510066618D+00    0.1000000000D+01
    0.5130000000D+03    0.4510025815D+00    0.1000000000D+01
    0.5140000000D+03    0.4509955634D+00    0.1000000000D+01
    0.5150000000D+03    0.4509929542D+00    0.1000000000D+01
    0.5160000000D+03    0.4509927534D+00    0.1000000000D+01
    0.5170000000D+03    0.4509870140D+00    0.1000000000D+01
    0.5180000000D+03    0.4509679628D+00    0.1000000000D+01
    0.5190000000D+03    0.4509376144D+00    0.1000000000D+01
    0.5200000000D+03    0.4509058564D+00    0.1000000000D+01
    0.5210000000D+03    0.4508792822D+00    0.1000000000D+01
    0.5220000000D+03    0.4508579377D+00    0.1000000000D+01
    0.5230000000D+03    0.4508348836D+00    0.1000000000D+01
    0.5240000000D+03    0.4508025760D+00    0.1000000000D+01
    0.5250000000D+03    0.4507612214D+00    0.1000000000D+01
    0.5260000000D+03    0.4507275680D+00    0.1000000000D+01
    0.5270000000D+03    0.4507156963D+00    0.1000000000D+01
    0.5280000000D+03    0.4507092017D+00    0.1000000000D+01
    0.5290000000D+03    0.4506898666D+00    0.1000000000D+01
    0.5300000000D+03    0.4506620303D+00    0.1000000000D+01
    0.5310000000D+03    0.4506408859D+00    0.1000000000D+01
    0.5320000000D+03    0.4506383559D+00    0.1000000000D+01
    0.5330000000D+03    0.4506472495D+00    0.1000000000D+01
    0.5340000000D+03    0.4506514931D+00    0.1000000000D+01
    0.5350000000D+03    0.4506440551D+00    0.1000000000D+01
    0.5360000000D+03    0.4506341532D+00    0.1000000000D+01
    0.5370000000D+03    0.4506402561D+00    0.1000000000D+01
    0.5380000000D+03    0.4506613305D+00    0.1000000000D+01
    0.5390000000D+03    0.4506810313D+00    0.1000000000D+01
    0.5400000000D+03    0.4506908782D+00    0.1000000000D+01
    0.5410000000D+03    0.4506944918D+00    0.1000000000D+01
    0.5420000000D+03    0.4507040082D+00    0.1000000000D+01
    0.5430000000D+03    0.4507250472D+00    0.1000000000D+01
    0.5440000000D+03    0.4507525480D+00    0.1000000000D+01
    0.5450000000D+03    0.4507784738D+00    0.1000000000D+01
    0.5460000000D+03    0.4507975346D+00    0.1000000000D+01
    0.5470000000D+03    0.4508115464D+00    0.1000000000D+01
    0.5480000000D+03    0.4508280186D+00    0.1000000000D+01
    0.5490000000D+03    0.4508556836D+00    0.1000000000D+01
    0.5500000000D+03    0.4508914735D+00    0.1000000000D+01
    0.5510000000D+03    0.4509204345D+00    0.1000000000D+01
    0.5520000000D+03    0.4509296296D+00    0.1000000000D+01
    0.5530000000D+03    0.4509254775D+00    0.1000000000D+01
    0.5540000000D+03    0.4509379001D+00    0.1000000000D+01
    0.5550000000D+03    0.4509694888D+00    0.1000000000D+01
    0.5560000000D+03    0.4509868918D+00    0.1000000000D+01
    0.5570000000D+03    0.4509826196D+00    0.1000000000D+01
    0.5580000000D+03    0.4509759976D+00    0.1000000000D+01
    0.5590000000D+03    0.4509811297D+00    0.1000000000D+01
    0.5600000000D+03    0.4509989122D+00    0.1000000000D+01
    0.5610000000D+03    0.4510184146D+00    0.1000000000D+01
    0.5620000000D+03    0.4510314876D+00    0.1000000000D+01
    0.5630000000D+03    0.4510381307D+00    0.1000000000D+01
    0.5640000000D+03    0.4510424870D+00    0.1000000000D+01
    0.5650000000D+03    0.4510508969D+00    0.1000000000D+01
    0.5660000000D+03    0.4510687621D+00    0.1000000000D+01
    0.5670000000D+03    0.4510894272D+00    0.1000000000D+01
    0.5680000000D+03    0.4510942337D+00    0.1000000000D+01
    0.5690000000D+03    0.4510813274D+00    0.1000000000D+01
    0.5700000000D+03    0.4510657382D+00    0.1000000000D+01
    0.5710000000D+03    0.4510555333D+00    0.1000000000D+01
    0.5720000000D+03    0.4510497405D+00    0.1000000000D+01
    0.5730000000D+03    0.4510413310D+00    0.1000000000D+01
    0.5740000000D+03    0.4510216530D+00    0.1000000000D+01
    0.5750000000D+03    0.4509886687D+00    0.1000000000D+01
    0.5760000000D+03    0.4509602909D+00    0.1000000000D+01
    0.5770000000D+03    0.4509573830D+00    0.1000000000D+01
    0.5780000000D+03    0.4509681292D+00    0.1000000000D+01
    0.5790000000D+03    0.4509703284D+00    0.1000000000D+01
    0.5800000000D+03    0.4509605619D+00    0.1000000000D+01
    0.5810000000D+03    0.4509520276D+00    0.1000000000D+01
    0.5820000000D+03    0.4509628735D+00    0.1000000000D+01
    0.5830000000D+03    0.4509906254D+00    0.1000000000D+01
    0.5840000000D+03    0.4510175388D+00    0.1000000000D+01
    0.5850000000D+03    0.4510333713D+00    0.1000000000D+01
    0.5860000000D+03    0.4510409762D+00    0.1000000000D+01
    0.5870000000D+03    0.4510535396D+00    0.1000000000D+01
    0.5880000000D+03    0.4510760179D+00    0.1000000000D+01
    0.5890000000D+03    0.4511005464D+00    0.1000000000D+01
    0.5900000000D+03    0.4511186076D+00    0.1000000000D+01
    0.5910000000D+03    0.4511248940D+00    0.1000000000D+01
    0.5920000000D+03    0.4511180179D+00    0.1000000000D+01
    0.5930000000D+03    0.4511031742D+00    0.1000000000D+01
    0.5940000000D+03    0.4510920000D+00    0.1000000000D+01
    0.5950000000D+03    0.4510884391D+00    0.1000000000D+01
    0.5960000000D+03    0.4510828480D+00    0.1000000000D+01
    0.5970000000D+03    0.4510587722D+00    0.1000000000D+01
    0.5980000000D+03    0.4510142585D+00    0.1000000000D+01
    0.5990000000D+03    0.4509809586D+00    0.1000000000D+01
    0.6000000000D+03    0.4509757964D+00    0.1000000000D+01
    0.6010000000D+03    0.4509736651D+00    0.1000000000D+01
    0.6020000000D+03    0.4509576533D+00    0.1000000000D+01
    0.6030000000D+03    0.4509348956D+00    0.1000000000D+01
    0.6040000000D+03    0.4509197610D+00    0.1000000000D+01
    0.6050000000D+03    0.4509229429D+00    0.1000000000D+01
    0.6060000000D+03    0.4509430753D+00    0.1000000000D+01
    0.6070000000D+03    0.4509697766D+00    0.1000000000D+01
    0.6080000000D+03    0.4509907673D+00    0.1000000000D+01
    0.6090000000D+03    0.4510063353D+00    0.1000000000D+01
    0.6100000000D+03    0.4510276539D+00    0.1000000000D+01
    0.6110000000D+03    0.4510613334D+00    0.1000000000D+01
    0.6120000000D+03    0.4511050420D+00    0.1000000000D+01
    0.6130000000D+03    0.4511467403D+00    0.1000000000D+01
    0.6140000000D+03    0.4511756279D+00    0.1000000000D+01
    0.6150000000D+03    0.4511909107D+00    0.1000000000D+01
    0.6160000000D+03    0.4512021253D+00    0.1000000000D+01
    0.6170000000D+03    0.4512213176D+00    0.1000000000D+01
    0.6180000000D+03    0.4512468223D+00    0.1000000000D+01
    0.6190000000D+03    0.4512680033D+00    0.1000000000D+01
    0.6200000000D+03    0.4512757758D+00    0.1000000000D+01
    0.6210000000D+03    0.4512693144D+00    0.1000000000D+01
    0.6220000000D+03    0.4512599043D+00    0.1000000000D+01
    0.6230000000D+03    0.4512637620D+00    0.1000000000D+01
    0.6240000000D+03    0.4512857164D+00    0.1000000000D+01
    0.6250000000D+03    0.4512972294D+00    0.1000000000D+01
    0.6260000000D+03    0.4512748311D+00    0.1000000000D+01
    0.6270000000D+03    0.4512447188D+00    0.1000000000D+01
    0.6280000000D+03    0.4512318357D+00    0.1000000000D+01
    0.6290000000D+03    0.4512279251D+00    0.1000000000D+01
    0.6300000000D+03    0.4512200784D+00    0.1000000000D+01
    0.6310000000D+03    0.4512024505D+00    0.1000000000D+01
    0.6320000000D+03    0.4511767405D+00    0.1000000000D+01
    0.6330000000D+03    0.4511507265D+00    0.1000000000D+01
    0.6340000000D+03    0.4511343079D+00    0.1000000000D+01
    0.6350000000D+03    0.4511314404D+00    0.1000000000D+01
    0.6360000000D+03    0.4511368144D+00    0.1000000000D+01
    0.6370000000D+03    0.4511418400D+00    0.1000000000D+01
    0.6380000000D+03    0.4511397179D+00    0.1000000000D+01
    0.6390000000D+03    0.4511338776D+00    0.1000000000D+01
    0.6400000000D+03    0.4511360186D+00    0.1000000000D+01
    0.6410000000D+03    0.4511571102D+00    0.1000000000D+01
    0.6420000000D+03    0.4511919657D+00    0.1000000000D+01
    0.6430000000D+03    0.4512161483D+00    0.1000000000D+01
    0.6440000000D+03    0.4512197736D+00    0.1000000000D+01
    0.6450000000D+03    0.4512169736D+00    0.1000000000D+01
    0.6460000000D+03    0.4512276147D+00    0.1000000000D+01
    0.6470000000D+03    0.4512577592D+00    0.1000000000D+01
    0.6480000000D+03    0.4512848287D+00    0.1000000000D+01
    0.6490000000D+03    0.4512900412D+00    0.1000000000D+01
    0.6500000000D+03    0.4512813784D+00    0.1000000000D+01
    0.6510000000D+03    0.4512730160D+00    0.1000000000D+01
    0.6520000000D+03    0.4512738272D+00    0.1000000000D+01
    0.6530000000D+03    0.4512832109D+00    0.1000000000D+01
    0.6540000000D+03    0.4512913331D+00    0.1000000000D+01
    0.6550000000D+03    0.4512840153D+00    0.1000000000D+01
    0.6560000000D+03    0.4512592263D+00    0.1000000000D+01
    0.6570000000D+03    0.4512355753D+00    0.1000000000D+01
    0.6580000000D+03    0.4512250130D+00    0.1000000000D+01
    0.6590000000D+03    0.4512221010D+00    0.1000000000D+01
    0.6600000000D+03    0.4512165215D+00    0.1000000000D+01
    0.6610000000D+03    0.4512007310D+00    0.1000000000D+01
    0.6620000000D+03    0.4511753220D+00    0.1000000000D+01
    0.6630000000D+03    0.4511463649D+00    0.1000000000D+01
    0.6640000000D+03    0.4511224222D+00    0.1000000000D+01
    0.6650000000D+03    0.4511109974D+00    0.1000000000D+01
    0.6660000000D+03    0.4511106886D+00    0.1000000000D+01
    0.6670000000D+03    0.4510997274D+00    0.1000000000D+01
    0.6680000000D+03    0.4510586333D+00    0.1000000000D+01
    0.6690000000D+03    0.4510125508D+00    0.1000000000D+01
    0.6700000000D+03    0.4509932399D+00    0.1000000000D+01
    0.6710000000D+03    0.4509923520D+00    0.1000000000D+01
    0.6720000000D+03    0.4509863496D+00    0.1000000000D+01
    0.6730000000D+03    0.4509609413D+00    0.1000000000D+01
    0.6740000000D+03    0.4509257276D+00    0.1000000000D+01
    0.6750000000D+03    0.4509044670D+00    0.1000000000D+01
    0.6760000000D+03    0.4509041852D+00    0.1000000000D+01
    0.6770000000D+03    0.4509169946D+00    0.1000000000D+01
    0.6780000000D+03    0.4509323888D+00    0.1000000000D+01
    0.6790000000D+03    0.4509437126D+00    0.1000000000D+01
    0.6800000000D+03    0.4509512447D+00    0.1000000000D+01
    0.6810000000D+03    0.4509611714D+00    0.1000000000D+01
    0.6820000000D+03    0.4509820853D+00    0.1000000000D+01
    0.6830000000D+03    0.4510164440D+00    0.1000000000D+01
    0.6840000000D+03    0.4510564504D+00    0.1000000000D+01
    0.6850000000D+03    0.4510838465D+00    0.1000000000D+01
    0.6860000000D+03    0.4510900875D+00    0.1000000000D+01
    0.6870000000D+03    0.4510898134D+00    0.1000000000D+01
    0.6880000000D+03    0.4510989404D+00    0.1000000000D+01
    0.6890000000D+03    0.4511211912D+00    0.1000000000D+01
    0.6900000000D+03    0.4511446377D+00    0.1000000000D+01
    0.6910000000D+03    0.4511513117D+00    0.1000000000D+01
    0.6920000000D+03    0.4511367372D+00    0.1000000000D+01
    0.6930000000D+03    0.4511131200D+00    0.1000000000D+01
    0.6940000000D+03    0.4511035603D+00    0.1000000000D+01
    0.6950000000D+03    0.4511137781D+00    0.1000000000D+01
    0.6960000000D+03    0.4511232704D+00    0.1000000000D+01
    0.6970000000D+03    0.4511149566D+00    0.1000000000D+01
    0.6980000000D+03    0.4510884195D+00    0.1000000000D+01
    0.6990000000D+03    0.4510624336D+00    0.1000000000D+01
    0.7000000000D+03    0.4510546612D+00    0.1000000000D+01
    0.7010000000D+03    0.4510581389D+00    0.1000000000D+01
    0.7020000000D+03    0.4510581305D+00    0.1000000000D+01
    0.7030000000D+03    0.4510468173D+00    0.1000000000D+01
    0.7040000000D+03    0.4510237970D+00    0.1000000000D+01
    0.7050000000D+03    0.4509955374D+00    0.1000000000D+01
    0.7060000000D+03    0.4509725173D+00    0.1000000000D+01
    0.7070000000D+03    0.4509612808D+00    0.1000000000D+01
    0.7080000000D+03    0.4509557796D+00    0.1000000000D+01
    0.7090000000D+03    0.4509461657D+00    0.1000000000D+01
    0.7100000000D+03    0.4509263531D+00    0.1000000000D+01
    0.7110000000D+03    0.4508961428D+00    0.1000000000D+01
    0.7120000000D+03    0.4508657668D+00    0.1000000000D+01
    0.7130000000D+03    0.4508562159D+00    0.1000000000D+01
    0.7140000000D+03    0.4508773463D+00    0.1000000000D+01
    0.7150000000D+03    0.4508944168D+00    0.1000000000D+01
    0.7160000000D+03    0.4508760947D+00    0.1000000000D+01
    0.7170000000D+03    0.4508503732D+00    0.1000000000D+01
    0.7180000000D+03    0.4508473035D+00    0.1000000000D+01
    0.7190000000D+03    0.4508596162D+00    0.1000000000D+01
    0.7200000000D+03    0.4508711476D+00    0.1000000000D+01
    0.7210000000D+03    0.4508704502D+00    0.1000000000D+01
    0.7220000000D+03    0.4508520605D+00    0.1000000000D+01
    0.7230000000D+03    0.4508190477D+00    0.1000000000D+01
    0.7240000000D+03    0.4507843608D+00    0.1000000000D+01
    0.7250000000D+03    0.4507590702D+00    0.1000000000D+01
    0.7260000000D+03    0.4507420129D+00    0.1000000000D+01
    0.7270000000D+03    0.4507228575D+00    0.1000000000D+01
    0.7280000000D+03    0.4506892589D+00    0.1000000000D+01
    0.7290000000D+03    0.4506442316D+00    0.1000000000D+01
    0.7300000000D+03    0.4506041458D+00    0.1000000000D+01
    0.7310000000D+03    0.4505814775D+00    0.1000000000D+01
    0.7320000000D+03    0.4505788644D+00    0.1000000000D+01
    0.7330000000D+03    0.4505870538D+00    0.1000000000D+01
    0.7340000000D+03    0.4505924127D+00    0.1000000000D+01
    0.7350000000D+03    0.4505857228D+00    0.1000000000D+01
    0.7360000000D+03    0.4505733323D+00    0.1000000000D+01
    0.7370000000D+03    0.4505744968D+00    0.1000000000D+01
    0.7380000000D+03    0.4505988422D+00    0.1000000000D+01
    0.7390000000D+03    0.4506373048D+00    0.1000000000D+01
    0.7400000000D+03    0.4506614735D+00    0.1000000000D+01
    0.7410000000D+03    0.4506554783D+00    0.1000000000D+01
    0.7420000000D+03    0.4506427874D+00    0.1000000000D+01
    0.7430000000D+03    0.4506472937D+00    0.1000000000D+01
    0.7440000000D+03    0.4506685941D+00    0.1000000000D+01
    0.7450000000D+03    0.4506900326D+00    0.1000000000D+01
    0.7460000000D+03    0.4506921635D+00    0.1000000000D+01
    0.7470000000D+03    0.4506740071D+00    0.1000000000D+01
    0.7480000000D+03    0.4506482080D+00    0.1000000000D+01
    0.7490000000D+03    0.4506263587D+00    0.1000000000D+01
    0.7500000000D+03    0.4506125772D+00    0.1000000000D+01
    0.7510000000D+03    0.4506019879D+00    0.1000000000D+01
    0.7520000000D+03    0.4505884054D+00    0.1000000000D+01
    0.7530000000D+03    0.4505672928D+00    0.1000000000D+01
    0.7540000000D+03    0.4505351668D+00    0.1000000000D+01
    0.7550000000D+03    0.4504959911D+00    0.1000000000D+01
    0.7560000000D+03    0.4504713900D+00    0.1000000000D+01
    0.7570000000D+03    0.4504773506D+00    0.1000000000D+01
    0.7580000000D+03    0.4504964504D+00    0.1000000000D+01
    0.7590000000D+03    0.4505041798D+00    0.1000000000D+01
    0.7600000000D+03    0.4504930427D+00    0.1000000000D+01
    0.7610000000D+03    0.4504774895D+00    0.1000000000D+01
    0.7620000000D+03    0.4504833135D+00    0.1000000000D+01
    0.7630000000D+03    0.4505127149D+00    0.1000000000D+01
    0.7640000000D+03    0.4505455018D+00    0.1000000000D+01
    0.7650000000D+03    0.4505609925D+00    0.1000000000D+01
    0.7660000000D+03    0.4505532121D+00    0.1000000000D+01
    0.7670000000D+03    0.4505390473D+00    0.1000000000D+01
    0.7680000000D+03    0.4505357757D+00    0.1000000000D+01
    0.7690000000D+03    0.4505468866D+00    0.1000000000D+01
    0.7700000000D+03    0.4505667334D+00    0.1000000000D+01
    0.7710000000D+03    0.4505849402D+00    0.1000000000D+01
    0.7720000000D+03    0.4505931393D+00    0.1000000000D+01
    0.7730000000D+03    0.4505924559D+00    0.1000000000D+01
    0.7740000000D+03    0.4506006567D+00    0.1000000000D+01
    0.7750000000D+03    0.4506324698D+00    0.1000000000D+01
    0.7760000000D+03    0.4506812652D+00    0.1000000000D+01
    0.7770000000D+03    0.4507332633D+00    0.1000000000D+01
    0.7780000000D+03    0.4507782458D+00    0.1000000000D+01
    0.7790000000D+03    0.4508120735D+00    0.1000000000D+01
    0.7800000000D+03    0.4508378906D+00    0.1000000000D+01
    0.7810000000D+03    0.4508673824D+00    0.1000000000D+01
    0.7820000000D+03    0.4509126614D+00    0.1000000000D+01
    0.7830000000D+03    0.4509721629D+00    0.1000000000D+01
    0.7840000000D+03    0.4510260354D+00    0.1000000000D+01
    0.7850000000D+03    0.4510431227D+00    0.1000000000D+01
    0.7860000000D+03    0.4510281724D+00    0.1000000000D+01
    0.7870000000D+03    0.4510274164D+00    0.1000000000D+01
    0.7880000000D+03    0.4510525333D+00    0.1000000000D+01
    0.7890000000D+03    0.4510749926D+00    0.1000000000D+01
    0.7900000000D+03    0.4510764300D+00    0.1000000000D+01
    0.7910000000D+03    0.4510557747D+00    0.1000000000D+01
    0.7920000000D+03    0.4510228376D+00    0.1000000000D+01
    0.7930000000D+03    0.4509911369D+00    0.1000000000D+01
    0.7940000000D+03    0.4509703586D+00    0.1000000000D+01
    0.7950000000D+03    0.4509614255D+00    0.1000000000D+01
    0.7960000000D+03    0.4509569063D+00    0.1000000000D+01
    0.7970000000D+03    0.4509475007D+00    0.1000000000D+01
    0.7980000000D+03    0.4509276663D+00    0.1000000000D+01
    0.7990000000D+03    0.4509040776D+00    0.1000000000D+01
    0.8000000000D+03    0.4508902205D+00    0.1000000000D+01
    0.8010000000D+03    0.4508957207D+00    0.1000000000D+01
    0.8020000000D+03    0.4509180962D+00    0.1000000000D+01
    0.8030000000D+03    0.4509390539D+00    0.1000000000D+01
    0.8040000000D+03    0.4509404160D+00    0.1000000000D+01
    0.8050000000D+03    0.4509174448D+00    0.1000000000D+01
    0.8060000000D+03    0.4508900096D+00    0.1000000000D+01
    0.8070000000D+03    0.4508861089D+00    0.1000000000D+01
    0.8080000000D+03    0.4509008613D+00    0.1000000000D+01
    0.8090000000D+03    0.4509099707D+00    0.1000000000D+01
    0.8100000000D+03    0.4508996518D+00    0.1000000000D+01
    0.8110000000D+03    0.4508701521D+00    0.1000000000D+01
    0.8120000000D+03    0.4508356391D+00    0.1000000000D+01
    0.8130000000D+03    0.4508153429D+00    0.1000000000D+01
    0.8140000000D+03    0.4508212791D+00    0.1000000000D+01
    0.8150000000D+03    0.4508401957D+00    0.1000000000D+01
    0.8160000000D+03    0.4508456885D+00    0.1000000000D+01
    0.8170000000D+03    0.4508353042D+00    0.1000000000D+01
    0.8180000000D+03    0.4508234228D+00    0.1000000000D+01
    0.8190000000D+03    0.4508210815D+00    0.1000000000D+01
    0.8200000000D+03    0.4508324934D+00    0.1000000000D+01
    0.8210000000D+03    0.4508532694D+00    0.1000000000D+01
    0.8220000000D+03    0.4508724495D+00    0.1000000000D+01
    0.8230000000D+03    0.4508776981D+00    0.1000000000D+01
    0.8240000000D+03    0.4508642512D+00    0.1000000000D+01
    0.8250000000D+03    0.4508363142D+00    0.1000000000D+01
    0.8260000000D+03    0.4508063328D+00    0.1000000000D+01
    0.8270000000D+03    0.4507882775D+00    0.1000000000D+01
    0.8280000000D+03    0.4507848550D+00    0.1000000000D+01
    0.8290000000D+03    0.4507809281D+00    0.1000000000D+01
    0.8300000000D+03    0.4507464527D+00    0.1000000000D+01
    0.8310000000D+03    0.4506822585D+00    0.1000000000D+01
    0.8320000000D+03    0.4506328979D+00    0.1000000000D+01
    0.8330000000D+03    0.4506204274D+00    0.1000000000D+01
    0.8340000000D+03    0.4506284785D+00    0.1000000000D+01
    0.8350000000D+03    0.4506339873D+00    0.1000000000D+01
    0.8360000000D+03    0.4506233928D+00    0.1000000000D+01
    0.8370000000D+03    0.4506041205D+00    0.1000000000D+01
    0.8380000000D+03    0.4505924572D+00    0.1000000000D+01
    0.8390000000D+03    0.4505972469D+00    0.1000000000D+01
    0.8400000000D+03    0.4506183536D+00    0.1000000000D+01
    0.8410000000D+03    0.4506491111D+00    0.1000000000D+01
    0.8420000000D+03    0.4506783597D+00    0.1000000000D+01
    0.8430000000D+03    0.4506935013D+00    0.1000000000D+01
    0.8440000000D+03    0.4506924691D+00    0.1000000000D+01
    0.8450000000D+03    0.4506856463D+00    0.1000000000D+01
    0.8460000000D+03    0.4506891694D+00    0.1000000000D+01
    0.8470000000D+03    0.4507086150D+00    0.1000000000D+01
    0.8480000000D+03    0.4507256235D+00    0.1000000000D+01
    0.8490000000D+03    0.4507229160D+00    0.1000000000D+01
    0.8500000000D+03    0.4507006762D+00    0.1000000000D+01
    0.8510000000D+03    0.4506658655D+00    0.1000000000D+01
    0.8520000000D+03    0.4506295479D+00    0.1000000000D+01
    0.8530000000D+03    0.4506103042D+00    0.1000000000D+01
    0.8540000000D+03    0.4506185080D+00    0.1000000000D+01
    0.8550000000D+03    0.4506262212D+00    0.1000000000D+01
    0.8560000000D+03    0.4506005481D+00    0.1000000000D+01
    0.8570000000D+03    0.4505534562D+00    0.1000000000D+01
    0.8580000000D+03    0.4505146673D+00    0.1000000000D+01
    0.8590000000D+03    0.4505012588D+00    0.1000000000D+01
    0.8600000000D+03    0.4505113225D+00    0.1000000000D+01
    0.8610000000D+03    0.4505264138D+00    0.1000000000D+01
    0.8620000000D+03    0.4505318833D+00    0.1000000000D+01
    0.8630000000D+03    0.4505257128D+00    0.1000000000D+01
    0.8640000000D+03    0.4505192388D+00    0.1000000000D+01
    0.8650000000D+03    0.4505274553D+00    0.1000000000D+01
    0.8660000000D+03    0.4505545223D+00    0.1000000000D+01
    0.8670000000D+03    0.4505944536D+00    0.1000000000D+01
    0.8680000000D+03    0.4506358980D+00    0.1000000000D+01
    0.8690000000D+03    0.4506693960D+00    0.1000000000D+01
    0.8700000000D+03    0.4506901061D+00    0.1000000000D+01
    0.8710000000D+03    0.4506985686D+00    0.1000000000D+01
    0.8720000000D+03    0.4507036670D+00    0.1000000000D+01
    0.8730000000D+03    0.4507246616D+00    0.1000000000D+01
    0.8740000000D+03    0.4507725165D+00    0.1000000000D+01
    0.8750000000D+03    0.4508159942D+00    0.1000000000D+01
    0.8760000000D+03    0.4508189820D+00    0.1000000000D+01
    0.8770000000D+03    0.4507934339D+00    0.1000000000D+01
    0.8780000000D+03    0.4507703028D+00    0.1000000000D+01
    0.8790000000D+03    0.4507681400D+00    0.1000000000D+01
    0.8800000000D+03    0.4507838611D+00    0.1000000000D+01
    0.8810000000D+03    0.4507953424D+00    0.1000000000D+01
    0.8820000000D+03    0.4507878078D+00    0.1000000000D+01
    0.8830000000D+03    0.4507617955D+00    0.1000000000D+01
    0.8840000000D+03    0.4507267355D+00    0.1000000000D+01
    0.8850000000D+03    0.4506954798D+00    0.1000000000D+01
    0.8860000000D+03    0.4506793844D+00    0.1000000000D+01
    0.8870000000D+03    0.4506783311D+00    0.1000000000D+01
    0.8880000000D+03    0.4506731285D+00    0.1000000000D+01
    0.8890000000D+03    0.4506480144D+00    0.1000000000D+01
    0.8900000000D+03    0.4506048380D+00    0.1000000000D+01
    0.8910000000D+03    0.4505545086D+00    0.1000000000D+01
    0.8920000000D+03    0.4505105218D+00    0.1000000000D+01
    0.8930000000D+03    0.4504812625D+00    0.1000000000D+01
    0.8940000000D+03    0.4504663467D+00    0.1000000000D+01
    0.8950000000D+03    0.4504545140D+00    0.1000000000D+01
    0.8960000000D+03    0.4504326238D+00    0.1000000000D+01
    0.8970000000D+03    0.4503969750D+00    0.1000000000D+01
    0.8980000000D+03    0.4503563206D+00    0.1000000000D+01
    0.8990000000D+03    0.4503329952D+00    0.1000000000D+01
    0.9000000000D+03    0.4503417683D+00    0.1000000000D+01
    0.9010000000D+03    0.4503754520D+00    0.1000000000D+01
    0.9020000000D+03    0.4504063006D+00    0.1000000000D+01
    0.9030000000D+03    0.4504051231D+00    0.1000000000D+01
    0.9040000000D+03    0.4503879881D+00    0.1000000000D+01
    0.9050000000D+03    0.4503951797D+00    0.1000000000D+01
    0.9060000000D+03    0.4504330277D+00    0.1000000000D+01
    0.9070000000D+03    0.4504834816D+00    0.1000000000D+01
    0.9080000000D+03    0.4505287417D+00    0.1000000000D+01
    0.9090000000D+03    0.4505592263D+00    0.1000000000D+01
    0.9100000000D+03    0.4505761882D+00    0.1000000000D+01
    0.9110000000D+03    0.4505858855D+00    0.1000000000D+01
    0.9120000000D+03    0.4505955883D+00    0.1000000000D+01
    0.9130000000D+03    0.4506130430D+00    0.1000000000D+01
    0.9140000000D+03    0.4506430786D+00    0.1000000000D+01
    0.9150000000D+03    0.4506764967D+00    0.1000000000D+01
    0.9160000000D+03    0.4506967070D+00    0.1000000000D+01
    0.9170000000D+03    0.4506951794D+00    0.1000000000D+01
    0.9180000000D+03    0.4506763579D+00    0.1000000000D+01
    0.9190000000D+03    0.4506603127D+00    0.1000000000D+01
    0.9200000000D+03    0.4506650410D+00    0.1000000000D+01
    0.9210000000D+03    0.4506920103D+00    0.1000000000D+01
    0.9220000000D+03    0.4507230715D+00    0.1000000000D+01
    0.9230000000D+03    0.4507299268D+00    0.1000000000D+01
    0.9240000000D+03    0.4507120962D+00    0.1000000000D+01
    0.9250000000D+03    0.4506949193D+00    0.1000000000D+01
    0.9260000000D+03    0.4506972311D+00    0.1000000000D+01
    0.9270000000D+03    0.4507223892D+00    0.1000000000D+01
    0.9280000000D+03    0.4507554167D+00    0.1000000000D+01
    0.9290000000D+03    0.4507768451D+00    0.1000000000D+01
    0.9300000000D+03    0.4507775502D+00    0.1000000000D+01
    0.9310000000D+03    0.4507625146D+00    0.1000000000D+01
    0.9320000000D+03    0.4507487004D+00    0.1000000000D+01
    0.9330000000D+03    0.4507492118D+00    0.1000000000D+01
    0.9340000000D+03    0.4507666933D+00    0.1000000000D+01
    0.9350000000D+03    0.4507900944D+00    0.1000000000D+01
    0.9360000000D+03    0.4508017835D+00    0.1000000000D+01
    0.9370000000D+03    0.4507971586D+00    0.1000000000D+01
    0.9380000000D+03    0.4507832815D+00    0.1000000000D+01
    0.9390000000D+03    0.4507694601D+00    0.1000000000D+01
    0.9400000000D+03    0.4507617843D+00    0.1000000000D+01
    0.9410000000D+03    0.4507631454D+00    0.1000000000D+01
    0.9420000000D+03    0.4507737938D+00    0.1000000000D+01
    0.9430000000D+03    0.4507861402D+00    0.1000000000D+01
    0.9440000000D+03    0.4507796331D+00    0.1000000000D+01
    0.9450000000D+03    0.4507345540D+00    0.1000000000D+01
    0.9460000000D+03    0.4506785425D+00    0.1000000000D+01
    0.9470000000D+03    0.4506628892D+00    0.1000000000D+01
    0.9480000000D+03    0.4506809526D+00    0.1000000000D+01
    0.9490000000D+03    0.4506931622D+00    0.1000000000D+01
    0.9500000000D+03    0.4506860639D+00    0.1000000000D+01
    0.9510000000D+03    0.4506656096D+00    0.1000000000D+01
    0.9520000000D+03    0.4506441297D+00    0.1000000000D+01
    0.9530000000D+03    0.4506354600D+00    0.1000000000D+01
    0.9540000000D+03    0.4506493216D+00    0.1000000000D+01
    0.9550000000D+03    0.4506815307D+00    0.1000000000D+01
    0.9560000000D+03    0.4507170791D+00    0.1000000000D+01
    0.9570000000D+03    0.4507478805D+00    0.1000000000D+01
    0.9580000000D+03    0.4507723943D+00    0.1000000000D+01
    0.9590000000D+03    0.4507900802D+00    0.1000000000D+01
    0.9600000000D+03    0.4508055222D+00    0.1000000000D+01
    0.9610000000D+03    0.4508332874D+00    0.1000000000D+01
    0.9620000000D+03    0.4508813272D+00    0.1000000000D+01
    0.9630000000D+03    0.4509348325D+00    0.1000000000D+01
    0.9640000000D+03    0.4509750036D+00    0.1000000000D+01
    0.9650000000D+03    0.4509923257D+00    0.1000000000D+01
    0.9660000000D+03    0.4509909929D+00    0.1000000000D+01
    0.9670000000D+03    0.4509886265D+00    0.1000000000D+01
    0.9680000000D+03    0.4510005428D+00    0.1000000000D+01
    0.9690000000D+03    0.4510309293D+00    0.1000000000D+01
    0.9700000000D+03    0.4510638133D+00    0.1000000000D+01
    0.9710000000D+03    0.4510743185D+00    0.1000000000D+01
    0.9720000000D+03    0.4510525449D+00    0.1000000000D+01
    0.9730000000D+03    0.4510081944D+00    0.1000000000D+01
    0.9740000000D+03    0.4509702127D+00    0.1000000000D+01
    0.9750000000D+03    0.4509574369D+00    0.1000000000D+01
    0.9760000000D+03    0.4509576573D+00    0.1000000000D+01
    0.9770000000D+03    0.4509511930D+00    0.1000000000D+01
    0.9780000000D+03    0.4509258866D+00    0.1000000000D+01
    0.9790000000D+03    0.4508837475D+00    0.1000000000D+01
    0.9800000000D+03    0.4508379040D+00    0.1000000000D+01
    0.9810000000D+03    0.4507985301D+00    0.1000000000D+01
    0.9820000000D+03    0.4507705109D+00    0.1000000000D+01
    0.9830000000D+03    0.4507545410D+00    0.1000000000D+01
    0.9840000000D+03    0.4507470461D+00    0.1000000000D+01
    0.9850000000D+03    0.4507382755D+00    0.1000000000D+01
    0.9860000000D+03    0.4507183203D+00    0.1000000000D+01
    0.9870000000D+03    0.4506852903D+00    0.1000000000D+01
    0.9880000000D+03    0.4506507668D+00    0.1000000000D+01
    0.9890000000D+03    0.4506392841D+00    0.1000000000D+01
    0.9900000000D+03    0.4506637574D+00    0.1000000000D+01
    0.9910000000D+03    0.4507126882D+00    0.1000000000D+01
    0.9920000000D+03    0.4507530480D+00    0.1000000000D+01
    0.9930000000D+03    0.4507552932D+00    0.1000000000D+01
    0.9940000000D+03    0.4507411764D+00    0.1000000000D+01
    0.9950000000D+03    0.4507524668D+00    0.1000000000D+01
    0.9960000000D+03    0.4507924014D+00    0.1000000000D+01
    0.9970000000D+03    0.4508427732D+00    0.1000000000D+01
    0.9980000000D+03    0.4508876875D+00    0.1000000000D+01
    0.9990000000D+03    0.4509161088D+00    0.1000000000D+01
    0.1000000000D+04    0.4509239390D+00    0.1000000000D+01
