  0.  1.  1.
  0.5  0.999265774  1.
  1.  0.997064635  1.
  1.5  0.99340221  1.
  2.  0.988288853  1.
  2.5  0.981739113  1.
  3.  0.973771577  1.
  3.5  0.964408783  1.
  4.  0.953677111  1.
  4.5  0.941606663  1.
  5.  0.928231118  1.
  5.5  0.913587584  1.
  6.  0.89771643  1.
  6.5  0.880661108  1.
  7.  0.862467966  1.
  7.5  0.843186054  1.
  8.  0.822866922  1.
  8.5  0.801564413  1.
  9.  0.77933445  1.
  9.5  0.756234826  1.
  10.  0.732324988  1.
  10.5  0.707665822  1.
  11.  0.682319443  1.
  11.5  0.656348979  1.
  12.  0.629818367  1.
  12.5  0.602792144  1.
  13.  0.575335248  1.
  13.5  0.54751282  1.
  14.  0.519390012  1.
  14.5  0.491031802  1.
  15.  0.46250281  1.
  15.5  0.433867124  1.
  16.  0.405188129  1.
  16.5  0.37652834  1.
  17.  0.34794925  1.
  17.5  0.319511169  1.
  18.  0.291273086  1.
  18.5  0.263292522  1.
  19.  0.2356254  1.
  19.5  0.208325917  1.
  20.  0.181446421  1.
  20.5  0.155037301  1.
  21.  0.129146877  1.
  21.5  0.103821301  1.
  22.  0.0791044667  1.
  22.5  0.0550379226  1.
  23.  0.0316607973  1.
  23.5  0.0090097308  1.
  24. -0.0128811854  1.
  24.5 -0.0339804592  1.
  25. -0.0542592407  1.
  25.5 -0.0736913552  1.
  26. -0.0922533279  1.
  26.5 -0.109924399  1.
  27. -0.126686531  1.
  27.5 -0.142524405  1.
  28. -0.157425408  1.
  28.5 -0.171379615  1.
  29. -0.184379757  1.
  29.5 -0.196421187  1.
  30. -0.207501831  1.
  30.5 -0.217622135  1.
  31. -0.226785008  1.
  31.5 -0.234995748  1.
  32. -0.242261974  1.
  32.5 -0.24859354  1.
  33. -0.254002453  1.
  33.5 -0.25850278  1.
  34. -0.262110554  1.
  34.5 -0.264843671  1.
  35. -0.266721789  1.
  35.5 -0.26776622  1.
  36. -0.267999825  1.
  36.5 -0.267446897  1.
  37. -0.266133053  1.
  37.5 -0.264085121  1.
  38. -0.261331021  1.
  38.5 -0.25789966  1.
  39. -0.253820807  1.
  39.5 -0.249124993  1.
  40. -0.243843388  1.
  40.5 -0.2380077  1.
  41. -0.231650063  1.
  41.5 -0.224802932  1.
  42. -0.217498981  1.
  42.5 -0.209771005  1.
  43. -0.201651821  1.
  43.5 -0.193174175  1.
  44. -0.184370656  1.
  44.5 -0.175273609  1.
  45. -0.165915052  1.
  45.5 -0.156326605  1.
  46. -0.146539409  1.
  46.5 -0.136584069  1.
  47. -0.12649058  1.
  47.5 -0.116288277  1.
  48. -0.106005775  1.
  48.5 -0.0956709244  1.
  49. -0.0853107624  1.
  49.5 -0.0749514756  1.
  50. -0.0646183633  1.
  50.5 -0.0543358067  1.
  51. -0.0441272418  1.
  51.5 -0.0340151371  1.
  52. -0.0240209749  1.
  52.5 -0.0141652367  1.
  53. -0.00446739225  1.
  53.5  0.0050541076  1.
  54.  0.0143818349  1.
  54.5  0.0234993854  1.
  55.  0.0323913761  1.
  55.5  0.0410434401  1.
  56.  0.0494422192  1.
  56.5  0.0575753536  1.
  57.  0.0654314694  1.
  57.5  0.0730001646  1.
  58.  0.0802719931  1.
  58.5  0.0872384465  1.
  59.  0.0938919355  1.
  59.5  0.100225769  1.
  60.  0.106234134  1.
  60.5  0.111912071  1.
  61.  0.117255453  1.
  61.5  0.122260961  1.
  62.  0.126926062  1.
  62.5  0.13124898  1.
  63.  0.135228677  1.
  63.5  0.138864823  1.
  64.  0.142157779  1.
  64.5  0.145108565  1.
  65.  0.14771884  1.
  65.5  0.149990877  1.
  66.  0.15192754  1.
  66.5  0.153532262  1.
  67.  0.154809022  1.
  67.5  0.155762321  1.
  68.  0.156397162  1.
  68.5  0.15671903  1.
  69.  0.156733871  1.
  69.5  0.156448071  1.
  70.  0.155868436  1.
  70.5  0.155002177  1.
  71.  0.153856886  1.
  71.5  0.152440521  1.
  72.  0.150761387  1.
  72.5  0.148828121  1.
  73.  0.14664967  1.
  73.5  0.144235277  1.
  74.  0.141594464  1.
  74.5  0.138737011  1.
  75.  0.135672946  1.
  75.5  0.132412521  1.
  76.  0.128966196  1.
  76.5  0.125344627  1.
  77.  0.121558638  1.
  77.5  0.117619215  1.
  78.  0.113537475  1.
  78.5  0.109324659  1.
  79.  0.104992103  1.
  79.5  0.100551226  1.
  80.  0.0960135052  1.
  80.5  0.091390456  1.
  81.  0.0866936141  1.
  81.5  0.0819345116  1.
  82.  0.0771246566  1.
  82.5  0.072275511  1.
  83.  0.0673984682  1.
  83.5  0.062504831  1.
  84.  0.057605789  1.
  84.5  0.0527123954  1.
  85.  0.0478355448  1.
  85.5  0.0429859501  1.
  86.  0.0381741199  1.
  86.5  0.0334103358  1.
  87.  0.0287046307  1.
  87.5  0.0240667661  1.
  88.  0.0195062111  1.
  88.5  0.0150321212  1.
  89.  0.0106533183  1.
  89.5  0.00637827049  1.
  90.  0.00221507338  1.
  90.5 -0.00182856781  1.
  91. -0.00574535545  1.
  91.5 -0.0095284155  1.
  92. -0.0131713124  1.
  92.5 -0.016668063  1.
  93. -0.0200131485  1.
  93.5 -0.0232015262  1.
  94. -0.0262286389  1.
  94.5 -0.0290904233  1.
  95. -0.0317833168  1.
  95.5 -0.0343042627  1.
  96. -0.036650714  1.
  96.5 -0.0388206358  1.
  97. -0.0408125051  1.
  97.5 -0.0426253104  1.
  98. -0.0442585485  1.
  98.5 -0.0457122203  1.
  99. -0.0469868244  1.
  99.5 -0.04808335  1.
  100. -0.0490032671  1.
  100.5 -0.0497485159  1.
  101. -0.0503214947  1.
  101.5 -0.0507250452  1.
  102. -0.0509624383  1.
  102.5 -0.0510373566  1.
  103. -0.0509538767  1.
  103.5 -0.05071645  1.
  104. -0.0503298822  1.
  104.5 -0.0497993119  1.
  105. -0.0491301879  1.
  105.5 -0.0483282461  1.
  106. -0.047399485  1.
  106.5 -0.046350141  1.
  107. -0.0451866627  1.
  107.5 -0.0439156851  1.
  108. -0.042544003  1.
  108.5 -0.0410785447  1.
  109. -0.0395263447  1.
  109.5 -0.0378945175  1.
  110. -0.0361902304  1.
  110.5 -0.0344206772  1.
  111. -0.0325930522  1.
  111.5 -0.0307145243  1.
  112. -0.0287922118  1.
  112.5 -0.0268331579  1.
  113. -0.0248443075  1.
  113.5 -0.0228324836  1.
  114. -0.020804366  1.
  114.5 -0.0187664707  1.
  115. -0.0167251296  1.
  115.5 -0.0146864728  1.
  116. -0.0126564117  1.
  116.5 -0.0106406225  1.
  117. -0.00864453291  1.
  117.5 -0.00667330903  1.
  118. -0.0047318442  1.
  118.5 -0.00282474939  1.
  119. -0.000956345193  1.
  119.5  0.000869344665  1.
  120.  0.00264859817  1.
  120.5  0.00437799832  1.
  121.  0.00605443484  1.
  121.5  0.00767510441  1.
  122.  0.00923750931  1.
  122.5  0.0107394547  1.
  123.  0.0121790447  1.
  123.5  0.0135546763  1.
  124.  0.0148650336  1.
  124.5  0.0161090791  1.
  125.  0.0172860452  1.
  125.5  0.0183954239  1.
  126.  0.0194369563  1.
  126.5  0.0204106206  1.
  127.  0.0213166198  1.
  127.5  0.0221553688  1.
  128.  0.0229274809  1.
  128.5  0.0236337536  1.
  129.  0.0242751548  1.
  129.5  0.0248528082  1.
  130.  0.0253679788  1.
  130.5  0.0258220585  1.
  131.  0.0262165518  1.
  131.5  0.0265530613  1.
  132.  0.0268332741  1.
  132.5  0.027058948  1.
  133.  0.0272318982  1.
  133.5  0.0273539851  1.
  134.  0.0274271015  1.
  134.5  0.0274531617  1.
  135.  0.0274340901  1.
  135.5  0.0273718113  1.
  136.  0.0272682406  1.
  136.5  0.027125275  1.
  137.  0.0269447858  1.
  137.5  0.0267286112  1.
  138.  0.02647855  1.
  138.5  0.0261963559  1.
  139.  0.0258837334  1.
  139.5  0.0255423337  1.
  140.  0.0251737513  1.
  140.5  0.0247795223  1.
  141.  0.0243611228  1.
  141.5  0.023919968  1.
  142.  0.0234574125  1.
  142.5  0.0229747504  1.
  143.  0.0224732176  1.
  143.5  0.0219539928  1.
  144.  0.0214182007  1.
  144.5  0.0208669145  1.
  145.  0.0203011599  1.
  145.5  0.0197219184  1.
  146.  0.0191301321  1.
  146.5  0.0185267081  1.
  147.  0.0179125229  1.
  147.5  0.0172884278  1.
  148.  0.0166552537  1.
  148.5  0.0160138162  1.
  149.  0.015364921  1.
  149.5  0.0147093681  1.
  150.  0.0140479577  1.
  150.5  0.0133814939  1.
  151.  0.0127107896  1.
  151.5  0.0120366707  1.
  152.  0.0113599794  1.
  152.5  0.0106815776  1.
  153.  0.0100023503  1.
  153.5  0.00932320741  1.
  154.  0.00864508575  1.
  154.5  0.00796895065  1.
  155.  0.00729579655  1.
  155.5  0.00662664726  1.
  156.  0.00596255563  1.
  156.5  0.00530460256  1.
  157.  0.00465389553  1.
  157.5  0.0040115665  1.
  158.  0.00337876928  1.
  158.5  0.00275667634  1.
  159.  0.00214647514  1.
  159.5  0.00154936398  1.
  160.  0.00096654743  1.
  160.5  0.000399231292  1.
  161. -0.000151382722  1.
  161.5 -0.000684102661  1.
  162. -0.00119775226  1.
  162.5 -0.00169117708  1.
  163. -0.00216325081  1.
  163.5 -0.00261288165  1.
  164. -0.00303901879  1.
  164.5 -0.00344065882  1.
  165. -0.00381685214  1.
  165.5 -0.00416670921  1.
  166. -0.00448940667  1.
  166.5 -0.00478419318  1.
  167. -0.00505039507  1.
  167.5 -0.00528742159  1.
  168. -0.00549476983  1.
  168.5 -0.00567202925  1.
  169. -0.00581888574  1.
  169.5 -0.00593512521  1.
  170. -0.00602063663  1.
  170.5 -0.00607541457  1.
  171. -0.00609956117  1.
  171.5 -0.00609328745  1.
  172. -0.00605691415  1.
  172.5 -0.0059908718  1.
  173. -0.00589570027  1.
  173.5 -0.00577204765  1.
  174. -0.00562066851  1.
  174.5 -0.00544242152  1.
  175. -0.0052382665  1.
  175.5 -0.00500926081  1.
  176. -0.00475655521  1.
  176.5 -0.00448138912  1.
  177. -0.00418508535  1.
  177.5 -0.00386904433  1.
  178. -0.00353473787  1.
  178.5 -0.00318370246  1.
  179. -0.00281753218  1.
  179.5 -0.00243787121  1.
  180. -0.00204640608  1.
  180.5 -0.00164485763  1.
  181. -0.00123497267  1.
  181.5 -0.000818515607  1.
  182. -0.000397259794  1.
  182.5  2.70210765E-05  1.
  183.  0.000452561666  1.
  183.5  0.000877613622  1.
  184.  0.00130045413  1.
  184.5  0.00171939435  1.
  185.  0.00213278759  1.
  185.5  0.00253903734  1.
  186.  0.00293660493  1.
  186.5  0.00332401689  1.
  187.  0.00369987192  1.
  187.5  0.00406284739  1.
  188.  0.00441170547  1.
  188.5  0.00474529863  1.
  189.  0.00506257471  1.
  189.5  0.00536258131  1.
  190.  0.0056444697  1.
  190.5  0.00590749803  1.
  191.  0.0061510339  1.
  191.5  0.00637455633  1.
  192.  0.00657765701  1.
  192.5  0.00676004092  1.
  193.  0.00692152624  1.
  193.5  0.00706204367  1.
  194.  0.00718163493  1.
  194.5  0.00728045084  1.
  195.  0.00735874853  1.
  195.5  0.0074168882  1.
  196.  0.00745532923  1.
  196.5  0.00747462572  1.
  197.  0.00747542151  1.
  197.5  0.00745844469  1.
  198.  0.00742450169  1.
  198.5  0.00737447085  1.
  199.  0.00730929578  1.
  199.5  0.00722997819  1.
  200.  0.00713757058  1.
  200.5  0.00703316866  1.
  201.  0.00691790352  1.
  201.5  0.0067929338  1.
  202.  0.00665943761  1.
  202.5  0.00651860459  1.
  203.  0.00637162787  1.
  203.5  0.00621969619  1.
  204.  0.0060639861  1.
  204.5  0.00590565438  1.
  205.  0.00574583071  1.
  205.5  0.00558561053  1.
  206.  0.00542604834  1.
  206.5  0.00526815131  1.
  207.  0.00511287333  1.
  207.5  0.0049611095  1.
  208.  0.0048136911  1.
  208.5  0.0046713811  1.
  209.  0.0045348702  1.
  209.5  0.00440477345  1.
  210.  0.00428162743  1.
  210.5  0.00416588811  1.
  211.  0.0040579292  1.
  211.5  0.00395804125  1.
  212.  0.00386643125  1.
  212.5  0.00378322298  1.
  213.  0.00370845783  1.
  213.5  0.00364209632  1.
  214.  0.00358402014  1.
  214.5  0.00353403479  1.
  215.  0.00349187274  1.
  215.5  0.00345719709  1.
  216.  0.00342960569  1.
  216.5  0.00340863574  1.
  217.  0.00339376877  1.
  217.5  0.00338443594  1.
  218.  0.00338002373  1.
  218.5  0.00337987985  1.
  219.  0.00338331937  1.
  219.5  0.00338963106  1.
  220.  0.00339808383  1.
  220.5  0.00340793324  1.
  221.  0.00341842805  1.
  221.5  0.00342881675  1.
  222.  0.00343835401  1.
  222.5  0.00344630698  1.
  223.  0.0034519615  1.
  223.5  0.003454628  1.
  224.  0.00345364721  1.
  224.5  0.00344839558  1.
  225.  0.00343829029  1.
  225.5  0.00342279401  1.
  226.  0.00340141914  1.
  226.5  0.00337373169  1.
  227.  0.00333935472  1.
  227.5  0.00329797122  1.
  228.  0.00324932663  1.
  228.5  0.00319323069  1.
  229.  0.00312955897  1.
  229.5  0.00305825366  1.
  230.  0.00297932403  1.
  230.5  0.00289284624  1.
  231.  0.00279896273  1.
  231.5  0.00269788098  1.
  232.  0.00258987194  1.
  232.5  0.00247526782  1.
  233.  0.00235445953  1.
  233.5  0.00222789364  1.
  234.  0.00209606897  1.
  234.5  0.00195953272  1.
  235.  0.00181887637  1.
  235.5  0.00167473111  1.
  236.  0.00152776315  1.
  236.5  0.00137866866  1.
  237.  0.00122816858  1.
  237.5  0.0010770032  1.
  238.  0.000925926638  1.
  238.5  0.000775701288  1.
  239.  0.000627092106  1.
  239.5  0.000480860981  1.
  240.  0.00033776111  1.
  240.5  0.000198531443  1.
  241.  6.38912533E-05  1.
  241.5 -6.54651437E-05  1.
  242. -0.000188873479  1.
  242.5 -0.000305704396  1.
  243. -0.000415368051  1.
  243.5 -0.00051731842  1.
  244. -0.000611057293  1.
  244.5 -0.000696137903  1.
  245. -0.000772168194  1.
  245.5 -0.00083881368  1.
  246. -0.000895799886  1.
  246.5 -0.000942914362  1.
  247. -0.000980008244  1.
  247.5 -0.00100699735  1.
  248. -0.00102386282  1.
  248.5 -0.00103065127  1.
  249. -0.0010274745  1.
  249.5 -0.00101450869  1.
  250. -0.000991993191  1.
  250.5 -0.000960228775  1.
  251. -0.000919575553  1.
  251.5 -0.000870450369  1.
  252. -0.000813323837  1.
  252.5 -0.000748716976  1.
  253. -0.000677197482  1.
  253.5 -0.000599375677  1.
  254. -0.000515900126  1.
  254.5 -0.00042745301  1.
  255. -0.000334745241  1.
  255.5 -0.000238511384  1.
  256. -0.000139504399  1.
  256.5 -3.84902813E-05  1.
  257.  6.37574117E-05  1.
  257.5  0.000166463068  1.
  258.  0.000268854516  1.
  258.5  0.00037016851  1.
  259.  0.000469656118  1.
  259.5  0.000566587996  1.
  260.  0.000660259498  1.
  260.5  0.000749995595  1.
  261.  0.000835155554  1.
  261.5  0.000915137333  1.
  262.  0.000989381713  1.
  262.5  0.00105737603  1.
  263.  0.00111865763  1.
  263.5  0.00117281685  1.
  264.  0.00121949963  1.
  264.5  0.00125840974  1.
  265.  0.00128931048  1.
  265.5  0.00131202601  1.
  266.  0.00132644215  1.
  266.5  0.00133250675  1.
  267.  0.00133022963  1.
  267.5  0.00131968198  1.
  268.  0.0013009954  1.
  268.5  0.00127436041  1.
  269.  0.00124002459  1.
  269.5  0.00119829031  1.
  270.  0.00114951203  1.
  270.5  0.00109409327  1.
  271.  0.00103248323  1.
  271.5  0.000965173098  1.
  272.  0.000892692059  1.
  272.5  0.000815603079  1.
  273.  0.000734498446  1.
  273.5  0.000649995142  1.
  274.  0.000562730058  1.
  274.5  0.000473355102  1.
  275.  0.000382532228  1.
  275.5  0.000290928396  1.
  276.  0.000199210576  1.
  276.5  0.000108040738  1.
  277.  1.80709237E-05  1.
  277.5 -7.00615927E-05  1.
  278. -0.000155739008  1.
  278.5 -0.000238367534  1.
  279. -0.000317381748  1.
  279.5 -0.000392248733  1.
  280. -0.000462471962  1.
  280.5 -0.000527594908  1.
  281. -0.000587204376  1.
  281.5 -0.000640933494  1.
  282. -0.000688464381  1.
  282.5 -0.000729530485  1.
  283. -0.000763918495  1.
  283.5 -0.000791469947  1.
  284. -0.000812082373  1.
  284.5 -0.000825710103  1.
  285. -0.000832364635  1.
  285.5 -0.000832114614  1.
  286. -0.000825085389  1.
  286.5 -0.000811458197  1.
  287. -0.000791468906  1.
  287.5 -0.000765406415  1.
  288. -0.000733610631  1.
  288.5 -0.000696470104  1.
  289. -0.000654419288  1.
  289.5 -0.000607935494  1.
  290. -0.000557535494  1.
  290.5 -0.000503771857  1.
  291. -0.000447228997  1.
  291.5 -0.00038851898  1.
  292. -0.000328277135  1.
  292.5 -0.00026715744  1.
  293. -0.000205827797  1.
  293.5 -0.000144965163  1.
  294. -8.52505855E-05  1.
  294.5 -2.73642163E-05  1.
  295.  2.8019718E-05  1.
  295.5  8.02379068E-05  1.
  296.  0.000128642895  1.
  296.5  0.000172607926  1.
  297.  0.000211531654  1.
  297.5  0.000244842686  1.
  298.  0.000272003922  1.
  298.5  0.000292516663  1.
  299.  0.000305924455  1.
  299.5  0.000311816615  1.
  300.  0.000309831469  1.
  300.5  0.000299659192  1.
  301.  0.000281044314  1.
  301.5  0.000253787801  1.
  302.  0.000217748762  1.
  302.5  0.000172845669  1.
  303.  0.000119057216  1.
  303.5  5.64226698E-05  1.
  304. -1.49581847E-05  1.
  304.5 -9.4925557E-05  1.
  305. -0.000183260617  1.
  305.5 -0.000279686898  1.
  306. -0.000383872081  1.
  306.5 -0.000495430261  1.
  307. -0.000613924542  1.
  307.5 -0.000738870036  1.
  308. -0.000869737206  1.
  308.5 -0.00100595552  1.
  309. -0.0011469174  1.
  309.5 -0.00129198246  1.
  310. -0.00144048189  1.
  310.5 -0.00159172315  1.
  311. -0.00174499472  1.
  311.5 -0.00189957101  1.
  312. -0.00205471736  1.
  312.5 -0.00220969504  1.
  313. -0.00236376632  1.
  313.5 -0.00251619943  1.
  314. -0.00266627352  1.
  314.5 -0.00281328344  1.
  315. -0.00295654446  1.
  315.5 -0.00309539676  1.
  316. -0.00322920968  1.
  316.5 -0.00335738586  1.
  317. -0.00347936495  1.
  317.5 -0.00359462716  1.
  318. -0.00370269645  1.
  318.5 -0.00380314339  1.
  319. -0.00389558764  1.
  319.5 -0.00397970015  1.
  320. -0.00405520492  1.
  320.5 -0.00412188038  1.
  321. -0.00417956041  1.
  321.5 -0.00422813495  1.
  322. -0.00426755027  1.
  322.5 -0.00429780875  1.
  323. -0.00431896836  1.
  323.5 -0.00433114179  1.
  324. -0.00433449511  1.
  324.5 -0.00432924619  1.
  325. -0.00431566271  1.
  325.5 -0.00429405991  1.
  326. -0.00426479798  1.
  326.5 -0.00422827922  1.
  327. -0.00418494494  1.
  327.5 -0.00413527206  1.
  328. -0.00407976961  1.
  328.5 -0.00401897497  1.
  329. -0.00395344995  1.
  329.5 -0.00388377682  1.
  330. -0.00381055411  1.
  330.5 -0.00373439249  1.
  331. -0.00365591047  1.
  331.5 -0.00357573017  1.
  332. -0.00349447306  1.
  332.5 -0.00341275578  1.
  333. -0.00333118599  1.
  333.5 -0.00325035832  1.
  334. -0.00317085052  1.
  334.5 -0.00309321962  1.
  335. -0.00301799839  1.
  335.5 -0.00294569194  1.
  336. -0.00287677453  1.
  336.5 -0.00281168669  1.
  337. -0.00275083247  1.
  337.5 -0.00269457713  1.
  338. -0.00264324499  1.
  338.5 -0.00259711762  1.
  339. -0.00255643241  1.
  339.5 -0.00252138139  1.
  340. -0.00249211037  1.
  340.5 -0.00246871854  1.
  341. -0.00245125826  1.
  341.5 -0.00243973528  1.
  342. -0.00243410928  1.
  342.5 -0.00243429471  1.
  343. -0.00244016203  1.
  343.5 -0.00245153916  1.
  344. -0.00246821332  1.
  344.5 -0.00248993316  1.
  345. -0.00251641107  1.
  345.5 -0.00254732585  1.
  346. -0.00258232558  1.
  346.5 -0.0026210307  1.
  347. -0.00266303724  1.
  347.5 -0.00270792032  1.
  348. -0.00275523768  1.
  348.5 -0.00280453339  1.
  349. -0.00285534162  1.
  349.5 -0.00290719049  1.
  350. -0.00295960592  1.
  350.5 -0.00301211548  1.
  351. -0.00306425226  1.
  351.5 -0.00311555862  1.
  352. -0.0031655899  1.
  352.5 -0.00321391796  1.
  353. -0.00326013469  1.
  353.5 -0.00330385521  1.
  354. -0.003344721  1.
  354.5 -0.00338240272  1.
  355. -0.00341660292  1.
  355.5 -0.00344705837  1.
  356. -0.00347354218  1.
  356.5 -0.00349586561  1.
  357. -0.00351387963  1.
  357.5 -0.00352747611  1.
  358. -0.00353658869  1.
  358.5 -0.00354119339  1.
  359. -0.00354130879  1.
  359.5 -0.00353699596  1.
  360. -0.00352835803  1.
  360.5 -0.00351553941  1.
  361. -0.00349872471  1.
  361.5 -0.00347813736  1.
  362. -0.00345403788  1.
  362.5 -0.00342672192  1.
  363. -0.00339651797  1.
  363.5 -0.00336378485  1.
  364. -0.00332890893  1.
  364.5 -0.00329230119  1.
  365. -0.00325439399  1.
  365.5 -0.00321563778  1.
  366. -0.00317649759  1.
  366.5 -0.00313744942  1.
  367. -0.00309897656  1.
  367.5 -0.00306156581  1.
  368. -0.00302570371  1.
  368.5 -0.00299187274  1.
  369. -0.00296054754  1.
  369.5 -0.00293219117  1.
  370. -0.00290725155  1.
  370.5 -0.00288615784  1.
  371. -0.0028693171  1.
  371.5 -0.00285711104  1.
  372. -0.00284989298  1.
  372.5 -0.00284798501  1.
  373. -0.00285167538  1.
  373.5 -0.00286121615  1.
  374. -0.00287682108  1.
  374.5 -0.00289866382  1.
  375. -0.00292687641  1.
  375.5 -0.00296154808  1.
  376. -0.00300272431  1.
  376.5 -0.00305040629  1.
  377. -0.00310455068  1.
  377.5 -0.00316506965  1.
  378. -0.00323183129  1.
  378.5 -0.00330466037  1.
  379. -0.0033833393  1.
  379.5 -0.00346760955  1.
  380. -0.00355717322  1.
  380.5 -0.003651695  1.
  381. -0.00375080431  1.
  381.5 -0.00385409781  1.
  382. -0.00396114197  1.
  382.5 -0.00407147603  1.
  383. -0.00418461504  1.
  383.5 -0.00430005308  1.
  384. -0.00441726667  1.
  384.5 -0.00453571827  1.
  385. -0.00465485984  1.
  385.5 -0.00477413656  1.
  386. -0.00489299049  1.
  386.5 -0.00501086431  1.
  387. -0.00512720503  1.
  387.5 -0.00524146765  1.
  388. -0.00535311882  1.
  388.5 -0.0054616403  1.
  389. -0.00556653242  1.
  389.5 -0.00566731734  1.
  390. -0.00576354219  1.
  390.5 -0.00585478201  1.
  391. -0.00594064247  1.
  391.5 -0.00602076246  1.
  392. -0.00609481634  1.
  392.5 -0.00616251603  1.
  393. -0.00622361278  1.
  393.5 -0.00627789869  1.
  394. -0.00632520798  1.
  394.5 -0.00636541793  1.
  395. -0.0063984495  1.
  395.5 -0.00642426777  1.
  396. -0.00644288191  1.
  396.5 -0.00645434501  1.
  397. -0.00645875353  1.
  397.5 -0.00645624641  1.
  398. -0.00644700407  1.
  398.5 -0.00643124691  1.
  399. -0.00640923372  1.
  399.5 -0.00638125971  1.
  400. -0.00634765441  1.
  400.5 -0.00630877921  1.
  401. -0.00626502484  1.
  401.5 -0.00621680852  1.
  402. -0.00616457102  1.
  402.5 -0.00610877357  1.
  403. -0.00604989456  1.
  403.5 -0.00598842622  1.
  404. -0.0059248712  1.
  404.5 -0.00585973904  1.
  405. -0.00579354263  1.
  405.5 -0.00572679471  1.
  406. -0.0056600043  1.
  406.5 -0.00559367322  1.
  407. -0.00552829266  1.
  407.5 -0.00546433985  1.
  408. -0.00540227481  1.
  408.5 -0.00534253729  1.
  409. -0.00528554378  1.
  409.5 -0.0052316848  1.
  410. -0.00518132228  1.
  410.5 -0.00513478727  1.
  411. -0.00509237776  1.
  411.5 -0.00505435685  1.
  412. -0.00502095109  1.
  412.5 -0.00499234919  1.
  413. -0.00496870089  1.
  413.5 -0.00495011624  1.
  414. -0.00493666507  1.
  414.5 -0.00492837681  1.
  415. -0.0049252406  1.
  415.5 -0.00492720568  1.
  416. -0.00493418207  1.
  416.5 -0.00494604156  1.
  417. -0.00496261895  1.
  417.5 -0.00498371353  1.
  418. -0.00500909092  1.
  418.5 -0.00503848504  1.
  419. -0.00507160033  1.
  419.5 -0.00510811424  1.
  420. -0.00514767985  1.
  420.5 -0.00518992868  1.
  421. -0.00523447364  1.
  421.5 -0.00528091212  1.
  422. -0.0053288292  1.
  422.5 -0.00537780088  1.
  423. -0.00542739744  1.
  423.5 -0.0054771868  1.
  424. -0.00552673786  1.
  424.5 -0.00557562386  1.
  425. -0.00562342568  1.
  425.5 -0.00566973511  1.
  426. -0.00571415795  1.
  426.5 -0.00575631706  1.
  427. -0.00579585529  1.
  427.5 -0.00583243819  1.
  428. -0.00586575658  1.
  428.5 -0.00589552893  1.
  429. -0.00592150354  1.
  429.5 -0.00594346043  1.
  430. -0.00596121307  1.
  430.5 -0.00597460981  1.
  431. -0.00598353505  1.
  431.5 -0.00598791015  1.
  432. -0.00598769405  1.
  432.5 -0.00598288364  1.
  433. -0.00597351377  1.
  433.5 -0.00595965708  1.
  434. -0.00594142347  1.
  434.5 -0.00591895931  1.
  435. -0.00589244639  1.
  435.5 -0.00586210058  1.
  436. -0.00582817029  1.
  436.5 -0.0057909346  1.
  437. -0.00575070124  1.
  437.5 -0.00570780434  1.
  438. -0.0056626019  1.
  438.5 -0.00561547324  1.
  439. -0.00556681612  1.
  439.5 -0.00551704382  1.
  440. -0.00546658212  1.
  440.5 -0.00541586607  1.
  441. -0.00536533683  1.
  441.5 -0.00531543834  1.
  442. -0.00526661406  1.
  442.5 -0.00521930364  1.
  443. -0.00517393963  1.
  443.5 -0.0051309443  1.
  444. -0.00509072642  1.
  444.5 -0.0050536782  1.
  445. -0.00502017239  1.
  445.5 -0.0049905594  1.
  446. -0.00496516468  1.
  446.5 -0.00494428622  1.
  447. -0.00492819229  1.
  447.5 -0.00491711936  1.
  448. -0.00491127022  1.
  448.5 -0.00491081242  1.
  449. -0.00491587689  1.
  449.5 -0.00492655683  1.
  450. -0.00494290693  1.
  450.5 -0.00496494278  1.
  451. -0.00499264059  1.
  451.5 -0.00502593723  1.
  452. -0.00506473051  1.
  452.5 -0.00510887971  1.
  453. -0.00515820648  1.
  453.5 -0.00521249588  1.
  454. -0.00527149779  1.
  454.5 -0.00533492852  1.
  455. -0.00540247266  1.
  455.5 -0.00547378514  1.
  456. -0.00554849354  1.
  456.5 -0.00562620058  1.
  457. -0.00570648675  1.
  457.5 -0.00578891314  1.
  458. -0.00587302438  1.
  458.5 -0.0059583517  1.
  459. -0.0060444161  1.
  459.5 -0.00613073159  1.
  460. -0.00621680844  1.
  460.5 -0.00630215647  1.
  461. -0.0063862884  1.
  461.5 -0.00646872307  1.
  462. -0.00654898874  1.
  462.5 -0.00662662619  1.
  463. -0.00670119184  1.
  463.5 -0.00677226068  1.
  464. -0.00683942913  1.
  464.5 -0.0069023177  1.
  465. -0.00696057349  1.
  465.5 -0.00701387251  1.
  466. -0.00706192181  1.
  466.5 -0.00710446134  1.
  467. -0.00714126561  1.
  467.5 -0.00717214515  1.
  468. -0.00719694762  1.
  468.5 -0.00721555871  1.
  469. -0.00722790282  1.
  469.5 -0.00723394338  1.
  470. -0.00723368295  1.
  470.5 -0.00722716303  1.
  471. -0.00721446365  1.
  471.5 -0.00719570257  1.
  472. -0.00717103437  1.
  472.5 -0.00714064919  1.
  473. -0.00710477124  1.
  473.5 -0.0070636571  1.
  474. -0.00701759382  1.
  474.5 -0.00696689672  1.
  475. -0.00691190713  1.
  475.5 -0.00685298988  1.
  476. -0.00679053063  1.
  476.5 -0.00672493311  1.
  477. -0.00665661623  1.
  477.5 -0.00658601107  1.
  478. -0.00651355785  1.
  478.5 -0.00643970282  1.
  479. -0.00636489511  1.
  479.5 -0.00628958363  1.
  480. -0.00621421393  1.
  480.5 -0.00613922515  1.
  481. -0.00606504696  1.
  481.5 -0.00599209672  1.
  482. -0.0059207766  1.
  482.5 -0.00585147088  1.
  483. -0.00578454346  1.
  483.5 -0.0057203354  1.
  484. -0.00565916275  1.
  484.5 -0.00560131454  1.
  485. -0.00554705093  1.
  485.5 -0.00549660165  1.
  486. -0.00545016462  1.
  486.5 -0.00540790482  1.
  487. -0.00536995341  1.
  487.5 -0.0053364071  1.
  488. -0.00530732775  1.
  488.5 -0.00528274226  1.
  489. -0.0052626427  1.
  489.5 -0.00524698666  1.
  490. -0.0052356979  1.
  490.5 -0.0052286672  1.
  491. -0.00522575348  1.
  491.5 -0.00522678509  1.
  492. -0.0052315614  1.
  492.5 -0.00523985451  1.
  493. -0.0052514112  1.
  493.5 -0.005265955  1.
  494. -0.00528318852  1.
  494.5 -0.0053027958  1.
  495. -0.00532444486  1.
  495.5 -0.00534779037  1.
  496. -0.00537247628  1.
  496.5 -0.00539813872  1.
  497. -0.00542440872  1.
  497.5 -0.00545091514  1.
  498. -0.0054772875  1.
  498.5 -0.00550315883  1.
  499. -0.00552816844  1.
  499.5 -0.0055519647  1.
  500. -0.00557420771  1.
  500.5 -0.00559457183  1.
  501. -0.00561274818  1.
  501.5 -0.00562844694  1.
  502. -0.00564139953  1.
  502.5 -0.00565136062  1.
  503. -0.00565810996  1.
  503.5 -0.00566145403  1.
  504. -0.00566122749  1.
  504.5 -0.00565729435  1.
  505. -0.00564954906  1.
  505.5 -0.00563791723  1.
  506. -0.00562235618  1.
  506.5 -0.00560285526  1.
  507. -0.00557943593  1.
  507.5 -0.00555215157  1.
  508. -0.00552108709  1.
  508.5 -0.00548635827  1.
  509. -0.00544811093  1.
  509.5 -0.00540651977  1.
  510. -0.00536178716  1.
  510.5 -0.00531414156  1.
  511. -0.00526383584  1.
  511.5 -0.0052111454  1.
  512. -0.00515636614  1.
  512.5 -0.00509981222  1.
  513. -0.00504181377  1.
  513.5 -0.00498271442  1.
  514. -0.00492286874  1.
  514.5 -0.00486263965  1.
  515. -0.00480239566  1.
  515.5 -0.00474250821  1.
  516. -0.00468334887  1.
  516.5 -0.00462528658  1.
  517. -0.00456868494  1.
  517.5 -0.0045138995  1.
  518. -0.0044612751  1.
  518.5 -0.00441114333  1.
  519. -0.00436382004  1.
  519.5 -0.00431960301  1.
  520. -0.00427876971  1.
  520.5 -0.00424157521  1.
  521. -0.0042082503  1.
  521.5 -0.00417899971  1.
  522. -0.0041540006  1.
  522.5 -0.00413340116  1.
  523. -0.0041173195  1.
  523.5 -0.00410584271  1.
  524. -0.00409902617  1.
  524.5 -0.00409689302  1.
  525. -0.00409943401  1.
  525.5 -0.00410660739  1.
  526. -0.00411833921  1.
  526.5 -0.00413452371  1.
  527. -0.00415502406  1.
  527.5 -0.00417967321  1.
  528. -0.00420827507  1.
  528.5 -0.00424060578  1.
  529. -0.00427641529  1.
  529.5 -0.00431542905  1.
  530. -0.00435734988  1.
  530.5 -0.00440186009  1.
  531. -0.00444862361  1.
  531.5 -0.00449728837  1.
  532. -0.00454748872  1.
  532.5 -0.00459884796  1.
  533. -0.00465098099  1.
  533.5 -0.00470349698  1.
  534. -0.00475600206  1.
  534.5 -0.00480810209  1.
  535. -0.00485940538  1.
  535.5 -0.00490952542  1.
  536. -0.00495808353  1.
  536.5 -0.00500471153  1.
  537. -0.00504905422  1.
  537.5 -0.0050907719  1.
  538. -0.00512954263  1.
  538.5 -0.0051650645  1.
  539. -0.00519705764  1.
  539.5 -0.00522526614  1.
  540. -0.00524945978  1.
  540.5 -0.00526943555  1.
  541. -0.00528501902  1.
  541.5 -0.00529606544  1.
  542. -0.00530246069  1.
  542.5 -0.00530412197  1.
  543. -0.00530099826  1.
  543.5 -0.00529307062  1.
  544. -0.00528035214  1.
  544.5 -0.00526288777  1.
  545. -0.00524075389  1.
  545.5 -0.00521405761  1.
  546. -0.00518293593  1.
  546.5 -0.00514755463  1.
  547. -0.00510810698  1.
  547.5 -0.00506481225  1.
  548. -0.00501791406  1.
  548.5 -0.00496767854  1.
  549. -0.00491439231  1.
  549.5 -0.00485836041  1.
  550. -0.00479990397  1.
  550.5 -0.00473935793  1.
  551. -0.00467706854  1.
  551.5 -0.00461339085  1.
  552. -0.00454868615  1.
  552.5 -0.00448331935  1.
  553. -0.0044176564  1.
  553.5 -0.0043520616  1.
  554. -0.00428689511  1.
  554.5 -0.00422251032  1.
  555. -0.00415925142  1.
  555.5 -0.00409745097  1.
  556. -0.00403742759  1.
  556.5 -0.00397948381  1.
  557. -0.00392390395  1.
  557.5 -0.00387095225  1.
  558. -0.00382087103  1.
  558.5 -0.0037738792  1.
  559. -0.00373017077  1.
  559.5 -0.00368991362  1.
  560. -0.00365324854  1.
  560.5 -0.00362028832  1.
  561. -0.00359111719  1.
  561.5 -0.0035657904  1.
  562. -0.00354433404  1.
  562.5 -0.00352674504  1.
  563. -0.00351299143  1.
  563.5 -0.00350301279  1.
  564. -0.0034967209  1.
  564.5 -0.0034940006  1.
  565. -0.00349471084  1.
  565.5 -0.00349868593  1.
  566. -0.00350573693  1.
  566.5 -0.00351565325  1.
  567. -0.00352820438  1.
  567.5 -0.00354314173  1.
  568. -0.0035602007  1.
  568.5 -0.00357910268  1.
  569. -0.00359955735  1.
  569.5 -0.00362126492  1.
  570. -0.00364391847  1.
  570.5 -0.00366720634  1.
  571. -0.00369081457  1.
  571.5 -0.00371442928  1.
  572. -0.00373773913  1.
  572.5 -0.00376043771  1.
  573. -0.00378222583  1.
  573.5 -0.0038028139  1.
  574. -0.00382192407  1.
  574.5 -0.00383929238  1.
  575. -0.00385467079  1.
  575.5 -0.00386782904  1.
  576. -0.00387855642  1.
  576.5 -0.00388666339  1.
  577. -0.00389198301  1.
  577.5 -0.00389437223  1.
  578. -0.00389371301  1.
  578.5 -0.00388991319  1.
  579. -0.00388290725  1.
  579.5 -0.00387265684  1.
  580. -0.00385915105  1.
  580.5 -0.00384240658  1.
  581. -0.00382246765  1.
  581.5 -0.00379940566  1.
  582. -0.00377331876  1.
  582.5 -0.00374433112  1.
  583. -0.00371259207  1.
  583.5 -0.00367827497  1.
  584. -0.00364157606  1.
  584.5 -0.00360271295  1.
  585. -0.00356192306  1.
  585.5 -0.00351946191  1.
  586. -0.00347560123  1.
  586.5 -0.003430627  1.
  587. -0.0033848373  1.
  587.5 -0.00333854015  1.
  588. -0.00329205123  1.
  588.5 -0.00324569154  1.
  589. -0.00319978505  1.
  589.5 -0.00315465624  1.
  590. -0.00311062772  1.
  590.5 -0.00306801782  1.
  591. -0.00302713817  1.
  591.5 -0.00298829139  1.
  592. -0.00295176881  1.
  592.5 -0.0029178482  1.
  593. -0.00288679174  1.
  593.5 -0.00285884392  1.
  594. -0.00283422973  1.
  594.5 -0.00281315284  1.
  595. -0.00279579404  1.
  595.5 -0.00278230977  1.
  596. -0.00277283088  1.
  596.5 -0.00276746152  1.
  597. -0.0027662782  1.
  597.5 -0.00276932919  1.
  598. -0.0027766339  1.
  598.5 -0.00278818267  1.
  599. -0.00280393666  1.
  599.5 -0.00282382793  1.
  600. -0.00284775985  1.
  600.5 -0.00287560757  1.
  601. -0.0029072188  1.
  601.5 -0.00294241472  1.
  602. -0.00298099118  1.
  602.5 -0.00302271992  1.
  603. -0.00306735015  1.
  603.5 -0.00311461016  1.
  604. -0.00316420913  1.
  604.5 -0.0032158391  1.
  605. -0.00326917702  1.
  605.5 -0.00332388696  1.
  606. -0.00337962238  1.
  606.5 -0.0034360285  1.
  607. -0.00349274469  1.
  607.5 -0.003549407  1.
  608. -0.00360565057  1.
  608.5 -0.00366111222  1.
  609. -0.00371543289  1.
  609.5 -0.00376826015  1.
  610. -0.00381925056  1.
  610.5 -0.00386807213  1.
  611. -0.0039144065  1.
  611.5 -0.00395795123  1.
  612. -0.0039984218  1.
  612.5 -0.00403555361  1.
  613. -0.00406910381  1.
  613.5 -0.00409885291  1.
  614. -0.00412460633  1.
  614.5 -0.0041461957  1.
  615. -0.00416348003  1.
  615.5 -0.00417634665  1.
  616. -0.00418471194  1.
  616.5 -0.00418852194  1.
  617. -0.00418775263  1.
  617.5 -0.00418241013  1.
  618. -0.00417253056  1.
  618.5 -0.00415817984  1.
  619. -0.00413945313  1.
  619.5 -0.00411647418  1.
  620. -0.00408939445  1.
  620.5 -0.004058392  1.
  621. -0.00402367027  1.
  621.5 -0.00398545663  1.
  622. -0.0039440008  1.
  622.5 -0.0038995731  1.
  623. -0.00385246257  1.
  623.5 -0.00380297496  1.
  624. -0.00375143066  1.
  624.5 -0.00369816243  1.
  625. -0.00364351315  1.
  625.5 -0.00358783348  1.
  626. -0.00353147945  1.
  626.5 -0.00347481003  1.
  627. -0.00341818475  1.
  627.5 -0.00336196119  1.
  628. -0.00330649268  1.
  628.5 -0.00325212583  1.
  629. -0.0031991983  1.
  629.5 -0.00314803656  1.
  630. -0.0030989537  1.
  630.5 -0.00305224743  1.
  631. -0.00300819812  1.
  631.5 -0.00296706702  1.
  632. -0.00292909464  1.
  632.5 -0.00289449916  1.
  633. -0.00286347518  1.
  633.5 -0.00283619248  1.
  634. -0.00281279512  1.
  634.5 -0.00279340052  1.
  635. -0.00277809896  1.
  635.5 -0.00276695309  1.
  636. -0.00275999774  1.
  636.5 -0.00275723987  1.
  637. -0.00275865879  1.
  637.5 -0.00276420646  1.
  638. -0.00277380812  1.
  638.5 -0.00278736296  1.
  639. -0.00280474511  1.
  639.5 -0.0028258047  1.
  640. -0.00285036913  1.
  640.5 -0.00287824448  1.
  641. -0.00290921711  1.
  641.5 -0.00294305529  1.
  642. -0.00297951107  1.
  642.5 -0.00301832219  1.
  643. -0.00305921405  1.
  643.5 -0.00310190186  1.
  644. -0.00314609275  1.
  644.5 -0.00319148798  1.
  645. -0.00323778517  1.
  645.5 -0.00328468054  1.
  646. -0.00333187114  1.
  646.5 -0.0033790571  1.
  647. -0.00342594374  1.
  647.5 -0.00347224379  1.
  648. -0.00351767942  1.
  648.5 -0.00356198421  1.
  649. -0.00360490505  1.
  649.5 -0.00364620393  1.
  650. -0.00368565961  1.
  650.5 -0.00372306909  1.
  651. -0.00375824907  1.
  651.5 -0.00379103709  1.
  652. -0.00382129267  1.
  652.5 -0.00384889815  1.
  653. -0.00387375943  1.
  653.5 -0.00389580649  1.
  654. -0.00391499374  1.
  654.5 -0.0039313002  1.
  655. -0.00394472944  1.
  655.5 -0.00395530936  1.
  656. -0.00396309182  1.
  656.5 -0.00396815203  1.
  657. -0.0039705878  1.
  657.5 -0.00397051854  1.
  658. -0.00396808424  1.
  658.5 -0.00396344415  1.
  659. -0.00395677538  1.
  659.5 -0.00394827134  1.
  660. -0.00393814009  1.
  660.5 -0.00392660252  1.
  661. -0.00391389044  1.
  661.5 -0.00390024468  1.
  662. -0.00388591294  1.
  662.5 -0.00387114776  1.
  663. -0.00385620435  1.
  663.5 -0.00384133839  1.
  664. -0.00382680392  1.
  664.5 -0.00381285109  1.
  665. -0.0037997241  1.
  665.5 -0.00378765905  1.
  666. -0.00377688192  1.
  666.5 -0.0037676066  1.
  667. -0.00376003302  1.
  667.5 -0.00375434539  1.
  668. -0.00375071051  1.
  668.5 -0.00374927631  1.
  669. -0.00375017045  1.
  669.5 -0.00375349907  1.
  670. -0.00375934578  1.
  670.5 -0.00376777078  1.
  671. -0.00377881011  1.
  671.5 -0.00379247522  1.
  672. -0.00380875256  1.
  672.5 -0.00382760354  1.
  673. -0.00384896451  1.
  673.5 -0.00387274713  1.
  674. -0.00389883874  1.
  674.5 -0.00392710307  1.
  675. -0.00395738104  1.
  675.5 -0.00398949183  1.
  676. -0.00402323401  1.
  676.5 -0.00405838698  1.
  677. -0.0040947124  1.
  677.5 -0.0041319559  1.
  678. -0.00416984886  1.
  678.5 -0.0042081103  1.
  679. -0.0042464489  1.
  679.5 -0.00428456509  1.
  680. -0.00432215324  1.
  680.5 -0.00435890384  1.
  681. -0.0043945058  1.
  681.5 -0.00442864873  1.
  682. -0.00446102522  1.
  682.5 -0.00449133313  1.
  683. -0.00451927781  1.
  683.5 -0.00454457435  1.
  684. -0.00456694966  1.
  684.5 -0.00458614459  1.
  685. -0.00460191585  1.
  685.5 -0.0046140379  1.
  686. -0.00462230466  1.
  686.5 -0.00462653115  1.
  687. -0.00462655489  1.
  687.5 -0.00462223725  1.
  688. -0.00461346457  1.
  688.5 -0.00460014909  1.
  689. -0.00458222975  1.
  689.5 -0.00455967279  1.
  690. -0.00453247213  1.
  690.5 -0.00450064956  1.
  691. -0.00446425479  1.
  691.5 -0.00442336523  1.
  692. -0.00437808562  1.
  692.5 -0.00432854747  1.
  693. -0.0042749083  1.
  693.5 -0.00421735069  1.
  694. -0.00415608116  1.
  694.5 -0.00409132894  1.
  695. -0.00402334449  1.
  695.5 -0.00395239792  1.
  696. -0.0038787773  1.
  696.5 -0.00380278681  1.
  697. -0.00372474478  1.
  697.5 -0.00364498166  1.
  698. -0.00356383787  1.
  698.5 -0.00348166166  1.
  699. -0.0033988068  1.
  699.5 -0.00331563034  1.
  700. -0.00323249034  1.
  700.5 -0.00314974349  1.
  701. -0.0030677429  1.
  701.5 -0.00298683579  1.
  702. -0.00290736133  1.
  702.5 -0.00282964841  1.
  703. -0.00275401363  1.
  703.5 -0.00268075927  1.
  704. -0.00261017141  1.
  704.5 -0.00254251814  1.
  705. -0.00247804794  1.
  705.5 -0.00241698814  1.
  706. -0.00235954357  1.
  706.5 -0.00230589537  1.
  707. -0.00225619989  1.
  707.5 -0.00221058786  1.
  708. -0.00216916372  1.
  708.5 -0.00213200504  1.
  709. -0.00209916223  1.
  709.5 -0.00207065838  1.
  710. -0.00204648932  1.
  710.5 -0.00202662382  1.
  711. -0.00201100402  1.
  711.5 -0.00199954599  1.
  712. -0.00199214055  1.
  712.5 -0.00198865413  1.
  713. -0.00198892996  1.
  713.5 -0.00199278924  1.
  714. -0.00200003258  1.
  714.5 -0.00201044154  1.
  715. -0.00202378027  1.
  715.5 -0.00203979732  1.
  716. -0.00205822747  1.
  716.5 -0.00207879373  1.
  717. -0.00210120936  1.
  717.5 -0.00212517999  1.
  718. -0.00215040572  1.
  718.5 -0.00217658332  1.
  719. -0.00220340842  1.
  719.5 -0.00223057766  1.
  720. -0.00225779088  1.
  720.5 -0.00228475326  1.
  721. -0.00231117739  1.
  721.5 -0.00233678527  1.
  722. -0.00236131032  1.
  722.5 -0.00238449918  1.
  723. -0.00240611348  1.
  723.5 -0.00242593147  1.
  724. -0.00244374953  1.
  724.5 -0.00245938357  1.
  725. -0.00247267018  1.
  725.5 -0.00248346777  1.
  726. -0.00249165741  1.
  726.5 -0.00249714362  1.
  727. -0.00249985484  1.
  727.5 -0.0024997439  1.
  728. -0.00249678811  1.
  728.5 -0.00249098937  1.
  729. -0.00248237391  1.
  729.5 -0.00247099198  1.
  730. -0.00245691731  1.
  730.5 -0.00244024637  1.
  731. -0.00242109754  1.
  731.5 -0.00239961003  1.
  732. -0.00237594269  1.
  732.5 -0.00235027269  1.
  733. -0.00232279401  1.
  733.5 -0.00229371587  1.
  734. -0.002263261  1.
  734.5 -0.00223166384  1.
  735. -0.00219916861  1.
  735.5 -0.00216602739  1.
  736. -0.00213249805  1.
  736.5 -0.00209884221  1.
  737. -0.00206532313  1.
  737.5 -0.00203220362  1.
  738. -0.00199974392  1.
  738.5 -0.00196819965  1.
  739. -0.00193781976  1.
  739.5 -0.00190884454  1.
  740. -0.00188150369  1.
  740.5 -0.00185601449  1.
  741. -0.00183258008  1.
  741.5 -0.00181138777  1.
  742. -0.00179260757  1.
  742.5 -0.00177639078  1.
  743. -0.00176286875  1.
  743.5 -0.00175215181  1.
  744. -0.00174432828  1.
  744.5 -0.00173946378  1.
  745. -0.00173760054  1.
  745.5 -0.00173875705  1.
  746. -0.00174292778  1.
  746.5 -0.0017500831  1.
  747. -0.00176016945  1.
  747.5 -0.00177310954  1.
  748. -0.00178880293  1.
  748.5 -0.00180712655  1.
  749. -0.00182793563  1.
  749.5 -0.00185106459  1.
  750. -0.00187632816  1.
  750.5 -0.00190352274  1.
  751. -0.00193242771  1.
  751.5 -0.00196280702  1.
  752. -0.00199441081  1.
  752.5 -0.00202697721  1.
  753. -0.00206023413  1.
  753.5 -0.00209390123  1.
  754. -0.00212769187  1.
  754.5 -0.00216131515  1.
  755. -0.00219447798  1.
  755.5 -0.00222688718  1.
  756. -0.00225825155  1.
  756.5 -0.00228828394  1.
  757. -0.00231670333  1.
  757.5 -0.00234323681  1.
  758. -0.00236762155  1.
  758.5 -0.00238960669  1.
  759. -0.00240895514  1.
  759.5 -0.00242544526  1.
  760. -0.00243887249  1.
  760.5 -0.00244905081  1.
  761. -0.00245581409  1.
  761.5 -0.00245901732  1.
  762. -0.00245853763  1.
  762.5 -0.00245427521  1.
  763. -0.00244615406  1.
  763.5 -0.00243412258  1.
  764. -0.00241815392  1.
  764.5 -0.00239824625  1.
  765. -0.0023744228  1.
  765.5 -0.00234673174  1.
  766. -0.00231524589  1.
  766.5 -0.00228006222  1.
  767. -0.00224130123  1.
  767.5 -0.00219910616  1.
  768. -0.00215364199  1.
  768.5 -0.00210509435  1.
  769. -0.00205366826  1.
  769.5 -0.00199958673  1.
  770. -0.00194308923  1.
  770.5 -0.00188443008  1.
  771. -0.00182387671  1.
  771.5 -0.00176170784  1.
  772. -0.00169821156  1.
  772.5 -0.00163368339  1.
  773. -0.00156842427  1.
  773.5 -0.00150273851  1.
  774. -0.00143693168  1.
  774.5 -0.00137130864  1.
  775. -0.00130617138  1.
  775.5 -0.00124181704  1.
  776. -0.00117853587  1.
  776.5 -0.00111660932  1.
  777. -0.00105630814  1.
  777.5 -0.000997890581  1.
  778. -0.000941600695  1.
  778.5 -0.000887666706  1.
  779. -0.000836299541  1.
  779.5 -0.000787691452  1.
  780. -0.00074201479  1.
  780.5 -0.000699420917  1.
  781. -0.000660039273  1.
  781.5 -0.000623976591  1.
  782. -0.000591316283  1.
  782.5 -0.00056211799  1.
  783. -0.000536417306  1.
  783.5 -0.000514225666  1.
  784. -0.000495530421  1.
  784.5 -0.000480295066  1.
  785. -0.000468459651  1.
  785.5 -0.000459941356  1.
  786. -0.000454635228  1.
  786.5 -0.000452415081  1.
  787. -0.000453134535  1.
  787.5 -0.000456628228  1.
  788. -0.000462713106  1.
  788.5 -0.000471189914  1.
  789. -0.000481844739  1.
  789.5 -0.000494450693  1.
  790. -0.000508769669  1.
  790.5 -0.000524554191  1.
  791. -0.000541549319  1.
  791.5 -0.000559494606  1.
  792. -0.000578126102  1.
  792.5 -0.000597178371  1.
  793. -0.000616386522  1.
  793.5 -0.000635488228  1.
  794. -0.000654225728  1.
  794.5 -0.000672347798  1.
  795. -0.000689611651  1.
  795.5 -0.000705784799  1.
  796. -0.000720646815  1.
  796.5 -0.000733991012  1.
  797. -0.000745626016  1.
  797.5 -0.000755377222  1.
  798. -0.00076308813  1.
  798.5 -0.000768621528  1.
  799. -0.000771860549  1.
  799.5 -0.000772709552  1.
  800. -0.000771094862  1.
  800.5 -0.000766965335  1.
  801. -0.000760292752  1.
  801.5 -0.000751072037  1.
  802. -0.000739321305  1.
  802.5 -0.000725081734  1.
  803. -0.000708417248  1.
  803.5 -0.000689414057  1.
  804. -0.000668179988  1.
  804.5 -0.000644843687  1.
  805. -0.000619553646  1.
  805.5 -0.000592477074  1.
  806. -0.000563798635  1.
  806.5 -0.000533719045  1.
  807. -0.000502453556  1.
  807.5 -0.000470230319  1.
  808. -0.00043728865  1.
  808.5 -0.000403877213  1.
  809. -0.000370252126  1.
  809.5 -0.000336675021  1.
  810. -0.000303411038  1.
  810.5 -0.000270726812  1.
  811. -0.000238888442  1.
  811.5 -0.000208159448  1.
  812. -0.000178798769  1.
  812.5 -0.000151058773  1.
  813. -0.000125183323  1.
  813.5 -0.000101405916  1.
  814. -7.99478648E-05  1.
  814.5 -6.1016613E-05  1.
  815. -4.48041183E-05  1.
  815.5 -3.14853618E-05  1.
  816. -2.1216979E-05  1.
  816.5 -1.41360328E-05  1.
  817. -1.03589278E-05  1.
  817.5 -9.980465E-06  1.
  818. -1.30730637E-05  1.
  818.5 -1.96861595E-05  1.
  819. -2.98457445E-05  1.
  819.5 -4.35540987E-05  1.
  820. -6.0789685E-05  1.
  820.5 -8.15072187E-05  1.
  821. -0.000105637917  1.
  821.5 -0.000133089902  1.
  822. -0.000163748793  1.
  822.5 -0.000197478439  1.
  823. -0.000234121819  1.
  823.5 -0.000273502102  1.
  824. -0.000315423817  1.
  824.5 -0.000359674197  1.
  825. -0.000406024615  1.
  825.5 -0.000454232144  1.
  826. -0.00050404122  1.
  826.5 -0.000555185392  1.
  827. -0.000607389147  1.
  827.5 -0.000660369793  1.
  828. -0.000713839414  1.
  828.5 -0.000767506819  1.
  829. -0.00082107957  1.
  829.5 -0.000874265951  1.
  830. -0.000926776998  1.
  830.5 -0.000978328445  1.
  831. -0.0010286427  1.
  831.5 -0.00107745069  1.
  832. -0.00112449374  1.
  832.5 -0.00116952531  1.
  833. -0.00121231266  1.
  833.5 -0.00125263841  1.
  834. -0.00129030206  1.
  834.5 -0.00132512126  1.
  835. -0.00135693306  1.
  835.5 -0.00138559501  1.
  836. -0.00141098606  1.
  836.5 -0.00143300734  1.
  837. -0.00145158282  1.
  837.5 -0.00146665975  1.
  838. -0.00147820897  1.
  838.5 -0.00148622507  1.
  839. -0.00149072633  1.
  839.5 -0.00149175452  1.
  840. -0.00148937461  1.
  840.5 -0.00148367415  1.
  841. -0.0014747627  1.
  841.5 -0.00146277089  1.
  842. -0.00144784955  1.
  842.5 -0.00143016851  1.
  843. -0.0014099154  1.
  843.5 -0.00138729424  1.
  844. -0.001362524  1.
  844.5 -0.00133583696  1.
  845. -0.00130747704  1.
  845.5 -0.00127769809  1.
  846. -0.00124676197  1.
  846.5 -0.00121493674  1.
  847. -0.00118249467  1.
  847.5 -0.00114971036  1.
  848. -0.00111685868  1.
  848.5 -0.00108421286  1.
  849. -0.0010520425  1.
  849.5 -0.00102061166  1.
  850. -0.000990176934  1.
  850.5 -0.000960985632  1.
  851. -0.000933274008  1.
  851.5 -0.000907265547  1.
  852. -0.000883169372  1.
  852.5 -0.000861178743  1.
  853. -0.000841469661  1.
  853.5 -0.000824199616  1.
  854. -0.000809506438  1.
  854.5 -0.000797507308  1.
  855. -0.000788297928  1.
  855.5 -0.00078195181  1.
  856. -0.000778519764  1.
  856.5 -0.000778029516  1.
  857. -0.000780485519  1.
  857.5 -0.000785868923  1.
  858. -0.00079413769  1.
  858.5 -0.00080522694  1.
  859. -0.000819049379  1.
  859.5 -0.000835495968  1.
  860. -0.000854436701  1.
  860.5 -0.00087572156  1.
  861. -0.000899181595  1.
  861.5 -0.000924630178  1.
  862. -0.000951864347  1.
  862.5 -0.000980666301  1.
  863. -0.00101080499  1.
  863.5 -0.00104203781  1.
  864. -0.00107411237  1.
  864.5 -0.00110676832  1.
  865. -0.00113973933  1.
  865.5 -0.00117275495  1.
  866. -0.00120554266  1.
  866.5 -0.00123782982  1.
  867. -0.00126934571  1.
  867.5 -0.00129982349  1.
  868. -0.00132900217  1.
  868.5 -0.0013566285  1.
  869. -0.00138245886  1.
  869.5 -0.00140626102  1.
  870. -0.00142781586  1.
  870.5 -0.00144691899  1.
  871. -0.00146338219  1.
  871.5 -0.00147703488  1.
  872. -0.00148772531  1.
  872.5 -0.00149532171  1.
  873. -0.00149971323  1.
  873.5 -0.0015008108  1.
  874. -0.00149854779  1.
  874.5 -0.0014928805  1.
  875. -0.00148378847  1.
  875.5 -0.00147127472  1.
  876. -0.0014553657  1.
  876.5 -0.00143611117  1.
  877. -0.00141358383  1.
  877.5 -0.00138787886  1.
  878. -0.00135911325  1.
  878.5 -0.00132742505  1.
  879. -0.00129297235  1.
  879.5 -0.00125593225  1.
  880. -0.0012164996  1.
  880.5 -0.00117488571  1.
  881. -0.00113131682  1.
  881.5 -0.00108603263  1.
  882. -0.00103928459  1.
  882.5 -0.000991334189  1.
  883. -0.000942451197  1.
  883.5 -0.000892911767  1.
  884. -0.000842996581  1.
  884.5 -0.000792988936  1.
  885. -0.000743172807  1.
  885.5 -0.00069383093  1.
  886. -0.000645242884  1.
  886.5 -0.000597683205  1.
  887. -0.000551419548  1.
  887.5 -0.000506710888  1.
  888. -0.0004638058  1.
  888.5 -0.000422940796  1.
  889. -0.000384338779  1.
  889.5 -0.000348207572  1.
  890. -0.000314738579  1.
  890.5 -0.000284105543  1.
  891. -0.000256463436  1.
  891.5 -0.000231947503  1.
  892. -0.000210672414  1.
  892.5 -0.000192731602  1.
  893. -0.000178196712  1.
  893.5 -0.000167117234  1.
  894. -0.000159520282  1.
  894.5 -0.000155410531  1.
  895. -0.000154770316  1.
  895.5 -0.000157559877  1.
  896. -0.000163717775  1.
  896.5 -0.000173161449  1.
  897. -0.000185787928  1.
  897.5 -0.000201474669  1.
  898. -0.000220080555  1.
  898.5 -0.000241446997  1.
  899. -0.000265399183  1.
  899.5 -0.000291747391  1.
  900. -0.000320288473  1.
  900.5 -0.000350807363  1.
  901. -0.00038307869  1.
  901.5 -0.000416868479  1.
  902. -0.00045193587  1.
  902.5 -0.0004880349  1.
  903. -0.000524916308  1.
  903.5 -0.000562329368  1.
  904. -0.000600023703  1.
  904.5 -0.000637751105  1.
  905. -0.000675267337  1.
  905.5 -0.000712333875  1.
  906. -0.000748719622  1.
  906.5 -0.000784202561  1.
  907. -0.000818571313  1.
  907.5 -0.000851626643  1.
  908. -0.000883182848  1.
  908.5 -0.000913069038  1.
  909. -0.00094113033  1.
  909.5 -0.000967228884  1.
  910. -0.000991244842  1.
  910.5 -0.00101307711  1.
  911. -0.00103264401  1.
  911.5 -0.00104988378  1.
  912. -0.00106475492  1.
  912.5 -0.00107723639  1.
  913. -0.00108732767  1.
  913.5 -0.00109504867  1.
  914. -0.00110043942  1.
  914.5 -0.0011035597  1.
  915. -0.0011044885  1.
  915.5 -0.00110332327  1.
  916. -0.00110017912  1.
  916.5 -0.00109518786  1.
  917. -0.00108849688  1.
  917.5 -0.00108026795  1.
  918. -0.00107067591  1.
  918.5 -0.00105990725  1.
  919. -0.00104815862  1.
  919.5 -0.00103563524  1.
  920. -0.00102254923  1.
  920.5 -0.001009118  1.
  921. -0.000995562402  1.
  921.5 -0.000982105067  1.
  922. -0.000968968567  1.
  922.5 -0.000956373677  1.
  923. -0.000944537583  1.
  923.5 -0.000933672174  1.
  924. -0.000923982332  1.
  924.5 -0.000915664284  1.
  925. -0.000908904042  1.
  925.5 -0.000903875881  1.
  926. -0.000900740949  1.
  926.5 -0.00089964594  1.
  927. -0.000900721893  1.
  927.5 -0.000904083125  1.
  928. -0.000909826253  1.
  928.5 -0.000918029398  1.
  929. -0.00092875149  1.
  929.5 -0.000942031744  1.
  930. -0.000957889292  1.
  930.5 -0.00097632294  1.
  931. -0.000997311113  1.
  931.5 -0.00102081194  1.
  932. -0.00104676352  1.
  932.5 -0.00107508429  1.
  933. -0.0011056736  1.
  933.5 -0.00113841243  1.
  934. -0.0011731642  1.
  934.5 -0.0012097758  1.
  935. -0.00124807865  1.
  935.5 -0.00128788997  1.
  936. -0.00132901411  1.
  936.5 -0.00137124398  1.
  937. -0.00141436262  1.
  937.5 -0.00145814479  1.
  938. -0.00150235866  1.
  938.5 -0.00154676753  1.
  939. -0.00159113162  1.
  939.5 -0.00163520986  1.
  940. -0.00167876171  1.
  940.5 -0.00172154899  1.
  941. -0.00176333765  1.
  941.5 -0.00180389958  1.
  942. -0.00184301432  1.
  942.5 -0.00188047073  1.
  943. -0.00191606865  1.
  943.5 -0.00194962041  1.
  944. -0.00198095226  1.
  944.5 -0.00200990576  1.
  945. -0.00203633898  1.
  945.5 -0.00206012767  1.
  946. -0.00208116619  1.
  946.5 -0.00209936842  1.
  947. -0.00211466848  1.
  947.5 -0.00212702126  1.
  948. -0.00213640287  1.
  948.5 -0.00214281095  1.
  949. -0.00214626471  1.
  949.5 -0.00214680494  1.
  950. -0.00214449381  1.
  950.5 -0.00213941451  1.
  951. -0.00213167076  1.
  951.5 -0.00212138615  1.
  952. -0.00210870335  1.
  952.5 -0.0020937832  1.
  953. -0.00207680363  1.
  953.5 -0.00205795847  1.
  954. -0.00203745619  1.
  954.5 -0.00201551843  1.
  955. -0.00199237857  1.
  955.5 -0.00196828012  1.
  956. -0.00194347503  1.
  956.5 -0.00191822202  1.
  957. -0.00189278479  1.
  957.5 -0.00186743019  1.
  958. -0.00184242643  1.
  958.5 -0.00181804122  1.
  959. -0.00179453994  1.
  959.5 -0.00177218378  1.
  960. -0.00175122799  1.
  960.5 -0.0017319201  1.
  961. -0.00171449825  1.
  961.5 -0.00169918948  1.
  962. -0.00168620826  1.
  962.5 -0.00167575494  1.
  963. -0.00166801444  1.
  963.5 -0.00166315493  1.
  964. -0.00166132671  1.
  964.5 -0.00166266118  1.
  965. -0.00166726995  1.
  965.5 -0.00167524406  1.
  966. -0.00168665339  1.
  966.5 -0.0017015462  1.
  967. -0.0017199488  1.
  967.5 -0.0017418654  1.
  968. -0.00176727807  1.
  968.5 -0.00179614694  1.
  969. -0.00182841045  1.
  969.5 -0.0018639858  1.
  970. -0.0019027696  1.
  970.5 -0.00194463853  1.
  971. -0.00198945025  1.
  971.5 -0.00203704442  1.
  972. -0.0020872438  1.
  972.5 -0.00213985549  1.
  973. -0.00219467234  1.
  973.5 -0.00225147429  1.
  974. -0.00231003  1.
  974.5 -0.00237009842  1.
  975. -0.00243143043  1.
  975.5 -0.00249377064  1.
  976. -0.00255685907  1.
  976.5 -0.00262043297  1.
  977. -0.00268422866  1.
  977.5 -0.00274798327  1.
  978. -0.00281143656  1.
  978.5 -0.00287433268  1.
  979. -0.00293642192  1.
  979.5 -0.00299746234  1.
  980. -0.00305722141  1.
  980.5 -0.00311547754  1.
  981. -0.00317202156  1.
  981.5 -0.00322665802  1.
  982. -0.0032792065  1.
  982.5 -0.00332950272  1.
  983. -0.00337739954  1.
  983.5 -0.00342276788  1.
  984. -0.00346549743  1.
  984.5 -0.00350549729  1.
  985. -0.00354269642  1.
  985.5 -0.00357704394  1.
  986. -0.00360850932  1.
  986.5 -0.00363708238  1.
  987. -0.00366277314  1.
  987.5 -0.00368561157  1.
  988. -0.00370564713  1.
  988.5 -0.0037229482  1.
  989. -0.00373760138  1.
  989.5 -0.00374971065  1.
  990. -0.00375939638  1.
  990.5 -0.00376679429  1.
  991. -0.00377205419  1.
  991.5 -0.00377533877  1.
  992. -0.00377682214  1.
  992.5 -0.00377668846  1.
  993. -0.00377513032  1.
  993.5 -0.00377234724  1.
  994. -0.00376854398  1.
  994.5 -0.00376392896  1.
  995. -0.0037587125  1.
  995.5 -0.00375310521  1.
  996. -0.00374731629  1.
  996.5 -0.00374155188  1.
  997. -0.00373601341  1.
  997.5 -0.00373089609  1.
  998. -0.00372638729  1.
  998.5 -0.00372266516  1.
  999. -0.00371989721  1.
  999.5 -0.003718239  1.
  1000. -0.00371783295  1.
