    0.0000000000D+00    0.1000000000D+01    0.1000000000D+01
    0.1000000000D+00    0.9999691667D+00    0.1000000000D+01
    0.2000000000D+00    0.9998776477D+00    0.1000000000D+01
    0.3000000000D+00    0.9997291301D+00    0.1000000000D+01
    0.4000000000D+00    0.9995291999D+00    0.1000000000D+01
    0.5000000000D+00    0.9992845513D+00    0.1000000000D+01
    0.6000000000D+00    0.9990024386D+00    0.1000000000D+01
    0.7000000000D+00    0.9986903233D+00    0.1000000000D+01
    0.8000000000D+00    0.9983556427D+00    0.1000000000D+01
    0.9000000000D+00    0.9980056250D+00    0.1000000000D+01
    0.1000000000D+01    0.9976471145D+00    0.1000000000D+01
    0.1100000000D+01    0.9972864012D+00    0.1000000000D+01
    0.1200000000D+01    0.9969290848D+00    0.1000000000D+01
    0.1300000000D+01    0.9965799897D+00    0.1000000000D+01
    0.1400000000D+01    0.9962431319D+00    0.1000000000D+01
    0.1500000000D+01    0.9959217157D+00    0.1000000000D+01
    0.1600000000D+01    0.9956181531D+00    0.1000000000D+01
    0.1700000000D+01    0.9953341153D+00    0.1000000000D+01
    0.1800000000D+01    0.9950706219D+00    0.1000000000D+01
    0.1900000000D+01    0.9948281473D+00    0.1000000000D+01
    0.2000000000D+01    0.9946067160D+00    0.1000000000D+01
    0.2100000000D+01    0.9944059728D+00    0.1000000000D+01
    0.2200000000D+01    0.9942252482D+00    0.1000000000D+01
    0.2300000000D+01    0.9940636347D+00    0.1000000000D+01
    0.2400000000D+01    0.9939200729D+00    0.1000000000D+01
    0.2500000000D+01    0.9937934199D+00    0.1000000000D+01
    0.2600000000D+01    0.9936824838D+00    0.1000000000D+01
    0.2700000000D+01    0.9935860343D+00    0.1000000000D+01
    0.2800000000D+01    0.9935028228D+00    0.1000000000D+01
    0.2900000000D+01    0.9934316225D+00    0.1000000000D+01
    0.3000000000D+01    0.9933712722D+00    0.1000000000D+01
    0.3100000000D+01    0.9933206926D+00    0.1000000000D+01
    0.3200000000D+01    0.9932788716D+00    0.1000000000D+01
    0.3300000000D+01    0.9932448429D+00    0.1000000000D+01
    0.3400000000D+01    0.9932176895D+00    0.1000000000D+01
    0.3500000000D+01    0.9931965704D+00    0.1000000000D+01
    0.3600000000D+01    0.9931807424D+00    0.1000000000D+01
    0.3700000000D+01    0.9931695511D+00    0.1000000000D+01
    0.3800000000D+01    0.9931623977D+00    0.1000000000D+01
    0.3900000000D+01    0.9931587150D+00    0.1000000000D+01
    0.4000000000D+01    0.9931579746D+00    0.1000000000D+01
    0.4100000000D+01    0.9931597153D+00    0.1000000000D+01
    0.4200000000D+01    0.9931635570D+00    0.1000000000D+01
    0.4300000000D+01    0.9931691813D+00    0.1000000000D+01
    0.4400000000D+01    0.9931762941D+00    0.1000000000D+01
    0.4500000000D+01    0.9931846059D+00    0.1000000000D+01
    0.4600000000D+01    0.9931938468D+00    0.1000000000D+01
    0.4700000000D+01    0.9932037981D+00    0.1000000000D+01
    0.4800000000D+01    0.9932143036D+00    0.1000000000D+01
    0.4900000000D+01    0.9932252448D+00    0.1000000000D+01
    0.5000000000D+01    0.9932365006D+00    0.1000000000D+01
    0.5100000000D+01    0.9932479323D+00    0.1000000000D+01
    0.5200000000D+01    0.9932594062D+00    0.1000000000D+01
    0.5300000000D+01    0.9932708300D+00    0.1000000000D+01
    0.5400000000D+01    0.9932821631D+00    0.1000000000D+01
    0.5500000000D+01    0.9932933862D+00    0.1000000000D+01
    0.5600000000D+01    0.9933044605D+00    0.1000000000D+01
    0.5700000000D+01    0.9933153160D+00    0.1000000000D+01
    0.5800000000D+01    0.9933258821D+00    0.1000000000D+01
    0.5900000000D+01    0.9933361276D+00    0.1000000000D+01
    0.6000000000D+01    0.9933460686D+00    0.1000000000D+01
    0.6100000000D+01    0.9933557343D+00    0.1000000000D+01
    0.6200000000D+01    0.9933651252D+00    0.1000000000D+01
    0.6300000000D+01    0.9933742036D+00    0.1000000000D+01
    0.6400000000D+01    0.9933829265D+00    0.1000000000D+01
    0.6500000000D+01    0.9933912857D+00    0.1000000000D+01
    0.6600000000D+01    0.9933993164D+00    0.1000000000D+01
    0.6700000000D+01    0.9934070647D+00    0.1000000000D+01
    0.6800000000D+01    0.9934145459D+00    0.1000000000D+01
    0.6900000000D+01    0.9934217349D+00    0.1000000000D+01
    0.7000000000D+01    0.9934285967D+00    0.1000000000D+01
    0.7100000000D+01    0.9934351277D+00    0.1000000000D+01
    0.7200000000D+01    0.9934413662D+00    0.1000000000D+01
    0.7300000000D+01    0.9934473627D+00    0.1000000000D+01
    0.7400000000D+01    0.9934531400D+00    0.1000000000D+01
    0.7500000000D+01    0.9934586813D+00    0.1000000000D+01
    0.7600000000D+01    0.9934639574D+00    0.1000000000D+01
    0.7700000000D+01    0.9934689638D+00    0.1000000000D+01
    0.7800000000D+01    0.9934737316D+00    0.1000000000D+01
    0.7900000000D+01    0.9934783045D+00    0.1000000000D+01
    0.8000000000D+01    0.9934827070D+00    0.1000000000D+01
    0.8100000000D+01    0.9934869325D+00    0.1000000000D+01
    0.8200000000D+01    0.9934909617D+00    0.1000000000D+01
    0.8300000000D+01    0.9934947887D+00    0.1000000000D+01
    0.8400000000D+01    0.9934984318D+00    0.1000000000D+01
    0.8500000000D+01    0.9935019230D+00    0.1000000000D+01
    0.8600000000D+01    0.9935052863D+00    0.1000000000D+01
    0.8700000000D+01    0.9935085272D+00    0.1000000000D+01
    0.8800000000D+01    0.9935116377D+00    0.1000000000D+01
    0.8900000000D+01    0.9935146091D+00    0.1000000000D+01
    0.9000000000D+01    0.9935174413D+00    0.1000000000D+01
    0.9100000000D+01    0.9935201436D+00    0.1000000000D+01
    0.9200000000D+01    0.9935227324D+00    0.1000000000D+01
    0.9300000000D+01    0.9935252263D+00    0.1000000000D+01
    0.9400000000D+01    0.9935276395D+00    0.1000000000D+01
    0.9500000000D+01    0.9935299733D+00    0.1000000000D+01
    0.9600000000D+01    0.9935322151D+00    0.1000000000D+01
    0.9700000000D+01    0.9935343483D+00    0.1000000000D+01
    0.9800000000D+01    0.9935363728D+00    0.1000000000D+01
    0.9900000000D+01    0.9935383143D+00    0.1000000000D+01
    0.1000000000D+02    0.9935402117D+00    0.1000000000D+01
    0.1010000000D+02    0.9935420865D+00    0.1000000000D+01
    0.1020000000D+02    0.9935439222D+00    0.1000000000D+01
    0.1030000000D+02    0.9935456772D+00    0.1000000000D+01
    0.1040000000D+02    0.9935473244D+00    0.1000000000D+01
    0.1050000000D+02    0.9935488831D+00    0.1000000000D+01
    0.1060000000D+02    0.9935504101D+00    0.1000000000D+01
    0.1070000000D+02    0.9935519525D+00    0.1000000000D+01
    0.1080000000D+02    0.9935535050D+00    0.1000000000D+01
    0.1090000000D+02    0.9935550122D+00    0.1000000000D+01
    0.1100000000D+02    0.9935564180D+00    0.1000000000D+01
    0.1110000000D+02    0.9935577189D+00    0.1000000000D+01
    0.1120000000D+02    0.9935589706D+00    0.1000000000D+01
    0.1130000000D+02    0.9935602392D+00    0.1000000000D+01
    0.1140000000D+02    0.9935615417D+00    0.1000000000D+01
    0.1150000000D+02    0.9935628302D+00    0.1000000000D+01
    0.1160000000D+02    0.9935640368D+00    0.1000000000D+01
    0.1170000000D+02    0.9935651361D+00    0.1000000000D+01
    0.1180000000D+02    0.9935661691D+00    0.1000000000D+01
    0.1190000000D+02    0.9935672075D+00    0.1000000000D+01
    0.1200000000D+02    0.9935682909D+00    0.1000000000D+01
    0.1210000000D+02    0.9935693949D+00    0.1000000000D+01
    0.1220000000D+02    0.9935704564D+00    0.1000000000D+01
    0.1230000000D+02    0.9935714288D+00    0.1000000000D+01
    0.1240000000D+02    0.9935723201D+00    0.1000000000D+01
    0.1250000000D+02    0.9935731806D+00    0.1000000000D+01
    0.1260000000D+02    0.9935740581D+00    0.1000000000D+01
    0.1270000000D+02    0.9935749608D+00    0.1000000000D+01
    0.1280000000D+02    0.9935758573D+00    0.1000000000D+01
    0.1290000000D+02    0.9935767084D+00    0.1000000000D+01
    0.1300000000D+02    0.9935774987D+00    0.1000000000D+01
    0.1310000000D+02    0.9935782429D+00    0.1000000000D+01
    0.1320000000D+02    0.9935789707D+00    0.1000000000D+01
    0.1330000000D+02    0.9935797055D+00    0.1000000000D+01
    0.1340000000D+02    0.9935804545D+00    0.1000000000D+01
    0.1350000000D+02    0.9935812090D+00    0.1000000000D+01
    0.1360000000D+02    0.9935819500D+00    0.1000000000D+01
    0.1370000000D+02    0.9935826568D+00    0.1000000000D+01
    0.1380000000D+02    0.9935833177D+00    0.1000000000D+01
    0.1390000000D+02    0.9935839406D+00    0.1000000000D+01
    0.1400000000D+02    0.9935845527D+00    0.1000000000D+01
    0.1410000000D+02    0.9935851843D+00    0.1000000000D+01
    0.1420000000D+02    0.9935858444D+00    0.1000000000D+01
    0.1430000000D+02    0.9935865096D+00    0.1000000000D+01
    0.1440000000D+02    0.9935871387D+00    0.1000000000D+01
    0.1450000000D+02    0.9935877067D+00    0.1000000000D+01
    0.1460000000D+02    0.9935882281D+00    0.1000000000D+01
    0.1470000000D+02    0.9935887485D+00    0.1000000000D+01
    0.1480000000D+02    0.9935893084D+00    0.1000000000D+01
    0.1490000000D+02    0.9935899091D+00    0.1000000000D+01
    0.1500000000D+02    0.9935905120D+00    0.1000000000D+01
    0.1510000000D+02    0.9935910700D+00    0.1000000000D+01
    0.1520000000D+02    0.9935915653D+00    0.1000000000D+01
    0.1530000000D+02    0.9935920209D+00    0.1000000000D+01
    0.1540000000D+02    0.9935924792D+00    0.1000000000D+01
    0.1550000000D+02    0.9935929692D+00    0.1000000000D+01
    0.1560000000D+02    0.9935934885D+00    0.1000000000D+01
    0.1570000000D+02    0.9935940119D+00    0.1000000000D+01
    0.1580000000D+02    0.9935945124D+00    0.1000000000D+01
    0.1590000000D+02    0.9935949768D+00    0.1000000000D+01
    0.1600000000D+02    0.9935954087D+00    0.1000000000D+01
    0.1610000000D+02    0.9935958253D+00    0.1000000000D+01
    0.1620000000D+02    0.9935962504D+00    0.1000000000D+01
    0.1630000000D+02    0.9935967042D+00    0.1000000000D+01
    0.1640000000D+02    0.9935971892D+00    0.1000000000D+01
    0.1650000000D+02    0.9935976802D+00    0.1000000000D+01
    0.1660000000D+02    0.9935981338D+00    0.1000000000D+01
    0.1670000000D+02    0.9935985192D+00    0.1000000000D+01
    0.1680000000D+02    0.9935988489D+00    0.1000000000D+01
    0.1690000000D+02    0.9935991791D+00    0.1000000000D+01
    0.1700000000D+02    0.9935995719D+00    0.1000000000D+01
    0.1710000000D+02    0.9936000424D+00    0.1000000000D+01
    0.1720000000D+02    0.9936005382D+00    0.1000000000D+01
    0.1730000000D+02    0.9936009759D+00    0.1000000000D+01
    0.1740000000D+02    0.9936013082D+00    0.1000000000D+01
    0.1750000000D+02    0.9936015680D+00    0.1000000000D+01
    0.1760000000D+02    0.9936018456D+00    0.1000000000D+01
    0.1770000000D+02    0.9936022167D+00    0.1000000000D+01
    0.1780000000D+02    0.9936026790D+00    0.1000000000D+01
    0.1790000000D+02    0.9936031532D+00    0.1000000000D+01
    0.1800000000D+02    0.9936035481D+00    0.1000000000D+01
    0.1810000000D+02    0.9936038345D+00    0.1000000000D+01
    0.1820000000D+02    0.9936040668D+00    0.1000000000D+01
    0.1830000000D+02    0.9936043361D+00    0.1000000000D+01
    0.1840000000D+02    0.9936046976D+00    0.1000000000D+01
    0.1850000000D+02    0.9936051318D+00    0.1000000000D+01
    0.1860000000D+02    0.9936055675D+00    0.1000000000D+01
    0.1870000000D+02    0.9936059406D+00    0.1000000000D+01
    0.1880000000D+02    0.9936062382D+00    0.1000000000D+01
    0.1890000000D+02    0.9936064976D+00    0.1000000000D+01
    0.1900000000D+02    0.9936067698D+00    0.1000000000D+01
    0.1910000000D+02    0.9936070822D+00    0.1000000000D+01
    0.1920000000D+02    0.9936074262D+00    0.1000000000D+01
    0.1930000000D+02    0.9936077710D+00    0.1000000000D+01
    0.1940000000D+02    0.9936080859D+00    0.1000000000D+01
    0.1950000000D+02    0.9936083561D+00    0.1000000000D+01
    0.1960000000D+02    0.9936085866D+00    0.1000000000D+01
    0.1970000000D+02    0.9936087985D+00    0.1000000000D+01
    0.1980000000D+02    0.9936090203D+00    0.1000000000D+01
    0.1990000000D+02    0.9936092750D+00    0.1000000000D+01
    0.2000000000D+02    0.9936095669D+00    0.1000000000D+01
    0.2010000000D+02    0.9936098757D+00    0.1000000000D+01
    0.2020000000D+02    0.9936101672D+00    0.1000000000D+01
    0.2030000000D+02    0.9936104158D+00    0.1000000000D+01
    0.2040000000D+02    0.9936106220D+00    0.1000000000D+01
    0.2050000000D+02    0.9936108112D+00    0.1000000000D+01
    0.2060000000D+02    0.9936110155D+00    0.1000000000D+01
    0.2070000000D+02    0.9936112534D+00    0.1000000000D+01
    0.2080000000D+02    0.9936115210D+00    0.1000000000D+01
    0.2090000000D+02    0.9936117987D+00    0.1000000000D+01
    0.2100000000D+02    0.9936120627D+00    0.1000000000D+01
    0.2110000000D+02    0.9936122934D+00    0.1000000000D+01
    0.2120000000D+02    0.9936124829D+00    0.1000000000D+01
    0.2130000000D+02    0.9936126407D+00    0.1000000000D+01
    0.2140000000D+02    0.9936127961D+00    0.1000000000D+01
    0.2150000000D+02    0.9936129871D+00    0.1000000000D+01
    0.2160000000D+02    0.9936132359D+00    0.1000000000D+01
    0.2170000000D+02    0.9936135239D+00    0.1000000000D+01
    0.2180000000D+02    0.9936137944D+00    0.1000000000D+01
    0.2190000000D+02    0.9936139893D+00    0.1000000000D+01
    0.2200000000D+02    0.9936140978D+00    0.1000000000D+01
    0.2210000000D+02    0.9936141756D+00    0.1000000000D+01
    0.2220000000D+02    0.9936143098D+00    0.1000000000D+01
    0.2230000000D+02    0.9936145514D+00    0.1000000000D+01
    0.2240000000D+02    0.9936148697D+00    0.1000000000D+01
    0.2250000000D+02    0.9936151699D+00    0.1000000000D+01
    0.2260000000D+02    0.9936153657D+00    0.1000000000D+01
    0.2270000000D+02    0.9936154482D+00    0.1000000000D+01
    0.2280000000D+02    0.9936154943D+00    0.1000000000D+01
    0.2290000000D+02    0.9936156073D+00    0.1000000000D+01
    0.2300000000D+02    0.9936158371D+00    0.1000000000D+01
    0.2310000000D+02    0.9936161447D+00    0.1000000000D+01
    0.2320000000D+02    0.9936164367D+00    0.1000000000D+01
    0.2330000000D+02    0.9936166376D+00    0.1000000000D+01
    0.2340000000D+02    0.9936167401D+00    0.1000000000D+01
    0.2350000000D+02    0.9936167994D+00    0.1000000000D+01
    0.2360000000D+02    0.9936168867D+00    0.1000000000D+01
    0.2370000000D+02    0.9936170406D+00    0.1000000000D+01
    0.2380000000D+02    0.9936172523D+00    0.1000000000D+01
    0.2390000000D+02    0.9936174818D+00    0.1000000000D+01
    0.2400000000D+02    0.9936176855D+00    0.1000000000D+01
    0.2410000000D+02    0.9936178348D+00    0.1000000000D+01
    0.2420000000D+02    0.9936179243D+00    0.1000000000D+01
    0.2430000000D+02    0.9936179732D+00    0.1000000000D+01
    0.2440000000D+02    0.9936180214D+00    0.1000000000D+01
    0.2450000000D+02    0.9936181126D+00    0.1000000000D+01
    0.2460000000D+02    0.9936182676D+00    0.1000000000D+01
    0.2470000000D+02    0.9936184652D+00    0.1000000000D+01
    0.2480000000D+02    0.9936186513D+00    0.1000000000D+01
    0.2490000000D+02    0.9936187755D+00    0.1000000000D+01
    0.2500000000D+02    0.9936188299D+00    0.1000000000D+01
    0.2510000000D+02    0.9936188581D+00    0.1000000000D+01
    0.2520000000D+02    0.9936189250D+00    0.1000000000D+01
    0.2530000000D+02    0.9936190700D+00    0.1000000000D+01
    0.2540000000D+02    0.9936192803D+00    0.1000000000D+01
    0.2550000000D+02    0.9936195037D+00    0.1000000000D+01
    0.2560000000D+02    0.9936196876D+00    0.1000000000D+01
    0.2570000000D+02    0.9936198118D+00    0.1000000000D+01
    0.2580000000D+02    0.9936198934D+00    0.1000000000D+01
    0.2590000000D+02    0.9936199668D+00    0.1000000000D+01
    0.2600000000D+02    0.9936200607D+00    0.1000000000D+01
    0.2610000000D+02    0.9936201879D+00    0.1000000000D+01
    0.2620000000D+02    0.9936203454D+00    0.1000000000D+01
    0.2630000000D+02    0.9936205180D+00    0.1000000000D+01
    0.2640000000D+02    0.9936206813D+00    0.1000000000D+01
    0.2650000000D+02    0.9936208087D+00    0.1000000000D+01
    0.2660000000D+02    0.9936208847D+00    0.1000000000D+01
    0.2670000000D+02    0.9936209183D+00    0.1000000000D+01
    0.2680000000D+02    0.9936209417D+00    0.1000000000D+01
    0.2690000000D+02    0.9936209930D+00    0.1000000000D+01
    0.2700000000D+02    0.9936210918D+00    0.1000000000D+01
    0.2710000000D+02    0.9936212254D+00    0.1000000000D+01
    0.2720000000D+02    0.9936213576D+00    0.1000000000D+01
    0.2730000000D+02    0.9936214529D+00    0.1000000000D+01
    0.2740000000D+02    0.9936214965D+00    0.1000000000D+01
    0.2750000000D+02    0.9936215003D+00    0.1000000000D+01
    0.2760000000D+02    0.9936214943D+00    0.1000000000D+01
    0.2770000000D+02    0.9936215147D+00    0.1000000000D+01
    0.2780000000D+02    0.9936215920D+00    0.1000000000D+01
    0.2790000000D+02    0.9936217369D+00    0.1000000000D+01
    0.2800000000D+02    0.9936219255D+00    0.1000000000D+01
    0.2810000000D+02    0.9936220991D+00    0.1000000000D+01
    0.2820000000D+02    0.9936221910D+00    0.1000000000D+01
    0.2830000000D+02    0.9936221740D+00    0.1000000000D+01
    0.2840000000D+02    0.9936220941D+00    0.1000000000D+01
    0.2850000000D+02    0.9936220531D+00    0.1000000000D+01
    0.2860000000D+02    0.9936221413D+00    0.1000000000D+01
    0.2870000000D+02    0.9936223633D+00    0.1000000000D+01
    0.2880000000D+02    0.9936226217D+00    0.1000000000D+01
    0.2890000000D+02    0.9936227806D+00    0.1000000000D+01
    0.2900000000D+02    0.9936227665D+00    0.1000000000D+01
    0.2910000000D+02    0.9936226293D+00    0.1000000000D+01
    0.2920000000D+02    0.9936225096D+00    0.1000000000D+01
    0.2930000000D+02    0.9936225364D+00    0.1000000000D+01
    0.2940000000D+02    0.9936227340D+00    0.1000000000D+01
    0.2950000000D+02    0.9936230081D+00    0.1000000000D+01
    0.2960000000D+02    0.9936232203D+00    0.1000000000D+01
    0.2970000000D+02    0.9936232879D+00    0.1000000000D+01
    0.2980000000D+02    0.9936232341D+00    0.1000000000D+01
    0.2990000000D+02    0.9936231596D+00    0.1000000000D+01
    0.3000000000D+02    0.9936231643D+00    0.1000000000D+01
    0.3010000000D+02    0.9936232829D+00    0.1000000000D+01
    0.3020000000D+02    0.9936234766D+00    0.1000000000D+01
    0.3030000000D+02    0.9936236721D+00    0.1000000000D+01
    0.3040000000D+02    0.9936238109D+00    0.1000000000D+01
    0.3050000000D+02    0.9936238732D+00    0.1000000000D+01
    0.3060000000D+02    0.9936238746D+00    0.1000000000D+01
    0.3070000000D+02    0.9936238503D+00    0.1000000000D+01
    0.3080000000D+02    0.9936238394D+00    0.1000000000D+01
    0.3090000000D+02    0.9936238696D+00    0.1000000000D+01
    0.3100000000D+02    0.9936239460D+00    0.1000000000D+01
    0.3110000000D+02    0.9936240468D+00    0.1000000000D+01
    0.3120000000D+02    0.9936241341D+00    0.1000000000D+01
    0.3130000000D+02    0.9936241757D+00    0.1000000000D+01
    0.3140000000D+02    0.9936241626D+00    0.1000000000D+01
    0.3150000000D+02    0.9936241129D+00    0.1000000000D+01
    0.3160000000D+02    0.9936240600D+00    0.1000000000D+01
    0.3170000000D+02    0.9936240372D+00    0.1000000000D+01
    0.3180000000D+02    0.9936240665D+00    0.1000000000D+01
    0.3190000000D+02    0.9936241533D+00    0.1000000000D+01
    0.3200000000D+02    0.9936242830D+00    0.1000000000D+01
    0.3210000000D+02    0.9936244203D+00    0.1000000000D+01
    0.3220000000D+02    0.9936245190D+00    0.1000000000D+01
    0.3230000000D+02    0.9936245451D+00    0.1000000000D+01
    0.3240000000D+02    0.9936245043D+00    0.1000000000D+01
    0.3250000000D+02    0.9936244500D+00    0.1000000000D+01
    0.3260000000D+02    0.9936244566D+00    0.1000000000D+01
    0.3270000000D+02    0.9936245701D+00    0.1000000000D+01
    0.3280000000D+02    0.9936247695D+00    0.1000000000D+01
    0.3290000000D+02    0.9936249737D+00    0.1000000000D+01
    0.3300000000D+02    0.9936250931D+00    0.1000000000D+01
    0.3310000000D+02    0.9936250891D+00    0.1000000000D+01
    0.3320000000D+02    0.9936249988D+00    0.1000000000D+01
    0.3330000000D+02    0.9936249074D+00    0.1000000000D+01
    0.3340000000D+02    0.9936248915D+00    0.1000000000D+01
    0.3350000000D+02    0.9936249747D+00    0.1000000000D+01
    0.3360000000D+02    0.9936251230D+00    0.1000000000D+01
    0.3370000000D+02    0.9936252727D+00    0.1000000000D+01
    0.3380000000D+02    0.9936253659D+00    0.1000000000D+01
    0.3390000000D+02    0.9936253723D+00    0.1000000000D+01
    0.3400000000D+02    0.9936252970D+00    0.1000000000D+01
    0.3410000000D+02    0.9936251814D+00    0.1000000000D+01
    0.3420000000D+02    0.9936250933D+00    0.1000000000D+01
    0.3430000000D+02    0.9936251000D+00    0.1000000000D+01
    0.3440000000D+02    0.9936252284D+00    0.1000000000D+01
    0.3450000000D+02    0.9936254366D+00    0.1000000000D+01
    0.3460000000D+02    0.9936256259D+00    0.1000000000D+01
    0.3470000000D+02    0.9936256983D+00    0.1000000000D+01
    0.3480000000D+02    0.9936256245D+00    0.1000000000D+01
    0.3490000000D+02    0.9936254704D+00    0.1000000000D+01
    0.3500000000D+02    0.9936253565D+00    0.1000000000D+01
    0.3510000000D+02    0.9936253757D+00    0.1000000000D+01
    0.3520000000D+02    0.9936255309D+00    0.1000000000D+01
    0.3530000000D+02    0.9936257375D+00    0.1000000000D+01
    0.3540000000D+02    0.9936258856D+00    0.1000000000D+01
    0.3550000000D+02    0.9936259119D+00    0.1000000000D+01
    0.3560000000D+02    0.9936258316D+00    0.1000000000D+01
    0.3570000000D+02    0.9936257159D+00    0.1000000000D+01
    0.3580000000D+02    0.9936256423D+00    0.1000000000D+01
    0.3590000000D+02    0.9936256541D+00    0.1000000000D+01
    0.3600000000D+02    0.9936257515D+00    0.1000000000D+01
    0.3610000000D+02    0.9936259026D+00    0.1000000000D+01
    0.3620000000D+02    0.9936260588D+00    0.1000000000D+01
    0.3630000000D+02    0.9936261684D+00    0.1000000000D+01
    0.3640000000D+02    0.9936261954D+00    0.1000000000D+01
    0.3650000000D+02    0.9936261405D+00    0.1000000000D+01
    0.3660000000D+02    0.9936260516D+00    0.1000000000D+01
    0.3670000000D+02    0.9936260042D+00    0.1000000000D+01
    0.3680000000D+02    0.9936260564D+00    0.1000000000D+01
    0.3690000000D+02    0.9936262086D+00    0.1000000000D+01
    0.3700000000D+02    0.9936263998D+00    0.1000000000D+01
    0.3710000000D+02    0.9936265450D+00    0.1000000000D+01
    0.3720000000D+02    0.9936265886D+00    0.1000000000D+01
    0.3730000000D+02    0.9936265352D+00    0.1000000000D+01
    0.3740000000D+02    0.9936264398D+00    0.1000000000D+01
    0.3750000000D+02    0.9936263696D+00    0.1000000000D+01
    0.3760000000D+02    0.9936263668D+00    0.1000000000D+01
    0.3770000000D+02    0.9936264333D+00    0.1000000000D+01
    0.3780000000D+02    0.9936265392D+00    0.1000000000D+01
    0.3790000000D+02    0.9936266417D+00    0.1000000000D+01
    0.3800000000D+02    0.9936267028D+00    0.1000000000D+01
    0.3810000000D+02    0.9936267026D+00    0.1000000000D+01
    0.3820000000D+02    0.9936266461D+00    0.1000000000D+01
    0.3830000000D+02    0.9936265630D+00    0.1000000000D+01
    0.3840000000D+02    0.9936264951D+00    0.1000000000D+01
    0.3850000000D+02    0.9936264770D+00    0.1000000000D+01
    0.3860000000D+02    0.9936265215D+00    0.1000000000D+01
    0.3870000000D+02    0.9936266171D+00    0.1000000000D+01
    0.3880000000D+02    0.9936267374D+00    0.1000000000D+01
    0.3890000000D+02    0.9936268509D+00    0.1000000000D+01
    0.3900000000D+02    0.9936269267D+00    0.1000000000D+01
    0.3910000000D+02    0.9936269410D+00    0.1000000000D+01
    0.3920000000D+02    0.9936268921D+00    0.1000000000D+01
    0.3930000000D+02    0.9936268153D+00    0.1000000000D+01
    0.3940000000D+02    0.9936267811D+00    0.1000000000D+01
    0.3950000000D+02    0.9936268600D+00    0.1000000000D+01
    0.3960000000D+02    0.9936270693D+00    0.1000000000D+01
    0.3970000000D+02    0.9936273395D+00    0.1000000000D+01
    0.3980000000D+02    0.9936275410D+00    0.1000000000D+01
    0.3990000000D+02    0.9936275654D+00    0.1000000000D+01
    0.4000000000D+02    0.9936274095D+00    0.1000000000D+01
    0.4010000000D+02    0.9936271927D+00    0.1000000000D+01
    0.4020000000D+02    0.9936270852D+00    0.1000000000D+01
    0.4030000000D+02    0.9936271909D+00    0.1000000000D+01
    0.4040000000D+02    0.9936274725D+00    0.1000000000D+01
    0.4050000000D+02    0.9936277757D+00    0.1000000000D+01
    0.4060000000D+02    0.9936279367D+00    0.1000000000D+01
    0.4070000000D+02    0.9936278913D+00    0.1000000000D+01
    0.4080000000D+02    0.9936277074D+00    0.1000000000D+01
    0.4090000000D+02    0.9936275277D+00    0.1000000000D+01
    0.4100000000D+02    0.9936274712D+00    0.1000000000D+01
    0.4110000000D+02    0.9936275671D+00    0.1000000000D+01
    0.4120000000D+02    0.9936277570D+00    0.1000000000D+01
    0.4130000000D+02    0.9936279463D+00    0.1000000000D+01
    0.4140000000D+02    0.9936280600D+00    0.1000000000D+01
    0.4150000000D+02    0.9936280704D+00    0.1000000000D+01
    0.4160000000D+02    0.9936279956D+00    0.1000000000D+01
    0.4170000000D+02    0.9936278834D+00    0.1000000000D+01
    0.4180000000D+02    0.9936277912D+00    0.1000000000D+01
    0.4190000000D+02    0.9936277653D+00    0.1000000000D+01
    0.4200000000D+02    0.9936278224D+00    0.1000000000D+01
    0.4210000000D+02    0.9936279414D+00    0.1000000000D+01
    0.4220000000D+02    0.9936280726D+00    0.1000000000D+01
    0.4230000000D+02    0.9936281644D+00    0.1000000000D+01
    0.4240000000D+02    0.9936281899D+00    0.1000000000D+01
    0.4250000000D+02    0.9936281584D+00    0.1000000000D+01
    0.4260000000D+02    0.9936281040D+00    0.1000000000D+01
    0.4270000000D+02    0.9936280647D+00    0.1000000000D+01
    0.4280000000D+02    0.9936280684D+00    0.1000000000D+01
    0.4290000000D+02    0.9936281301D+00    0.1000000000D+01
    0.4300000000D+02    0.9936282511D+00    0.1000000000D+01
    0.4310000000D+02    0.9936284128D+00    0.1000000000D+01
    0.4320000000D+02    0.9936285734D+00    0.1000000000D+01
    0.4330000000D+02    0.9936286812D+00    0.1000000000D+01
    0.4340000000D+02    0.9936287037D+00    0.1000000000D+01
    0.4350000000D+02    0.9936286536D+00    0.1000000000D+01
    0.4360000000D+02    0.9936285878D+00    0.1000000000D+01
    0.4370000000D+02    0.9936285753D+00    0.1000000000D+01
    0.4380000000D+02    0.9936286547D+00    0.1000000000D+01
    0.4390000000D+02    0.9936288121D+00    0.1000000000D+01
    0.4400000000D+02    0.9936289929D+00    0.1000000000D+01
    0.4410000000D+02    0.9936291369D+00    0.1000000000D+01
    0.4420000000D+02    0.9936292077D+00    0.1000000000D+01
    0.4430000000D+02    0.9936292010D+00    0.1000000000D+01
    0.4440000000D+02    0.9936291369D+00    0.1000000000D+01
    0.4450000000D+02    0.9936290523D+00    0.1000000000D+01
    0.4460000000D+02    0.9936289950D+00    0.1000000000D+01
    0.4470000000D+02    0.9936290110D+00    0.1000000000D+01
    0.4480000000D+02    0.9936291209D+00    0.1000000000D+01
    0.4490000000D+02    0.9936292995D+00    0.1000000000D+01
    0.4500000000D+02    0.9936294777D+00    0.1000000000D+01
    0.4510000000D+02    0.9936295791D+00    0.1000000000D+01
    0.4520000000D+02    0.9936295689D+00    0.1000000000D+01
    0.4530000000D+02    0.9936294795D+00    0.1000000000D+01
    0.4540000000D+02    0.9936293923D+00    0.1000000000D+01
    0.4550000000D+02    0.9936293848D+00    0.1000000000D+01
    0.4560000000D+02    0.9936294854D+00    0.1000000000D+01
    0.4570000000D+02    0.9936296658D+00    0.1000000000D+01
    0.4580000000D+02    0.9936298683D+00    0.1000000000D+01
    0.4590000000D+02    0.9936300387D+00    0.1000000000D+01
    0.4600000000D+02    0.9936301404D+00    0.1000000000D+01
    0.4610000000D+02    0.9936301556D+00    0.1000000000D+01
    0.4620000000D+02    0.9936300906D+00    0.1000000000D+01
    0.4630000000D+02    0.9936299879D+00    0.1000000000D+01
    0.4640000000D+02    0.9936299262D+00    0.1000000000D+01
    0.4650000000D+02    0.9936299874D+00    0.1000000000D+01
    0.4660000000D+02    0.9936301993D+00    0.1000000000D+01
    0.4670000000D+02    0.9936304962D+00    0.1000000000D+01
    0.4680000000D+02    0.9936307422D+00    0.1000000000D+01
    0.4690000000D+02    0.9936308142D+00    0.1000000000D+01
    0.4700000000D+02    0.9936306889D+00    0.1000000000D+01
    0.4710000000D+02    0.9936304665D+00    0.1000000000D+01
    0.4720000000D+02    0.9936303085D+00    0.1000000000D+01
    0.4730000000D+02    0.9936303335D+00    0.1000000000D+01
    0.4740000000D+02    0.9936305462D+00    0.1000000000D+01
    0.4750000000D+02    0.9936308456D+00    0.1000000000D+01
    0.4760000000D+02    0.9936310974D+00    0.1000000000D+01
    0.4770000000D+02    0.9936312157D+00    0.1000000000D+01
    0.4780000000D+02    0.9936311997D+00    0.1000000000D+01
    0.4790000000D+02    0.9936311149D+00    0.1000000000D+01
    0.4800000000D+02    0.9936310439D+00    0.1000000000D+01
    0.4810000000D+02    0.9936310438D+00    0.1000000000D+01
    0.4820000000D+02    0.9936311316D+00    0.1000000000D+01
    0.4830000000D+02    0.9936312905D+00    0.1000000000D+01
    0.4840000000D+02    0.9936314827D+00    0.1000000000D+01
    0.4850000000D+02    0.9936316615D+00    0.1000000000D+01
    0.4860000000D+02    0.9936317850D+00    0.1000000000D+01
    0.4870000000D+02    0.9936318326D+00    0.1000000000D+01
    0.4880000000D+02    0.9936318144D+00    0.1000000000D+01
    0.4890000000D+02    0.9936317658D+00    0.1000000000D+01
    0.4900000000D+02    0.9936317296D+00    0.1000000000D+01
    0.4910000000D+02    0.9936317393D+00    0.1000000000D+01
    0.4920000000D+02    0.9936318105D+00    0.1000000000D+01
    0.4930000000D+02    0.9936319393D+00    0.1000000000D+01
    0.4940000000D+02    0.9936321031D+00    0.1000000000D+01
    0.4950000000D+02    0.9936322638D+00    0.1000000000D+01
    0.4960000000D+02    0.9936323790D+00    0.1000000000D+01
    0.4970000000D+02    0.9936324211D+00    0.1000000000D+01
    0.4980000000D+02    0.9936323957D+00    0.1000000000D+01
    0.4990000000D+02    0.9936323442D+00    0.1000000000D+01
    0.5000000000D+02    0.9936323264D+00    0.1000000000D+01
    0.5010000000D+02    0.9936323906D+00    0.1000000000D+01
    0.5020000000D+02    0.9936325486D+00    0.1000000000D+01
    0.5030000000D+02    0.9936327710D+00    0.1000000000D+01
    0.5040000000D+02    0.9936330044D+00    0.1000000000D+01
    0.5050000000D+02    0.9936331942D+00    0.1000000000D+01
    0.5060000000D+02    0.9936333003D+00    0.1000000000D+01
    0.5070000000D+02    0.9936333052D+00    0.1000000000D+01
    0.5080000000D+02    0.9936332237D+00    0.1000000000D+01
    0.5090000000D+02    0.9936331145D+00    0.1000000000D+01
    0.5100000000D+02    0.9936330709D+00    0.1000000000D+01
    0.5110000000D+02    0.9936331787D+00    0.1000000000D+01
    0.5120000000D+02    0.9936334535D+00    0.1000000000D+01
    0.5130000000D+02    0.9936338064D+00    0.1000000000D+01
    0.5140000000D+02    0.9936340805D+00    0.1000000000D+01
    0.5150000000D+02    0.9936341460D+00    0.1000000000D+01
    0.5160000000D+02    0.9936339926D+00    0.1000000000D+01
    0.5170000000D+02    0.9936337480D+00    0.1000000000D+01
    0.5180000000D+02    0.9936336024D+00    0.1000000000D+01
    0.5190000000D+02    0.9936336872D+00    0.1000000000D+01
    0.5200000000D+02    0.9936339939D+00    0.1000000000D+01
    0.5210000000D+02    0.9936343870D+00    0.1000000000D+01
    0.5220000000D+02    0.9936346966D+00    0.1000000000D+01
    0.5230000000D+02    0.9936348194D+00    0.1000000000D+01
    0.5240000000D+02    0.9936347633D+00    0.1000000000D+01
    0.5250000000D+02    0.9936346189D+00    0.1000000000D+01
    0.5260000000D+02    0.9936344958D+00    0.1000000000D+01
    0.5270000000D+02    0.9936344717D+00    0.1000000000D+01
    0.5280000000D+02    0.9936345760D+00    0.1000000000D+01
    0.5290000000D+02    0.9936347947D+00    0.1000000000D+01
    0.5300000000D+02    0.9936350781D+00    0.1000000000D+01
    0.5310000000D+02    0.9936353504D+00    0.1000000000D+01
    0.5320000000D+02    0.9936355328D+00    0.1000000000D+01
    0.5330000000D+02    0.9936355791D+00    0.1000000000D+01
    0.5340000000D+02    0.9936355039D+00    0.1000000000D+01
    0.5350000000D+02    0.9936353803D+00    0.1000000000D+01
    0.5360000000D+02    0.9936353041D+00    0.1000000000D+01
    0.5370000000D+02    0.9936353478D+00    0.1000000000D+01
    0.5380000000D+02    0.9936355295D+00    0.1000000000D+01
    0.5390000000D+02    0.9936358099D+00    0.1000000000D+01
    0.5400000000D+02    0.9936361135D+00    0.1000000000D+01
    0.5410000000D+02    0.9936363578D+00    0.1000000000D+01
    0.5420000000D+02    0.9936364816D+00    0.1000000000D+01
    0.5430000000D+02    0.9936364666D+00    0.1000000000D+01
    0.5440000000D+02    0.9936363512D+00    0.1000000000D+01
    0.5450000000D+02    0.9936362264D+00    0.1000000000D+01
    0.5460000000D+02    0.9936362010D+00    0.1000000000D+01
    0.5470000000D+02    0.9936363446D+00    0.1000000000D+01
    0.5480000000D+02    0.9936366398D+00    0.1000000000D+01
    0.5490000000D+02    0.9936369853D+00    0.1000000000D+01
    0.5500000000D+02    0.9936372528D+00    0.1000000000D+01
    0.5510000000D+02    0.9936373617D+00    0.1000000000D+01
    0.5520000000D+02    0.9936373201D+00    0.1000000000D+01
    0.5530000000D+02    0.9936372087D+00    0.1000000000D+01
    0.5540000000D+02    0.9936371268D+00    0.1000000000D+01
    0.5550000000D+02    0.9936371424D+00    0.1000000000D+01
    0.5560000000D+02    0.9936372709D+00    0.1000000000D+01
    0.5570000000D+02    0.9936374834D+00    0.1000000000D+01
    0.5580000000D+02    0.9936377269D+00    0.1000000000D+01
    0.5590000000D+02    0.9936379433D+00    0.1000000000D+01
    0.5600000000D+02    0.9936380848D+00    0.1000000000D+01
    0.5610000000D+02    0.9936381283D+00    0.1000000000D+01
    0.5620000000D+02    0.9936380855D+00    0.1000000000D+01
    0.5630000000D+02    0.9936380015D+00    0.1000000000D+01
    0.5640000000D+02    0.9936379378D+00    0.1000000000D+01
    0.5650000000D+02    0.9936379480D+00    0.1000000000D+01
    0.5660000000D+02    0.9936380599D+00    0.1000000000D+01
    0.5670000000D+02    0.9936382698D+00    0.1000000000D+01
    0.5680000000D+02    0.9936385461D+00    0.1000000000D+01
    0.5690000000D+02    0.9936388312D+00    0.1000000000D+01
    0.5700000000D+02    0.9936390471D+00    0.1000000000D+01
    0.5710000000D+02    0.9936391196D+00    0.1000000000D+01
    0.5720000000D+02    0.9936390246D+00    0.1000000000D+01
    0.5730000000D+02    0.9936388289D+00    0.1000000000D+01
    0.5740000000D+02    0.9936386825D+00    0.1000000000D+01
    0.5750000000D+02    0.9936387428D+00    0.1000000000D+01
    0.5760000000D+02    0.9936390696D+00    0.1000000000D+01
    0.5770000000D+02    0.9936395665D+00    0.1000000000D+01
    0.5780000000D+02    0.9936400228D+00    0.1000000000D+01
    0.5790000000D+02    0.9936402380D+00    0.1000000000D+01
    0.5800000000D+02    0.9936401478D+00    0.1000000000D+01
    0.5810000000D+02    0.9936398636D+00    0.1000000000D+01
    0.5820000000D+02    0.9936396001D+00    0.1000000000D+01
    0.5830000000D+02    0.9936395422D+00    0.1000000000D+01
    0.5840000000D+02    0.9936397438D+00    0.1000000000D+01
    0.5850000000D+02    0.9936401188D+00    0.1000000000D+01
    0.5860000000D+02    0.9936405130D+00    0.1000000000D+01
    0.5870000000D+02    0.9936407944D+00    0.1000000000D+01
    0.5880000000D+02    0.9936409046D+00    0.1000000000D+01
    0.5890000000D+02    0.9936408605D+00    0.1000000000D+01
    0.5900000000D+02    0.9936407261D+00    0.1000000000D+01
    0.5910000000D+02    0.9936405841D+00    0.1000000000D+01
    0.5920000000D+02    0.9936405137D+00    0.1000000000D+01
    0.5930000000D+02    0.9936405705D+00    0.1000000000D+01
    0.5940000000D+02    0.9936407653D+00    0.1000000000D+01
    0.5950000000D+02    0.9936410515D+00    0.1000000000D+01
    0.5960000000D+02    0.9936413396D+00    0.1000000000D+01
    0.5970000000D+02    0.9936415391D+00    0.1000000000D+01
    0.5980000000D+02    0.9936416047D+00    0.1000000000D+01
    0.5990000000D+02    0.9936415570D+00    0.1000000000D+01
    0.6000000000D+02    0.9936414664D+00    0.1000000000D+01
    0.6010000000D+02    0.9936414145D+00    0.1000000000D+01
    0.6020000000D+02    0.9936414590D+00    0.1000000000D+01
    0.6030000000D+02    0.9936416167D+00    0.1000000000D+01
    0.6040000000D+02    0.9936418631D+00    0.1000000000D+01
    0.6050000000D+02    0.9936421430D+00    0.1000000000D+01
    0.6060000000D+02    0.9936423913D+00    0.1000000000D+01
    0.6070000000D+02    0.9936425577D+00    0.1000000000D+01
    0.6080000000D+02    0.9936426267D+00    0.1000000000D+01
    0.6090000000D+02    0.9936426211D+00    0.1000000000D+01
    0.6100000000D+02    0.9936425874D+00    0.1000000000D+01
    0.6110000000D+02    0.9936425731D+00    0.1000000000D+01
    0.6120000000D+02    0.9936426109D+00    0.1000000000D+01
    0.6130000000D+02    0.9936427167D+00    0.1000000000D+01
    0.6140000000D+02    0.9936428926D+00    0.1000000000D+01
    0.6150000000D+02    0.9936431238D+00    0.1000000000D+01
    0.6160000000D+02    0.9936433687D+00    0.1000000000D+01
    0.6170000000D+02    0.9936435595D+00    0.1000000000D+01
    0.6180000000D+02    0.9936436281D+00    0.1000000000D+01
    0.6190000000D+02    0.9936435523D+00    0.1000000000D+01
    0.6200000000D+02    0.9936433883D+00    0.1000000000D+01
    0.6210000000D+02    0.9936432564D+00    0.1000000000D+01
    0.6220000000D+02    0.9936432761D+00    0.1000000000D+01
    0.6230000000D+02    0.9936434911D+00    0.1000000000D+01
    0.6240000000D+02    0.9936438368D+00    0.1000000000D+01
    0.6250000000D+02    0.9936441772D+00    0.1000000000D+01
    0.6260000000D+02    0.9936443862D+00    0.1000000000D+01
    0.6270000000D+02    0.9936444149D+00    0.1000000000D+01
    0.6280000000D+02    0.9936443043D+00    0.1000000000D+01
    0.6290000000D+02    0.9936441473D+00    0.1000000000D+01
    0.6300000000D+02    0.9936440380D+00    0.1000000000D+01
    0.6310000000D+02    0.9936440417D+00    0.1000000000D+01
    0.6320000000D+02    0.9936441859D+00    0.1000000000D+01
    0.6330000000D+02    0.9936444564D+00    0.1000000000D+01
    0.6340000000D+02    0.9936447922D+00    0.1000000000D+01
    0.6350000000D+02    0.9936450940D+00    0.1000000000D+01
    0.6360000000D+02    0.9936452615D+00    0.1000000000D+01
    0.6370000000D+02    0.9936452475D+00    0.1000000000D+01
    0.6380000000D+02    0.9936450936D+00    0.1000000000D+01
    0.6390000000D+02    0.9936449162D+00    0.1000000000D+01
    0.6400000000D+02    0.9936448459D+00    0.1000000000D+01
    0.6410000000D+02    0.9936449564D+00    0.1000000000D+01
    0.6420000000D+02    0.9936452305D+00    0.1000000000D+01
    0.6430000000D+02    0.9936455804D+00    0.1000000000D+01
    0.6440000000D+02    0.9936459004D+00    0.1000000000D+01
    0.6450000000D+02    0.9936461136D+00    0.1000000000D+01
    0.6460000000D+02    0.9936461901D+00    0.1000000000D+01
    0.6470000000D+02    0.9936461432D+00    0.1000000000D+01
    0.6480000000D+02    0.9936460206D+00    0.1000000000D+01
    0.6490000000D+02    0.9936458962D+00    0.1000000000D+01
    0.6500000000D+02    0.9936458537D+00    0.1000000000D+01
    0.6510000000D+02    0.9936459552D+00    0.1000000000D+01
    0.6520000000D+02    0.9936462041D+00    0.1000000000D+01
    0.6530000000D+02    0.9936465307D+00    0.1000000000D+01
    0.6540000000D+02    0.9936468195D+00    0.1000000000D+01
    0.6550000000D+02    0.9936469707D+00    0.1000000000D+01
    0.6560000000D+02    0.9936469546D+00    0.1000000000D+01
    0.6570000000D+02    0.9936468238D+00    0.1000000000D+01
    0.6580000000D+02    0.9936466765D+00    0.1000000000D+01
    0.6590000000D+02    0.9936466028D+00    0.1000000000D+01
    0.6600000000D+02    0.9936466495D+00    0.1000000000D+01
    0.6610000000D+02    0.9936468145D+00    0.1000000000D+01
    0.6620000000D+02    0.9936470594D+00    0.1000000000D+01
    0.6630000000D+02    0.9936473233D+00    0.1000000000D+01
    0.6640000000D+02    0.9936475379D+00    0.1000000000D+01
    0.6650000000D+02    0.9936476480D+00    0.1000000000D+01
    0.6660000000D+02    0.9936476375D+00    0.1000000000D+01
    0.6670000000D+02    0.9936475436D+00    0.1000000000D+01
    0.6680000000D+02    0.9936474445D+00    0.1000000000D+01
    0.6690000000D+02    0.9936474213D+00    0.1000000000D+01
    0.6700000000D+02    0.9936475183D+00    0.1000000000D+01
    0.6710000000D+02    0.9936477252D+00    0.1000000000D+01
    0.6720000000D+02    0.9936479890D+00    0.1000000000D+01
    0.6730000000D+02    0.9936482422D+00    0.1000000000D+01
    0.6740000000D+02    0.9936484274D+00    0.1000000000D+01
    0.6750000000D+02    0.9936485116D+00    0.1000000000D+01
    0.6760000000D+02    0.9936484925D+00    0.1000000000D+01
    0.6770000000D+02    0.9936484017D+00    0.1000000000D+01
    0.6780000000D+02    0.9936483000D+00    0.1000000000D+01
    0.6790000000D+02    0.9936482565D+00    0.1000000000D+01
    0.6800000000D+02    0.9936483165D+00    0.1000000000D+01
    0.6810000000D+02    0.9936484777D+00    0.1000000000D+01
    0.6820000000D+02    0.9936486958D+00    0.1000000000D+01
    0.6830000000D+02    0.9936489125D+00    0.1000000000D+01
    0.6840000000D+02    0.9936490836D+00    0.1000000000D+01
    0.6850000000D+02    0.9936491846D+00    0.1000000000D+01
    0.6860000000D+02    0.9936492009D+00    0.1000000000D+01
    0.6870000000D+02    0.9936491255D+00    0.1000000000D+01
    0.6880000000D+02    0.9936489797D+00    0.1000000000D+01
    0.6890000000D+02    0.9936488366D+00    0.1000000000D+01
    0.6900000000D+02    0.9936488095D+00    0.1000000000D+01
    0.6910000000D+02    0.9936489886D+00    0.1000000000D+01
    0.6920000000D+02    0.9936493618D+00    0.1000000000D+01
    0.6930000000D+02    0.9936497896D+00    0.1000000000D+01
    0.6940000000D+02    0.9936500713D+00    0.1000000000D+01
    0.6950000000D+02    0.9936500705D+00    0.1000000000D+01
    0.6960000000D+02    0.9936498124D+00    0.1000000000D+01
    0.6970000000D+02    0.9936494784D+00    0.1000000000D+01
    0.6980000000D+02    0.9936492949D+00    0.1000000000D+01
    0.6990000000D+02    0.9936493927D+00    0.1000000000D+01
    0.7000000000D+02    0.9936497350D+00    0.1000000000D+01
    0.7010000000D+02    0.9936501564D+00    0.1000000000D+01
    0.7020000000D+02    0.9936504750D+00    0.1000000000D+01
    0.7030000000D+02    0.9936505945D+00    0.1000000000D+01
    0.7040000000D+02    0.9936505367D+00    0.1000000000D+01
    0.7050000000D+02    0.9936504025D+00    0.1000000000D+01
    0.7060000000D+02    0.9936503014D+00    0.1000000000D+01
    0.7070000000D+02    0.9936502967D+00    0.1000000000D+01
    0.7080000000D+02    0.9936503918D+00    0.1000000000D+01
    0.7090000000D+02    0.9936505485D+00    0.1000000000D+01
    0.7100000000D+02    0.9936507178D+00    0.1000000000D+01
    0.7110000000D+02    0.9936508615D+00    0.1000000000D+01
    0.7120000000D+02    0.9936509626D+00    0.1000000000D+01
    0.7130000000D+02    0.9936510241D+00    0.1000000000D+01
    0.7140000000D+02    0.9936510587D+00    0.1000000000D+01
    0.7150000000D+02    0.9936510757D+00    0.1000000000D+01
    0.7160000000D+02    0.9936510730D+00    0.1000000000D+01
    0.7170000000D+02    0.9936510462D+00    0.1000000000D+01
    0.7180000000D+02    0.9936510056D+00    0.1000000000D+01
    0.7190000000D+02    0.9936509837D+00    0.1000000000D+01
    0.7200000000D+02    0.9936510201D+00    0.1000000000D+01
    0.7210000000D+02    0.9936511314D+00    0.1000000000D+01
    0.7220000000D+02    0.9936512925D+00    0.1000000000D+01
    0.7230000000D+02    0.9936514475D+00    0.1000000000D+01
    0.7240000000D+02    0.9936515445D+00    0.1000000000D+01
    0.7250000000D+02    0.9936515687D+00    0.1000000000D+01
    0.7260000000D+02    0.9936515464D+00    0.1000000000D+01
    0.7270000000D+02    0.9936515230D+00    0.1000000000D+01
    0.7280000000D+02    0.9936515307D+00    0.1000000000D+01
    0.7290000000D+02    0.9936515752D+00    0.1000000000D+01
    0.7300000000D+02    0.9936516456D+00    0.1000000000D+01
    0.7310000000D+02    0.9936517344D+00    0.1000000000D+01
    0.7320000000D+02    0.9936518442D+00    0.1000000000D+01
    0.7330000000D+02    0.9936519747D+00    0.1000000000D+01
    0.7340000000D+02    0.9936521083D+00    0.1000000000D+01
    0.7350000000D+02    0.9936522134D+00    0.1000000000D+01
    0.7360000000D+02    0.9936522656D+00    0.1000000000D+01
    0.7370000000D+02    0.9936522645D+00    0.1000000000D+01
    0.7380000000D+02    0.9936522315D+00    0.1000000000D+01
    0.7390000000D+02    0.9936521937D+00    0.1000000000D+01
    0.7400000000D+02    0.9936521747D+00    0.1000000000D+01
    0.7410000000D+02    0.9936521974D+00    0.1000000000D+01
    0.7420000000D+02    0.9936522843D+00    0.1000000000D+01
    0.7430000000D+02    0.9936524403D+00    0.1000000000D+01
    0.7440000000D+02    0.9936526296D+00    0.1000000000D+01
    0.7450000000D+02    0.9936527765D+00    0.1000000000D+01
    0.7460000000D+02    0.9936528036D+00    0.1000000000D+01
    0.7470000000D+02    0.9936526879D+00    0.1000000000D+01
    0.7480000000D+02    0.9936524898D+00    0.1000000000D+01
    0.7490000000D+02    0.9936523267D+00    0.1000000000D+01
    0.7500000000D+02    0.9936523020D+00    0.1000000000D+01
    0.7510000000D+02    0.9936524417D+00    0.1000000000D+01
    0.7520000000D+02    0.9936526845D+00    0.1000000000D+01
    0.7530000000D+02    0.9936529304D+00    0.1000000000D+01
    0.7540000000D+02    0.9936531021D+00    0.1000000000D+01
    0.7550000000D+02    0.9936531734D+00    0.1000000000D+01
    0.7560000000D+02    0.9936531552D+00    0.1000000000D+01
    0.7570000000D+02    0.9936530704D+00    0.1000000000D+01
    0.7580000000D+02    0.9936529482D+00    0.1000000000D+01
    0.7590000000D+02    0.9936528366D+00    0.1000000000D+01
    0.7600000000D+02    0.9936528011D+00    0.1000000000D+01
    0.7610000000D+02    0.9936528940D+00    0.1000000000D+01
    0.7620000000D+02    0.9936531106D+00    0.1000000000D+01
    0.7630000000D+02    0.9936533743D+00    0.1000000000D+01
    0.7640000000D+02    0.9936535715D+00    0.1000000000D+01
    0.7650000000D+02    0.9936536181D+00    0.1000000000D+01
    0.7660000000D+02    0.9936535106D+00    0.1000000000D+01
    0.7670000000D+02    0.9936533258D+00    0.1000000000D+01
    0.7680000000D+02    0.9936531704D+00    0.1000000000D+01
    0.7690000000D+02    0.9936531197D+00    0.1000000000D+01
    0.7700000000D+02    0.9936531854D+00    0.1000000000D+01
    0.7710000000D+02    0.9936533283D+00    0.1000000000D+01
    0.7720000000D+02    0.9936534943D+00    0.1000000000D+01
    0.7730000000D+02    0.9936536403D+00    0.1000000000D+01
    0.7740000000D+02    0.9936537398D+00    0.1000000000D+01
    0.7750000000D+02    0.9936537789D+00    0.1000000000D+01
    0.7760000000D+02    0.9936537565D+00    0.1000000000D+01
    0.7770000000D+02    0.9936536876D+00    0.1000000000D+01
    0.7780000000D+02    0.9936536004D+00    0.1000000000D+01
    0.7790000000D+02    0.9936535268D+00    0.1000000000D+01
    0.7800000000D+02    0.9936534911D+00    0.1000000000D+01
    0.7810000000D+02    0.9936535057D+00    0.1000000000D+01
    0.7820000000D+02    0.9936535732D+00    0.1000000000D+01
    0.7830000000D+02    0.9936536877D+00    0.1000000000D+01
    0.7840000000D+02    0.9936538321D+00    0.1000000000D+01
    0.7850000000D+02    0.9936539733D+00    0.1000000000D+01
    0.7860000000D+02    0.9936540667D+00    0.1000000000D+01
    0.7870000000D+02    0.9936540732D+00    0.1000000000D+01
    0.7880000000D+02    0.9936539810D+00    0.1000000000D+01
    0.7890000000D+02    0.9936538192D+00    0.1000000000D+01
    0.7900000000D+02    0.9936536516D+00    0.1000000000D+01
    0.7910000000D+02    0.9936535550D+00    0.1000000000D+01
    0.7920000000D+02    0.9936535902D+00    0.1000000000D+01
    0.7930000000D+02    0.9936537766D+00    0.1000000000D+01
    0.7940000000D+02    0.9936540772D+00    0.1000000000D+01
    0.7950000000D+02    0.9936543975D+00    0.1000000000D+01
    0.7960000000D+02    0.9936546085D+00    0.1000000000D+01
    0.7970000000D+02    0.9936545961D+00    0.1000000000D+01
    0.7980000000D+02    0.9936543278D+00    0.1000000000D+01
    0.7990000000D+02    0.9936538976D+00    0.1000000000D+01
    0.8000000000D+02    0.9936535064D+00    0.1000000000D+01
    0.8010000000D+02    0.9936533641D+00    0.1000000000D+01
    0.8020000000D+02    0.9936535643D+00    0.1000000000D+01
    0.8030000000D+02    0.9936540177D+00    0.1000000000D+01
    0.8040000000D+02    0.9936544974D+00    0.1000000000D+01
    0.8050000000D+02    0.9936547706D+00    0.1000000000D+01
    0.8060000000D+02    0.9936547264D+00    0.1000000000D+01
    0.8070000000D+02    0.9936544194D+00    0.1000000000D+01
    0.8080000000D+02    0.9936540153D+00    0.1000000000D+01
    0.8090000000D+02    0.9936536907D+00    0.1000000000D+01
    0.8100000000D+02    0.9936535556D+00    0.1000000000D+01
    0.8110000000D+02    0.9936536327D+00    0.1000000000D+01
    0.8120000000D+02    0.9936538783D+00    0.1000000000D+01
    0.8130000000D+02    0.9936542107D+00    0.1000000000D+01
    0.8140000000D+02    0.9936545280D+00    0.1000000000D+01
    0.8150000000D+02    0.9936547244D+00    0.1000000000D+01
    0.8160000000D+02    0.9936547221D+00    0.1000000000D+01
    0.8170000000D+02    0.9936545129D+00    0.1000000000D+01
    0.8180000000D+02    0.9936541779D+00    0.1000000000D+01
    0.8190000000D+02    0.9936538603D+00    0.1000000000D+01
    0.8200000000D+02    0.9936536965D+00    0.1000000000D+01
    0.8210000000D+02    0.9936537486D+00    0.1000000000D+01
    0.8220000000D+02    0.9936539808D+00    0.1000000000D+01
    0.8230000000D+02    0.9936542889D+00    0.1000000000D+01
    0.8240000000D+02    0.9936545556D+00    0.1000000000D+01
    0.8250000000D+02    0.9936546942D+00    0.1000000000D+01
    0.8260000000D+02    0.9936546671D+00    0.1000000000D+01
    0.8270000000D+02    0.9936544877D+00    0.1000000000D+01
    0.8280000000D+02    0.9936542164D+00    0.1000000000D+01
    0.8290000000D+02    0.9936539472D+00    0.1000000000D+01
    0.8300000000D+02    0.9936537776D+00    0.1000000000D+01
    0.8310000000D+02    0.9936537682D+00    0.1000000000D+01
    0.8320000000D+02    0.9936539164D+00    0.1000000000D+01
    0.8330000000D+02    0.9936541608D+00    0.1000000000D+01
    0.8340000000D+02    0.9936544118D+00    0.1000000000D+01
    0.8350000000D+02    0.9936545874D+00    0.1000000000D+01
    0.8360000000D+02    0.9936546359D+00    0.1000000000D+01
    0.8370000000D+02    0.9936545430D+00    0.1000000000D+01
    0.8380000000D+02    0.9936543326D+00    0.1000000000D+01
    0.8390000000D+02    0.9936540657D+00    0.1000000000D+01
    0.8400000000D+02    0.9936538319D+00    0.1000000000D+01
    0.8410000000D+02    0.9936537229D+00    0.1000000000D+01
    0.8420000000D+02    0.9936537909D+00    0.1000000000D+01
    0.8430000000D+02    0.9936540123D+00    0.1000000000D+01
    0.8440000000D+02    0.9936542879D+00    0.1000000000D+01
    0.8450000000D+02    0.9936544899D+00    0.1000000000D+01
    0.8460000000D+02    0.9936545289D+00    0.1000000000D+01
    0.8470000000D+02    0.9936543972D+00    0.1000000000D+01
    0.8480000000D+02    0.9936541621D+00    0.1000000000D+01
    0.8490000000D+02    0.9936539206D+00    0.1000000000D+01
    0.8500000000D+02    0.9936537490D+00    0.1000000000D+01
    0.8510000000D+02    0.9936536787D+00    0.1000000000D+01
    0.8520000000D+02    0.9936537015D+00    0.1000000000D+01
    0.8530000000D+02    0.9936537894D+00    0.1000000000D+01
    0.8540000000D+02    0.9936539100D+00    0.1000000000D+01
    0.8550000000D+02    0.9936540324D+00    0.1000000000D+01
    0.8560000000D+02    0.9936541292D+00    0.1000000000D+01
    0.8570000000D+02    0.9936541774D+00    0.1000000000D+01
    0.8580000000D+02    0.9936541584D+00    0.1000000000D+01
    0.8590000000D+02    0.9936540602D+00    0.1000000000D+01
    0.8600000000D+02    0.9936538839D+00    0.1000000000D+01
    0.8610000000D+02    0.9936536589D+00    0.1000000000D+01
    0.8620000000D+02    0.9936534543D+00    0.1000000000D+01
    0.8630000000D+02    0.9936533663D+00    0.1000000000D+01
    0.8640000000D+02    0.9936534726D+00    0.1000000000D+01
    0.8650000000D+02    0.9936537686D+00    0.1000000000D+01
    0.8660000000D+02    0.9936541352D+00    0.1000000000D+01
    0.8670000000D+02    0.9936543804D+00    0.1000000000D+01
    0.8680000000D+02    0.9936543482D+00    0.1000000000D+01
    0.8690000000D+02    0.9936540254D+00    0.1000000000D+01
    0.8700000000D+02    0.9936535647D+00    0.1000000000D+01
    0.8710000000D+02    0.9936531983D+00    0.1000000000D+01
    0.8720000000D+02    0.9936530972D+00    0.1000000000D+01
    0.8730000000D+02    0.9936532736D+00    0.1000000000D+01
    0.8740000000D+02    0.9936535901D+00    0.1000000000D+01
    0.8750000000D+02    0.9936538598D+00    0.1000000000D+01
    0.8760000000D+02    0.9936539589D+00    0.1000000000D+01
    0.8770000000D+02    0.9936538778D+00    0.1000000000D+01
    0.8780000000D+02    0.9936536921D+00    0.1000000000D+01
    0.8790000000D+02    0.9936534916D+00    0.1000000000D+01
    0.8800000000D+02    0.9936533289D+00    0.1000000000D+01
    0.8810000000D+02    0.9936532138D+00    0.1000000000D+01
    0.8820000000D+02    0.9936531404D+00    0.1000000000D+01
    0.8830000000D+02    0.9936531091D+00    0.1000000000D+01
    0.8840000000D+02    0.9936531249D+00    0.1000000000D+01
    0.8850000000D+02    0.9936531818D+00    0.1000000000D+01
    0.8860000000D+02    0.9936532572D+00    0.1000000000D+01
    0.8870000000D+02    0.9936533222D+00    0.1000000000D+01
    0.8880000000D+02    0.9936533534D+00    0.1000000000D+01
    0.8890000000D+02    0.9936533369D+00    0.1000000000D+01
    0.8900000000D+02    0.9936532651D+00    0.1000000000D+01
    0.8910000000D+02    0.9936531394D+00    0.1000000000D+01
    0.8920000000D+02    0.9936529784D+00    0.1000000000D+01
    0.8930000000D+02    0.9936528206D+00    0.1000000000D+01
    0.8940000000D+02    0.9936527147D+00    0.1000000000D+01
    0.8950000000D+02    0.9936526985D+00    0.1000000000D+01
    0.8960000000D+02    0.9936527796D+00    0.1000000000D+01
    0.8970000000D+02    0.9936529296D+00    0.1000000000D+01
    0.8980000000D+02    0.9936530932D+00    0.1000000000D+01
    0.8990000000D+02    0.9936532070D+00    0.1000000000D+01
    0.9000000000D+02    0.9936532184D+00    0.1000000000D+01
    0.9010000000D+02    0.9936531002D+00    0.1000000000D+01
    0.9020000000D+02    0.9936528646D+00    0.1000000000D+01
    0.9030000000D+02    0.9936525711D+00    0.1000000000D+01
    0.9040000000D+02    0.9936523159D+00    0.1000000000D+01
    0.9050000000D+02    0.9936521944D+00    0.1000000000D+01
    0.9060000000D+02    0.9936522519D+00    0.1000000000D+01
    0.9070000000D+02    0.9936524549D+00    0.1000000000D+01
    0.9080000000D+02    0.9936527053D+00    0.1000000000D+01
    0.9090000000D+02    0.9936528888D+00    0.1000000000D+01
    0.9100000000D+02    0.9936529233D+00    0.1000000000D+01
    0.9110000000D+02    0.9936527809D+00    0.1000000000D+01
    0.9120000000D+02    0.9936524834D+00    0.1000000000D+01
    0.9130000000D+02    0.9936520943D+00    0.1000000000D+01
    0.9140000000D+02    0.9936517156D+00    0.1000000000D+01
    0.9150000000D+02    0.9936514764D+00    0.1000000000D+01
    0.9160000000D+02    0.9936514878D+00    0.1000000000D+01
    0.9170000000D+02    0.9936517727D+00    0.1000000000D+01
    0.9180000000D+02    0.9936522195D+00    0.1000000000D+01
    0.9190000000D+02    0.9936526122D+00    0.1000000000D+01
    0.9200000000D+02    0.9936527394D+00    0.1000000000D+01
    0.9210000000D+02    0.9936525152D+00    0.1000000000D+01
    0.9220000000D+02    0.9936520318D+00    0.1000000000D+01
    0.9230000000D+02    0.9936515048D+00    0.1000000000D+01
    0.9240000000D+02    0.9936511514D+00    0.1000000000D+01
    0.9250000000D+02    0.9936510794D+00    0.1000000000D+01
    0.9260000000D+02    0.9936512530D+00    0.1000000000D+01
    0.9270000000D+02    0.9936515430D+00    0.1000000000D+01
    0.9280000000D+02    0.9936518099D+00    0.1000000000D+01
    0.9290000000D+02    0.9936519620D+00    0.1000000000D+01
    0.9300000000D+02    0.9936519642D+00    0.1000000000D+01
    0.9310000000D+02    0.9936518202D+00    0.1000000000D+01
    0.9320000000D+02    0.9936515617D+00    0.1000000000D+01
    0.9330000000D+02    0.9936512492D+00    0.1000000000D+01
    0.9340000000D+02    0.9936509650D+00    0.1000000000D+01
    0.9350000000D+02    0.9936507874D+00    0.1000000000D+01
    0.9360000000D+02    0.9936507576D+00    0.1000000000D+01
    0.9370000000D+02    0.9936508629D+00    0.1000000000D+01
    0.9380000000D+02    0.9936510453D+00    0.1000000000D+01
    0.9390000000D+02    0.9936512258D+00    0.1000000000D+01
    0.9400000000D+02    0.9936513290D+00    0.1000000000D+01
    0.9410000000D+02    0.9936513009D+00    0.1000000000D+01
    0.9420000000D+02    0.9936511245D+00    0.1000000000D+01
    0.9430000000D+02    0.9936508300D+00    0.1000000000D+01
    0.9440000000D+02    0.9936504961D+00    0.1000000000D+01
    0.9450000000D+02    0.9936502266D+00    0.1000000000D+01
    0.9460000000D+02    0.9936501080D+00    0.1000000000D+01
    0.9470000000D+02    0.9936501643D+00    0.1000000000D+01
    0.9480000000D+02    0.9936503411D+00    0.1000000000D+01
    0.9490000000D+02    0.9936505327D+00    0.1000000000D+01
    0.9500000000D+02    0.9936506394D+00    0.1000000000D+01
    0.9510000000D+02    0.9936506170D+00    0.1000000000D+01
    0.9520000000D+02    0.9936504889D+00    0.1000000000D+01
    0.9530000000D+02    0.9936503178D+00    0.1000000000D+01
    0.9540000000D+02    0.9936501618D+00    0.1000000000D+01
    0.9550000000D+02    0.9936500469D+00    0.1000000000D+01
    0.9560000000D+02    0.9936499663D+00    0.1000000000D+01
    0.9570000000D+02    0.9936499003D+00    0.1000000000D+01
    0.9580000000D+02    0.9936498381D+00    0.1000000000D+01
    0.9590000000D+02    0.9936497860D+00    0.1000000000D+01
    0.9600000000D+02    0.9936497614D+00    0.1000000000D+01
    0.9610000000D+02    0.9936497779D+00    0.1000000000D+01
    0.9620000000D+02    0.9936498312D+00    0.1000000000D+01
    0.9630000000D+02    0.9936498906D+00    0.1000000000D+01
    0.9640000000D+02    0.9936499030D+00    0.1000000000D+01
    0.9650000000D+02    0.9936498127D+00    0.1000000000D+01
    0.9660000000D+02    0.9936495944D+00    0.1000000000D+01
    0.9670000000D+02    0.9936492795D+00    0.1000000000D+01
    0.9680000000D+02    0.9936489544D+00    0.1000000000D+01
    0.9690000000D+02    0.9936487244D+00    0.1000000000D+01
    0.9700000000D+02    0.9936486641D+00    0.1000000000D+01
    0.9710000000D+02    0.9936487829D+00    0.1000000000D+01
    0.9720000000D+02    0.9936490230D+00    0.1000000000D+01
    0.9730000000D+02    0.9936492825D+00    0.1000000000D+01
    0.9740000000D+02    0.9936494476D+00    0.1000000000D+01
    0.9750000000D+02    0.9936494216D+00    0.1000000000D+01
    0.9760000000D+02    0.9936491550D+00    0.1000000000D+01
    0.9770000000D+02    0.9936486786D+00    0.1000000000D+01
    0.9780000000D+02    0.9936481231D+00    0.1000000000D+01
    0.9790000000D+02    0.9936476928D+00    0.1000000000D+01
    0.9800000000D+02    0.9936475793D+00    0.1000000000D+01
    0.9810000000D+02    0.9936478490D+00    0.1000000000D+01
    0.9820000000D+02    0.9936483792D+00    0.1000000000D+01
    0.9830000000D+02    0.9936489022D+00    0.1000000000D+01
    0.9840000000D+02    0.9936491437D+00    0.1000000000D+01
    0.9850000000D+02    0.9936489731D+00    0.1000000000D+01
    0.9860000000D+02    0.9936484688D+00    0.1000000000D+01
    0.9870000000D+02    0.9936478599D+00    0.1000000000D+01
    0.9880000000D+02    0.9936473896D+00    0.1000000000D+01
    0.9890000000D+02    0.9936471928D+00    0.1000000000D+01
    0.9900000000D+02    0.9936472581D+00    0.1000000000D+01
    0.9910000000D+02    0.9936474760D+00    0.1000000000D+01
    0.9920000000D+02    0.9936477210D+00    0.1000000000D+01
    0.9930000000D+02    0.9936479048D+00    0.1000000000D+01
    0.9940000000D+02    0.9936479837D+00    0.1000000000D+01
    0.9950000000D+02    0.9936479389D+00    0.1000000000D+01
    0.9960000000D+02    0.9936477671D+00    0.1000000000D+01
    0.9970000000D+02    0.9936474908D+00    0.1000000000D+01
    0.9980000000D+02    0.9936471675D+00    0.1000000000D+01
    0.9990000000D+02    0.9936468739D+00    0.1000000000D+01
    0.1000000000D+03    0.9936466718D+00    0.1000000000D+01
