  0.000000000000000E+000   1.00000000000000     
  0.250000000000000       0.999788449150796     
  0.500000000000000       0.999248539440554     
  0.750000000000000       0.998482054119434     
   1.00000000000000       0.997602326628949     
   1.25000000000000       0.996711383127812     
   1.50000000000000       0.995885570552921     
   1.75000000000000       0.995170339646996     
   2.00000000000000       0.994583804260709     
   2.25000000000000       0.994124603143670     
   2.50000000000000       0.993779973860128     
   2.75000000000000       0.993532048370947     
   3.00000000000000       0.993361984966042     
   3.25000000000000       0.993252296910465     
   3.50000000000000       0.993187923723402     
   3.75000000000000       0.993156527805797     
   4.00000000000000       0.993148367119670     
   4.25000000000000       0.993155970875642     
   4.50000000000000       0.993173752313129     
   4.75000000000000       0.993197630568783     
   5.00000000000000       0.993224695309787     
   5.25000000000000       0.993252925770960     
   5.50000000000000       0.993280964138036     
   5.75000000000000       0.993307937713965     
   6.00000000000000       0.993333322299090     
   6.25000000000000       0.993356839054967     
   6.50000000000000       0.993378377834574     
   6.75000000000000       0.993397941005878     
   7.00000000000000       0.993415602886232     
   7.25000000000000       0.993431480905799     
   7.50000000000000       0.993445715475960     
   7.75000000000000       0.993458456243667     
   8.00000000000000       0.993469852975955     
   8.25000000000000       0.993480049759821     
   8.50000000000000       0.993489181542556     
   8.75000000000000       0.993497372296497     
   9.00000000000000       0.993504734287255     
   9.25000000000000       0.993511368070287     
   9.50000000000000       0.993517362948669     
   9.75000000000000       0.993522797704424     
   10.0000000000000       0.993527741473685     
   10.2500000000000       0.993532254677946     
   10.5000000000000       0.993536389953715     
   10.7500000000000       0.993540193044197     
   11.0000000000000       0.993543703631592     
   11.2500000000000       0.993546956098853     
   11.5000000000000       0.993549980216719     
   11.7500000000000       0.993552801756347     
   12.0000000000000       0.993555443030743     
   12.2500000000000       0.993557923369848     
   12.5000000000000       0.993560259535006     
   12.7500000000000       0.993562466078824     
   13.0000000000000       0.993564555656406     
   13.2500000000000       0.993566539293682     
   13.5000000000000       0.993568426618129     
   13.7500000000000       0.993570226056735     
   14.0000000000000       0.993571945005561     
   14.2500000000000       0.993573589974784     
   14.5000000000000       0.993575166712626     
   14.7500000000000       0.993576680311188     
   15.0000000000000       0.993578135296751     
   15.2500000000000       0.993579535706846     
   15.5000000000000       0.993580885156003     
   15.7500000000000       0.993582186891873     
   16.0000000000000       0.993583443843139     
   16.2500000000000       0.993584658660460     
   16.5000000000000       0.993585833751484     
   16.7500000000000       0.993586971310819     
   17.0000000000000       0.993588073345729     
   17.2500000000000       0.993589141698185     
   17.5000000000000       0.993590178063846     
   17.7500000000000       0.993591184008391     
   18.0000000000000       0.993592160981636     
   18.2500000000000       0.993593110329745     
   18.5000000000000       0.993594033305828     
   18.7500000000000       0.993594931079149     
   19.0000000000000       0.993595804743172     
   19.2500000000000       0.993596655322595     
   19.5000000000000       0.993597483779520     
   19.7500000000000       0.993598291018891     
   20.0000000000000       0.993599077893298     
   20.2500000000000       0.993599845207231     
   20.5000000000000       0.993600593720869     
   20.7500000000000       0.993601324153461     
   21.0000000000000       0.993602037186350     
   21.2500000000000       0.993602733465698     
   21.5000000000000       0.993603413604940     
   21.7500000000000       0.993604078187003     
   22.0000000000000       0.993604727766322     
   22.2500000000000       0.993605362870675     
   22.5000000000000       0.993605984002864     
   22.7500000000000       0.993606591642243     
   23.0000000000000       0.993607186246138     
   23.2500000000000       0.993607768251132     
   23.5000000000000       0.993608338074279     
   23.7500000000000       0.993608896114198     
   24.0000000000000       0.993609442752116     
   24.2500000000000       0.993609978352808     
   24.5000000000000       0.993610503265496     
   24.7500000000000       0.993611017824675     
   25.0000000000000       0.993611522350882     
   25.2500000000000       0.993612017151426     
   25.5000000000000       0.993612502521056     
   25.7500000000000       0.993612978742608     
   26.0000000000000       0.993613446087592     
   26.2500000000000       0.993613904816750     
   26.5000000000000       0.993614355180592     
   26.7500000000000       0.993614797419884     
   27.0000000000000       0.993615231766117     
   27.2500000000000       0.993615658441947     
   27.5000000000000       0.993616077661614     
   27.7500000000000       0.993616489631326     
   28.0000000000000       0.993616894549641     
   28.2500000000000       0.993617292607809     
   28.5000000000000       0.993617683990107     
   28.7500000000000       0.993618068874152     
   29.0000000000000       0.993618447431198     
   29.2500000000000       0.993618819826420     
   29.5000000000000       0.993619186219179     
   29.7500000000000       0.993619546763274     
   30.0000000000000       0.993619901607186     
   30.2500000000000       0.993620250894303     
   30.5000000000000       0.993620594763137     
   30.7500000000000       0.993620933347531     
   31.0000000000000       0.993621266776856     
   31.2500000000000       0.993621595176191     
   31.5000000000000       0.993621918666507     
   31.7500000000000       0.993622237364829     
   32.0000000000000       0.993622551384401     
   32.2500000000000       0.993622860834837     
   32.5000000000000       0.993623165822263     
   32.7500000000000       0.993623466449460     
   33.0000000000000       0.993623762815995     
   33.2500000000000       0.993624055018342     
   33.5000000000000       0.993624343150008     
   33.7500000000000       0.993624627301645     
   34.0000000000000       0.993624907561158     
   34.2500000000000       0.993625184013810     
   34.5000000000000       0.993625456742321     
   34.7500000000000       0.993625725826966     
   35.0000000000000       0.993625991345662     
   35.2500000000000       0.993626253374056     
   35.5000000000000       0.993626511985608     
   35.7500000000000       0.993626767251674     
   36.0000000000000       0.993627019241574     
   36.2500000000000       0.993627268022672     
   36.5000000000000       0.993627513660443     
   36.7500000000000       0.993627756218540     
   37.0000000000000       0.993627995758855     
   37.2500000000000       0.993628232341584     
   37.5000000000000       0.993628466025286     
   37.7500000000000       0.993628696866935     
   38.0000000000000       0.993628924921975     
   38.2500000000000       0.993629150244376     
   38.5000000000000       0.993629372886680     
   38.7500000000000       0.993629592900047     
   39.0000000000000       0.993629810334305     
   39.2500000000000       0.993630025237991     
   39.5000000000000       0.993630237658392     
   39.7500000000000       0.993630447641592     
   40.0000000000000       0.993630655232500     
   40.2500000000000       0.993630860474897     
   40.5000000000000       0.993631063411470     
   40.7500000000000       0.993631264083843     
   41.0000000000000       0.993631462532612     
   41.2500000000000       0.993631658797379     
   41.5000000000000       0.993631852916780     
   41.7500000000000       0.993632044928519     
   42.0000000000000       0.993632234869390     
   42.2500000000000       0.993632422775309     
   42.5000000000000       0.993632608681341     
   42.7500000000000       0.993632792621723     
   43.0000000000000       0.993632974629890     
   43.2500000000000       0.993633154738499     
   43.5000000000000       0.993633332979452     
   43.7500000000000       0.993633509383916     
   44.0000000000000       0.993633683982347     
   44.2500000000000       0.993633856804509     
   44.5000000000000       0.993634027879494     
   44.7500000000000       0.993634197235743     
   45.0000000000000       0.993634364901061     
   45.2500000000000       0.993634530902639     
   45.5000000000000       0.993634695267067     
   45.7500000000000       0.993634858020355     
   46.0000000000000       0.993635019187944     
   46.2500000000000       0.993635178794727     
   46.5000000000000       0.993635336865063     
   46.7500000000000       0.993635493422784     
   47.0000000000000       0.993635648491223     
   47.2500000000000       0.993635802093215     
   47.5000000000000       0.993635954251115     
   47.7500000000000       0.993636104986814     
   48.0000000000000       0.993636254321744     
   48.2500000000000       0.993636402276898     
   48.5000000000000       0.993636548872836     
   48.7500000000000       0.993636694129698     
   49.0000000000000       0.993636838067214     
   49.2500000000000       0.993636980704718     
   49.5000000000000       0.993637122061152     
   49.7500000000000       0.993637262155083     
   50.0000000000000       0.993637401004706     
   50.2500000000000       0.993637538627858     
   50.5000000000000       0.993637675042025     
   50.7500000000000       0.993637810264349     
   51.0000000000000       0.993637944311644     
   51.2500000000000       0.993638077200391     
   51.5000000000000       0.993638208946760     
   51.7500000000000       0.993638339566608     
   52.0000000000000       0.993638469075492     
   52.2500000000000       0.993638597488672     
   52.5000000000000       0.993638724821122     
   52.7500000000000       0.993638851087536     
   53.0000000000000       0.993638976302331     
   53.2500000000000       0.993639100479657     
   53.5000000000000       0.993639223633405     
   53.7500000000000       0.993639345777208     
   54.0000000000000       0.993639466924453     
   54.2500000000000       0.993639587088278     
   54.5000000000000       0.993639706281587     
   54.7500000000000       0.993639824517055     
   55.0000000000000       0.993639941807121     
   55.2500000000000       0.993640058164008     
   55.5000000000000       0.993640173599721     
   55.7500000000000       0.993640288126053     
   56.0000000000000       0.993640401754589     
   56.2500000000000       0.993640514496711     
   56.5000000000000       0.993640626363603     
   56.7500000000000       0.993640737366256     
   57.0000000000000       0.993640847515473     
   57.2500000000000       0.993640956821866     
   57.5000000000000       0.993641065295870     
   57.7500000000000       0.993641172947741     
   58.0000000000000       0.993641279787562     
   58.2500000000000       0.993641385825249     
   58.5000000000000       0.993641491070544     
   58.7500000000000       0.993641595533033     
   59.0000000000000       0.993641699222140     
   59.2500000000000       0.993641802147134     
   59.5000000000000       0.993641904317133     
   59.7500000000000       0.993642005741100     
   60.0000000000000       0.993642106427856     
   60.2500000000000       0.993642206386078     
   60.5000000000000       0.993642305624302     
   60.7500000000000       0.993642404150928     
   61.0000000000000       0.993642501974219     
   61.2500000000000       0.993642599102308     
   61.5000000000000       0.993642695543197     
   61.7500000000000       0.993642791304761     
   62.0000000000000       0.993642886394753     
   62.2500000000000       0.993642980820806     
   62.5000000000000       0.993643074590428     
   62.7500000000000       0.993643167711014     
   63.0000000000000       0.993643260189844     
   63.2500000000000       0.993643352034084     
   63.5000000000000       0.993643443250793     
   63.7500000000000       0.993643533846920     
   64.0000000000000       0.993643623829310     
   64.2500000000000       0.993643713204699     
   64.5000000000000       0.993643801979728     
   64.7500000000000       0.993643890160933     
   65.0000000000000       0.993643977754755     
   65.2500000000000       0.993644064767536     
   65.5000000000000       0.993644151205529     
   65.7500000000000       0.993644237074890     
   66.0000000000000       0.993644322381684     
   66.2500000000000       0.993644407131890     
   66.5000000000000       0.993644491331396     
   66.7500000000000       0.993644574986006     
   67.0000000000000       0.993644658101441     
   67.2500000000000       0.993644740683339     
   67.5000000000000       0.993644822737256     
   67.7500000000000       0.993644904268668     
   68.0000000000000       0.993644985282973     
   68.2500000000000       0.993645065785492     
   68.5000000000000       0.993645145781472     
   68.7500000000000       0.993645225276084     
   69.0000000000000       0.993645304274429     
   69.2500000000000       0.993645382781535     
   69.5000000000000       0.993645460802360     
   69.7500000000000       0.993645538341792     
   70.0000000000000       0.993645615404652     
   70.2500000000000       0.993645691995695     
   70.5000000000000       0.993645768119611     
   70.7500000000000       0.993645843781024     
   71.0000000000000       0.993645918984497     
   71.2500000000000       0.993645993734531     
   71.5000000000000       0.993646068035565     
   71.7500000000000       0.993646141891978     
   72.0000000000000       0.993646215308092     
   72.2500000000000       0.993646288288167     
   72.5000000000000       0.993646360836411     
   72.7500000000000       0.993646432956973     
   73.0000000000000       0.993646504653948     
   73.2500000000000       0.993646575931378     
   73.5000000000000       0.993646646793251     
   73.7500000000000       0.993646717243502     
   74.0000000000000       0.993646787286018     
   74.2500000000000       0.993646856924629     
   74.5000000000000       0.993646926163122     
   74.7500000000000       0.993646995005230     
   75.0000000000000       0.993647063454642     
   75.2500000000000       0.993647131514997     
   75.5000000000000       0.993647199189890     
   75.7500000000000       0.993647266482867     
   76.0000000000000       0.993647333397432     
   76.2500000000000       0.993647399937043     
   76.5000000000000       0.993647466105117     
   76.7500000000000       0.993647531905024     
   77.0000000000000       0.993647597340094     
   77.2500000000000       0.993647662413616     
   77.5000000000000       0.993647727128837     
   77.7500000000000       0.993647791488965     
   78.0000000000000       0.993647855497166     
   78.2500000000000       0.993647919156571     
   78.5000000000000       0.993647982470269     
   78.7500000000000       0.993648045441314     
   79.0000000000000       0.993648108072720     
   79.2500000000000       0.993648170367469     
   79.5000000000000       0.993648232328501     
   79.7500000000000       0.993648293958725     
   80.0000000000000       0.993648355261013     
   80.2500000000000       0.993648416238202     
   80.5000000000000       0.993648476893098     
   80.7500000000000       0.993648537228471     
   81.0000000000000       0.993648597247059     
   81.2500000000000       0.993648656951567     
   81.5000000000000       0.993648716344671     
   81.7500000000000       0.993648775429012     
   82.0000000000000       0.993648834207202     
   82.2500000000000       0.993648892681821     
   82.5000000000000       0.993648950855423     
   82.7500000000000       0.993649008730528     
   83.0000000000000       0.993649066309627     
   83.2500000000000       0.993649123595185     
   83.5000000000000       0.993649180589636     
   83.7500000000000       0.993649237295389     
   84.0000000000000       0.993649293714823     
   84.2500000000000       0.993649349850291     
   84.5000000000000       0.993649405704120     
   84.7500000000000       0.993649461278610     
   85.0000000000000       0.993649516576034     
   85.2500000000000       0.993649571598642     
   85.5000000000000       0.993649626348656     
   85.7500000000000       0.993649680828276     
   86.0000000000000       0.993649735039676     
   86.2500000000000       0.993649788985006     
   86.5000000000000       0.993649842666392     
   86.7500000000000       0.993649896085935     
   87.0000000000000       0.993649949245716     
   87.2500000000000       0.993650002147793     
   87.5000000000000       0.993650054794198     
   87.7500000000000       0.993650107186944     
   88.0000000000000       0.993650159328022     
   88.2500000000000       0.993650211219401     
   88.5000000000000       0.993650262863028     
   88.7500000000000       0.993650314260830     
   89.0000000000000       0.993650365414712     
   89.2500000000000       0.993650416326559     
   89.5000000000000       0.993650466998238     
   89.7500000000000       0.993650517431595     
   90.0000000000000       0.993650567628457     
   90.2500000000000       0.993650617590627     
   90.5000000000000       0.993650667319895     
   90.7500000000000       0.993650716818029     
   91.0000000000000       0.993650766086779     
   91.2500000000000       0.993650815127878     
   91.5000000000000       0.993650863943038     
   91.7500000000000       0.993650912533958     
   92.0000000000000       0.993650960902315     
   92.2500000000000       0.993651009049769     
   92.5000000000000       0.993651056977965     
   92.7500000000000       0.993651104688531     
   93.0000000000000       0.993651152183077     
   93.2500000000000       0.993651199463196     
   93.5000000000000       0.993651246530468     
   93.7500000000000       0.993651293386453     
   94.0000000000000       0.993651340032697     
   94.2500000000000       0.993651386470731     
   94.5000000000000       0.993651432702071     
   94.7500000000000       0.993651478728216     
   95.0000000000000       0.993651524550650     
   95.2500000000000       0.993651570170843     
   95.5000000000000       0.993651615590250     
   95.7500000000000       0.993651660810313     
   96.0000000000000       0.993651705832457     
   96.2500000000000       0.993651750658094     
   96.5000000000000       0.993651795288623     
   96.7500000000000       0.993651839725430     
   97.0000000000000       0.993651883969884     
   97.2500000000000       0.993651928023345     
   97.5000000000000       0.993651971887155     
   97.7500000000000       0.993652015562647     
   98.0000000000000       0.993652059051140     
   98.2500000000000       0.993652102353938     
   98.5000000000000       0.993652145472335     
   98.7500000000000       0.993652188407612     
   99.0000000000000       0.993652231161037     
   99.2500000000000       0.993652273733866     
   99.5000000000000       0.993652316127344     
   99.7500000000000       0.993652358342705     
   100.000000000000       0.993652400381168     
   100.250000000000       0.993652442243942     
   100.500000000000       0.993652483932226     
   100.750000000000       0.993652525447205     
   101.000000000000       0.993652566790055     
   101.250000000000       0.993652607961939     
   101.500000000000       0.993652648964013     
   101.750000000000       0.993652689797418     
   102.000000000000       0.993652730463286     
   102.250000000000       0.993652770962739     
   102.500000000000       0.993652811296888     
   102.750000000000       0.993652851466835     
   103.000000000000       0.993652891473669     
   103.250000000000       0.993652931318472     
   103.500000000000       0.993652971002316     
   103.750000000000       0.993653010526259     
   104.000000000000       0.993653049891355     
   104.250000000000       0.993653089098646     
   104.500000000000       0.993653128149163     
   104.750000000000       0.993653167043930     
   105.000000000000       0.993653205783960     
   105.250000000000       0.993653244370259     
   105.500000000000       0.993653282803823     
   105.750000000000       0.993653321085638     
   106.000000000000       0.993653359216684     
   106.250000000000       0.993653397197927     
   106.500000000000       0.993653435030331     
   106.750000000000       0.993653472714845     
   107.000000000000       0.993653510252415     
   107.250000000000       0.993653547643976     
   107.500000000000       0.993653584890454     
   107.750000000000       0.993653621992769     
   108.000000000000       0.993653658951832     
   108.250000000000       0.993653695768546     
   108.500000000000       0.993653732443807     
   108.750000000000       0.993653768978500     
   109.000000000000       0.993653805373508     
   109.250000000000       0.993653841629701     
   109.500000000000       0.993653877747943     
   109.750000000000       0.993653913729093     
   110.000000000000       0.993653949574000     
   110.250000000000       0.993653985283506     
   110.500000000000       0.993654020858447     
   110.750000000000       0.993654056299651     
   111.000000000000       0.993654091607939     
   111.250000000000       0.993654126784126     
   111.500000000000       0.993654161829018     
   111.750000000000       0.993654196743415     
   112.000000000000       0.993654231528113     
   112.250000000000       0.993654266183897     
   112.500000000000       0.993654300711548     
   112.750000000000       0.993654335111840     
   113.000000000000       0.993654369385541     
   113.250000000000       0.993654403533412     
   113.500000000000       0.993654437556208     
   113.750000000000       0.993654471454676     
   114.000000000000       0.993654505229558     
   114.250000000000       0.993654538881591     
   114.500000000000       0.993654572411506     
   114.750000000000       0.993654605820025     
   115.000000000000       0.993654639107867     
   115.250000000000       0.993654672275745     
   115.500000000000       0.993654705324364     
   115.750000000000       0.993654738254425     
   116.000000000000       0.993654771066624     
   116.250000000000       0.993654803761649     
   116.500000000000       0.993654836340185     
   116.750000000000       0.993654868802910     
   117.000000000000       0.993654901150496     
   117.250000000000       0.993654933383611     
   117.500000000000       0.993654965502917     
   117.750000000000       0.993654997509070     
   118.000000000000       0.993655029402723     
   118.250000000000       0.993655061184520     
   118.500000000000       0.993655092855105     
   118.750000000000       0.993655124415112     
   119.000000000000       0.993655155865173     
   119.250000000000       0.993655187205915     
   119.500000000000       0.993655218437956     
   119.750000000000       0.993655249561916     
   120.000000000000       0.993655280578403     
   120.250000000000       0.993655311488026     
   120.500000000000       0.993655342291386     
   120.750000000000       0.993655372989080     
   121.000000000000       0.993655403581701     
   121.250000000000       0.993655434069837     
   121.500000000000       0.993655464454071     
   121.750000000000       0.993655494734982     
   122.000000000000       0.993655524913147     
   122.250000000000       0.993655554989133     
   122.500000000000       0.993655584963507     
   122.750000000000       0.993655614836830     
   123.000000000000       0.993655644609658     
   123.250000000000       0.993655674282545     
   123.500000000000       0.993655703856039     
   123.750000000000       0.993655733330684     
   124.000000000000       0.993655762707021     
   124.250000000000       0.993655791985586     
   124.500000000000       0.993655821166912     
   124.750000000000       0.993655850251525     
   125.000000000000       0.993655879239950     
   125.250000000000       0.993655908132709     
   125.500000000000       0.993655936930316     
   125.750000000000       0.993655965633284     
   126.000000000000       0.993655994242123     
   126.250000000000       0.993656022757337     
   126.500000000000       0.993656051179427     
   126.750000000000       0.993656079508891     
   127.000000000000       0.993656107746221     
   127.250000000000       0.993656135891910     
   127.500000000000       0.993656163946443     
   127.750000000000       0.993656191910302     
   128.000000000000       0.993656219783968     
   128.250000000000       0.993656247567915     
   128.500000000000       0.993656275262617     
   128.750000000000       0.993656302868543     
   129.000000000000       0.993656330386157     
   129.250000000000       0.993656357815923     
   129.500000000000       0.993656385158299     
   129.750000000000       0.993656412413740     
   130.000000000000       0.993656439582699     
   130.250000000000       0.993656466665625     
   130.500000000000       0.993656493662963     
   130.750000000000       0.993656520575156     
   131.000000000000       0.993656547402644     
   131.250000000000       0.993656574145861     
   131.500000000000       0.993656600805243     
   131.750000000000       0.993656627381218     
   132.000000000000       0.993656653874214     
   132.250000000000       0.993656680284655     
   132.500000000000       0.993656706612962     
   132.750000000000       0.993656732859552     
   133.000000000000       0.993656759024843     
   133.250000000000       0.993656785109244     
   133.500000000000       0.993656811113166     
   133.750000000000       0.993656837037014     
   134.000000000000       0.993656862881192     
   134.250000000000       0.993656888646100     
   134.500000000000       0.993656914332138     
   134.750000000000       0.993656939939699     
   135.000000000000       0.993656965469176     
   135.250000000000       0.993656990920959     
   135.500000000000       0.993657016295435     
   135.750000000000       0.993657041592988     
   136.000000000000       0.993657066814000     
   136.250000000000       0.993657091958850     
   136.500000000000       0.993657117027915     
   136.750000000000       0.993657142021568     
   137.000000000000       0.993657166940180     
   137.250000000000       0.993657191784121     
   137.500000000000       0.993657216553757     
   137.750000000000       0.993657241249451     
   138.000000000000       0.993657265871565     
   138.250000000000       0.993657290420458     
   138.500000000000       0.993657314896486     
   138.750000000000       0.993657339300003     
   139.000000000000       0.993657363631362     
   139.250000000000       0.993657387890911     
   139.500000000000       0.993657412078998     
   139.750000000000       0.993657436195966     
   140.000000000000       0.993657460242159     
   140.250000000000       0.993657484217916     
   140.500000000000       0.993657508123576     
   140.750000000000       0.993657531959473     
   141.000000000000       0.993657555725942     
   141.250000000000       0.993657579423313     
   141.500000000000       0.993657603051916     
   141.750000000000       0.993657626612076     
   142.000000000000       0.993657650104119     
   142.250000000000       0.993657673528368     
   142.500000000000       0.993657696885142     
   142.750000000000       0.993657720174760     
   143.000000000000       0.993657743397538     
   143.250000000000       0.993657766553790     
   143.500000000000       0.993657789643828     
   143.750000000000       0.993657812667963     
   144.000000000000       0.993657835626503     
   144.250000000000       0.993657858519753     
   144.500000000000       0.993657881348017     
   144.750000000000       0.993657904111599     
   145.000000000000       0.993657926810797     
   145.250000000000       0.993657949445911     
   145.500000000000       0.993657972017236     
   145.750000000000       0.993657994525067     
   146.000000000000       0.993658016969697     
   146.250000000000       0.993658039351416     
   146.500000000000       0.993658061670513     
   146.750000000000       0.993658083927275     
   147.000000000000       0.993658106121988     
   147.250000000000       0.993658128254935     
   147.500000000000       0.993658150326398     
   147.750000000000       0.993658172336656     
   148.000000000000       0.993658194285987     
   148.250000000000       0.993658216174668     
   148.500000000000       0.993658238002972     
   148.750000000000       0.993658259771173     
   149.000000000000       0.993658281479542     
   149.250000000000       0.993658303128349     
   149.500000000000       0.993658324717861     
   149.750000000000       0.993658346248343     
   150.000000000000       0.993658367720061     
   150.250000000000       0.993658389133278     
   150.500000000000       0.993658410488253     
   150.750000000000       0.993658431785248     
   151.000000000000       0.993658453024520     
   151.250000000000       0.993658474206325     
   151.500000000000       0.993658495330918     
   151.750000000000       0.993658516398553     
   152.000000000000       0.993658537409481     
   152.250000000000       0.993658558363951     
   152.500000000000       0.993658579262214     
   152.750000000000       0.993658600104515     
   153.000000000000       0.993658620891100     
   153.250000000000       0.993658641622214     
   153.500000000000       0.993658662298099     
   153.750000000000       0.993658682918996     
   154.000000000000       0.993658703485144     
   154.250000000000       0.993658723996782     
   154.500000000000       0.993658744454148     
   154.750000000000       0.993658764857475     
   155.000000000000       0.993658785206998     
   155.250000000000       0.993658805502950     
   155.500000000000       0.993658825745561     
   155.750000000000       0.993658845935062     
   156.000000000000       0.993658866071681     
   156.250000000000       0.993658886155645     
   156.500000000000       0.993658906187180     
   156.750000000000       0.993658926166509     
   157.000000000000       0.993658946093856     
   157.250000000000       0.993658965969442     
   157.500000000000       0.993658985793489     
   157.750000000000       0.993659005566214     
   158.000000000000       0.993659025287837     
   158.250000000000       0.993659044958573     
   158.500000000000       0.993659064578637     
   158.750000000000       0.993659084148244     
   159.000000000000       0.993659103667606     
   159.250000000000       0.993659123136935     
   159.500000000000       0.993659142556441     
   159.750000000000       0.993659161926332     
   160.000000000000       0.993659181246818     
   160.250000000000       0.993659200518104     
   160.500000000000       0.993659219740395     
   160.750000000000       0.993659238913897     
   161.000000000000       0.993659258038811     
   161.250000000000       0.993659277115341     
   161.500000000000       0.993659296143686     
   161.750000000000       0.993659315124046     
   162.000000000000       0.993659334056619     
   162.250000000000       0.993659352941604     
   162.500000000000       0.993659371779195     
   162.750000000000       0.993659390569588     
   163.000000000000       0.993659409312977     
   163.250000000000       0.993659428009555     
   163.500000000000       0.993659446659513     
   163.750000000000       0.993659465263042     
   164.000000000000       0.993659483820332     
   164.250000000000       0.993659502331570     
   164.500000000000       0.993659520796945     
   164.750000000000       0.993659539216642     
   165.000000000000       0.993659557590848     
   165.250000000000       0.993659575919745     
   165.500000000000       0.993659594203518     
   165.750000000000       0.993659612442348     
   166.000000000000       0.993659630636416     
   166.250000000000       0.993659648785904     
   166.500000000000       0.993659666890991     
   166.750000000000       0.993659684951854     
   167.000000000000       0.993659702968671     
   167.250000000000       0.993659720941618     
   167.500000000000       0.993659738870870     
   167.750000000000       0.993659756756600     
   168.000000000000       0.993659774598983     
   168.250000000000       0.993659792398190     
   168.500000000000       0.993659810154393     
   168.750000000000       0.993659827867762     
   169.000000000000       0.993659845538468     
   169.250000000000       0.993659863166677     
   169.500000000000       0.993659880752558     
   169.750000000000       0.993659898296278     
   170.000000000000       0.993659915798003     
   170.250000000000       0.993659933257897     
   170.500000000000       0.993659950676123     
   170.750000000000       0.993659968052847     
   171.000000000000       0.993659985388230     
   171.250000000000       0.993660002682432     
   171.500000000000       0.993660019935614     
   171.750000000000       0.993660037147938     
   172.000000000000       0.993660054319559     
   172.250000000000       0.993660071450637     
   172.500000000000       0.993660088541329     
   172.750000000000       0.993660105591790     
   173.000000000000       0.993660122602177     
   173.250000000000       0.993660139572644     
   173.500000000000       0.993660156503345     
   173.750000000000       0.993660173394432     
   174.000000000000       0.993660190246057     
   174.250000000000       0.993660207058372     
   174.500000000000       0.993660223831527     
   174.750000000000       0.993660240565672     
   175.000000000000       0.993660257260956     
   175.250000000000       0.993660273917526     
   175.500000000000       0.993660290535531     
   175.750000000000       0.993660307115116     
   176.000000000000       0.993660323656427     
   176.250000000000       0.993660340159610     
   176.500000000000       0.993660356624809     
   176.750000000000       0.993660373052165     
   177.000000000000       0.993660389441824     
   177.250000000000       0.993660405793925     
   177.500000000000       0.993660422108612     
   177.750000000000       0.993660438386024     
   178.000000000000       0.993660454626301     
   178.250000000000       0.993660470829581     
   178.500000000000       0.993660486996004     
   178.750000000000       0.993660503125707     
   179.000000000000       0.993660519218827     
   179.250000000000       0.993660535275501     
   179.500000000000       0.993660551295862     
   179.750000000000       0.993660567280047     
   180.000000000000       0.993660583228188     
   180.250000000000       0.993660599140420     
   180.500000000000       0.993660615016876     
   180.750000000000       0.993660630857687     
   181.000000000000       0.993660646662984     
   181.250000000000       0.993660662432899     
   181.500000000000       0.993660678167561     
   181.750000000000       0.993660693867099     
   182.000000000000       0.993660709531643     
   182.250000000000       0.993660725161321     
   182.500000000000       0.993660740756259     
   182.750000000000       0.993660756316584     
   183.000000000000       0.993660771842424     
   183.250000000000       0.993660787333901     
   183.500000000000       0.993660802791143     
   183.750000000000       0.993660818214273     
   184.000000000000       0.993660833603415     
   184.250000000000       0.993660848958690     
   184.500000000000       0.993660864280223     
   184.750000000000       0.993660879568135     
   185.000000000000       0.993660894822545     
   185.250000000000       0.993660910043577     
   185.500000000000       0.993660925231348     
   185.750000000000       0.993660940385979     
   186.000000000000       0.993660955507588     
   186.250000000000       0.993660970596293     
   186.500000000000       0.993660985652211     
   186.750000000000       0.993661000675461     
   187.000000000000       0.993661015666158     
   187.250000000000       0.993661030624417     
   187.500000000000       0.993661045550355     
   187.750000000000       0.993661060444085     
   188.000000000000       0.993661075305722     
   188.250000000000       0.993661090135378     
   188.500000000000       0.993661104933169     
   188.750000000000       0.993661119699205     
   189.000000000000       0.993661134433599     
   189.250000000000       0.993661149136461     
   189.500000000000       0.993661163807904     
   189.750000000000       0.993661178448036     
   190.000000000000       0.993661193056968     
   190.250000000000       0.993661207634809     
   190.500000000000       0.993661222181668     
   190.750000000000       0.993661236697652     
   191.000000000000       0.993661251182869     
   191.250000000000       0.993661265637427     
   191.500000000000       0.993661280061432     
   191.750000000000       0.993661294454989     
   192.000000000000       0.993661308818204     
   192.250000000000       0.993661323151183     
   192.500000000000       0.993661337454030     
   192.750000000000       0.993661351726849     
   193.000000000000       0.993661365969744     
   193.250000000000       0.993661380182817     
   193.500000000000       0.993661394366171     
   193.750000000000       0.993661408519907     
   194.000000000000       0.993661422644129     
   194.250000000000       0.993661436738937     
   194.500000000000       0.993661450804432     
   194.750000000000       0.993661464840713     
   195.000000000000       0.993661478847881     
   195.250000000000       0.993661492826034     
   195.500000000000       0.993661506775271     
   195.750000000000       0.993661520695690     
   196.000000000000       0.993661534587388     
   196.250000000000       0.993661548450465     
   196.500000000000       0.993661562285014     
   196.750000000000       0.993661576091135     
   197.000000000000       0.993661589868922     
   197.250000000000       0.993661603618471     
   197.500000000000       0.993661617339877     
   197.750000000000       0.993661631033234     
   198.000000000000       0.993661644698637     
   198.250000000000       0.993661658336180     
   198.500000000000       0.993661671945955     
   198.750000000000       0.993661685528056     
   199.000000000000       0.993661699082576     
   199.250000000000       0.993661712609606     
   199.500000000000       0.993661726109237     
   199.750000000000       0.993661739581561     
   200.000000000000       0.993661753026668     
   200.250000000000       0.993661766444650     
   200.500000000000       0.993661779835595     
   200.750000000000       0.993661793199593     
   201.000000000000       0.993661806536732     
   201.250000000000       0.993661819847103     
   201.500000000000       0.993661833130793     
   201.750000000000       0.993661846387891     
   202.000000000000       0.993661859618483     
   202.250000000000       0.993661872822656     
   202.500000000000       0.993661886000498     
   202.750000000000       0.993661899152094     
   203.000000000000       0.993661912277530     
   203.250000000000       0.993661925376892     
   203.500000000000       0.993661938450265     
   203.750000000000       0.993661951497734     
   204.000000000000       0.993661964519382     
   204.250000000000       0.993661977515294     
   204.500000000000       0.993661990485554     
   204.750000000000       0.993662003430244     
   205.000000000000       0.993662016349448     
   205.250000000000       0.993662029243248     
   205.500000000000       0.993662042111725     
   205.750000000000       0.993662054954962     
   206.000000000000       0.993662067773040     
   206.250000000000       0.993662080566041     
   206.500000000000       0.993662093334043     
   206.750000000000       0.993662106077128     
   207.000000000000       0.993662118795376     
   207.250000000000       0.993662131488866     
   207.500000000000       0.993662144157678     
   207.750000000000       0.993662156801890     
   208.000000000000       0.993662169421580     
   208.250000000000       0.993662182016828     
   208.500000000000       0.993662194587710     
   208.750000000000       0.993662207134304     
   209.000000000000       0.993662219656687     
   209.250000000000       0.993662232154936     
   209.500000000000       0.993662244629127     
   209.750000000000       0.993662257079338     
   210.000000000000       0.993662269505642     
   210.250000000000       0.993662281908116     
   210.500000000000       0.993662294286835     
   210.750000000000       0.993662306641873     
   211.000000000000       0.993662318973305     
   211.250000000000       0.993662331281205     
   211.500000000000       0.993662343565647     
   211.750000000000       0.993662355826705     
   212.000000000000       0.993662368064450     
   212.250000000000       0.993662380278957     
   212.500000000000       0.993662392470298     
   212.750000000000       0.993662404638546     
   213.000000000000       0.993662416783771     
   213.250000000000       0.993662428906045     
   213.500000000000       0.993662441005440     
   213.750000000000       0.993662453082027     
   214.000000000000       0.993662465135877     
   214.250000000000       0.993662477167059     
   214.500000000000       0.993662489175644     
   214.750000000000       0.993662501161702     
   215.000000000000       0.993662513125302     
   215.250000000000       0.993662525066513     
   215.500000000000       0.993662536985404     
   215.750000000000       0.993662548882042     
   216.000000000000       0.993662560756499     
   216.250000000000       0.993662572608840     
   216.500000000000       0.993662584439133     
   216.750000000000       0.993662596247446     
   217.000000000000       0.993662608033846     
   217.250000000000       0.993662619798401     
   217.500000000000       0.993662631541175     
   217.750000000000       0.993662643262237     
   218.000000000000       0.993662654961651     
   218.250000000000       0.993662666639483     
   218.500000000000       0.993662678295800     
   218.750000000000       0.993662689930666     
   219.000000000000       0.993662701544146     
   219.250000000000       0.993662713136304     
   219.500000000000       0.993662724707204     
   219.750000000000       0.993662736256912     
   220.000000000000       0.993662747785490     
   220.250000000000       0.993662759293003     
   220.500000000000       0.993662770779514     
   220.750000000000       0.993662782245085     
   221.000000000000       0.993662793689780     
   221.250000000000       0.993662805113660     
   221.500000000000       0.993662816516788     
   221.750000000000       0.993662827899225     
   222.000000000000       0.993662839261036     
   222.250000000000       0.993662850602279     
   222.500000000000       0.993662861923016     
   222.750000000000       0.993662873223309     
   223.000000000000       0.993662884503217     
   223.250000000000       0.993662895762802     
   223.500000000000       0.993662907002123     
   223.750000000000       0.993662918221242     
   224.000000000000       0.993662929420216     
   224.250000000000       0.993662940599106     
   224.500000000000       0.993662951757971     
   224.750000000000       0.993662962896870     
   225.000000000000       0.993662974015862     
   225.250000000000       0.993662985115006     
   225.500000000000       0.993662996194358     
   225.750000000000       0.993663007253978     
   226.000000000000       0.993663018293923     
   226.250000000000       0.993663029314251     
   226.500000000000       0.993663040315019     
   226.750000000000       0.993663051296285     
   227.000000000000       0.993663062258104     
   227.250000000000       0.993663073200533     
   227.500000000000       0.993663084123630     
   227.750000000000       0.993663095027450     
   228.000000000000       0.993663105912049     
   228.250000000000       0.993663116777483     
   228.500000000000       0.993663127623807     
   228.750000000000       0.993663138451077     
   229.000000000000       0.993663149259348     
   229.250000000000       0.993663160048674     
   229.500000000000       0.993663170819110     
   229.750000000000       0.993663181570710     
   230.000000000000       0.993663192303529     
   230.250000000000       0.993663203017620     
   230.500000000000       0.993663213713037     
   230.750000000000       0.993663224389835     
   231.000000000000       0.993663235048065     
   231.250000000000       0.993663245687782     
   231.500000000000       0.993663256309038     
   231.750000000000       0.993663266911885     
   232.000000000000       0.993663277496377     
   232.250000000000       0.993663288062564     
   232.500000000000       0.993663298610501     
   232.750000000000       0.993663309140238     
   233.000000000000       0.993663319651827     
   233.250000000000       0.993663330145318     
   233.500000000000       0.993663340620764     
   233.750000000000       0.993663351078216     
   234.000000000000       0.993663361517725     
   234.250000000000       0.993663371939340     
   234.500000000000       0.993663382343114     
   234.750000000000       0.993663392729094     
   235.000000000000       0.993663403097333     
   235.250000000000       0.993663413447880     
   235.500000000000       0.993663423780785     
   235.750000000000       0.993663434096096     
   236.000000000000       0.993663444393862     
   236.250000000000       0.993663454674135     
   236.500000000000       0.993663464936960     
   236.750000000000       0.993663475182389     
   237.000000000000       0.993663485410468     
   237.250000000000       0.993663495621248     
   237.500000000000       0.993663505814775     
   237.750000000000       0.993663515991098     
   238.000000000000       0.993663526150264     
   238.250000000000       0.993663536292321     
   238.500000000000       0.993663546417316     
   238.750000000000       0.993663556525298     
   239.000000000000       0.993663566616311     
   239.250000000000       0.993663576690403     
   239.500000000000       0.993663586747624     
   239.750000000000       0.993663596788017     
   240.000000000000       0.993663606811629     
   240.250000000000       0.993663616818506     
   240.500000000000       0.993663626808694     
   240.750000000000       0.993663636782238     
   241.000000000000       0.993663646739184     
   241.250000000000       0.993663656679579     
   241.500000000000       0.993663666603467     
   241.750000000000       0.993663676510894     
   242.000000000000       0.993663686401903     
   242.250000000000       0.993663696276539     
   242.500000000000       0.993663706134848     
   242.750000000000       0.993663715976874     
   243.000000000000       0.993663725802661     
   243.250000000000       0.993663735612253     
   243.500000000000       0.993663745405694     
   243.750000000000       0.993663755183027     
   244.000000000000       0.993663764944296     
   244.250000000000       0.993663774689546     
   244.500000000000       0.993663784418818     
   244.750000000000       0.993663794132156     
   245.000000000000       0.993663803829604     
   245.250000000000       0.993663813511203     
   245.500000000000       0.993663823176997     
   245.750000000000       0.993663832827027     
   246.000000000000       0.993663842461336     
   246.250000000000       0.993663852079967     
   246.500000000000       0.993663861682961     
   246.750000000000       0.993663871270360     
   247.000000000000       0.993663880842206     
   247.250000000000       0.993663890398540     
   247.500000000000       0.993663899939404     
   247.750000000000       0.993663909464839     
   248.000000000000       0.993663918974885     
   248.250000000000       0.993663928469584     
   248.500000000000       0.993663937948976     
   248.750000000000       0.993663947413103     
   249.000000000000       0.993663956862004     
   249.250000000000       0.993663966295719     
   249.500000000000       0.993663975714290     
   249.750000000000       0.993663985117755     
   250.000000000000       0.993663994506156     
